CASE_ID,LG_OPCODE_DESCRIPTION,LG_LOG_TIME_TIMESTAMP
,Download PDF dalla sezione Cedolini,31-OCT-24 08.44.52.007000 AM
,Dettaglio elenco Cedolini e CU disponibili al download,22-OCT-24 11.56.11.232000 AM
,A valid user enters the MIFID page details of the user would be logged,31-OCT-24 08.56.52.124000 AM
6887.0,Normal user assign new grade for the child while creating a request,08-OCT-24 02.58.45.129000 PM
,A valid user enters the MIFID page details of the user would be logged,31-OCT-24 08.36.26.055000 AM
6199.0,HR user updates the Tipo provvidenza configuration,03-OCT-24 10.40.49.993000 AM
,Dettaglio elenco Cedolini e CU disponibili al download,22-OCT-24 10.58.58.040000 AM
5365.0,HR/Normal user tries to update the answer,08-OCT-24 01.49.30.966000 PM
6199.0,Normal user enters the Provvidenza Figli page,08-OCT-24 02.28.56.162000 PM
13002519.0,Verifica possibilità di accesso a fondo pensione per Scelta Welfare,03-OCT-24 10.45.17.316000 AM
8288.0,Normal user enters the Provvidenza Figli page,08-OCT-24 02.22.16.026000 PM
,Download PDF dalla sezione Cedolini,31-OCT-24 09.48.23.062000 AM
8370.0,HR/Normal user tries to update the answer,08-OCT-24 01.56.46.456000 PM
13002972.0,Verifica possibilità di accesso a fondo pensione per Scelta Welfare,25-OCT-24 10.20.46.223000 AM
8055.0,Normal user enters the Provvidenza Figli page,30-OCT-24 02.31.05.268000 PM
,Download PDF dalla sezione Cedolini,10-OCT-24 09.03.52.138000 AM
7124.0,Normal user enters the Provvidenza Figli page,03-OCT-24 01.22.14.052000 PM
5690.0,HR/Normal user tries to update the answer,08-OCT-24 12.39.58.567000 PM
5859.0,Normal user tries to create new Provvidenza request for a child,03-OCT-24 10.49.00.963000 AM
6723.0,Dettaglio elenco Cedolini e CU disponibili al download,26-OCT-24 10.36.38.160000 AM
6669.0,HR/Normal user tries to update the answer,03-OCT-24 01.20.22.552000 PM
7868.0,HR/Normal user tries to update the answer,03-OCT-24 01.20.39.326000 PM
16589.0,Recupero dettagliutente per Scelta Welfare,30-OCT-24 02.57.22.474000 PM
13002971.0,Recupero dettagliutente per Scelta Welfare,20-OCT-24 06.27.03.972000 PM
5731.0,HR/Normal user tries to update the answer,03-OCT-24 01.17.07.734000 PM
6365.0,Normal / HR user updates the answer,03-OCT-24 01.16.24.955000 PM
17958.0,Verifica possibilità di accesso a fondo pensione per Scelta Welfare,03-OCT-24 01.22.30.649000 PM
6067.0,Normal user enters the Provvidenza Figli page,03-OCT-24 01.21.42.746000 PM
,Dettaglio elenco Cedolini e CU disponibili al download,30-OCT-24 10.25.03.259000 AM
9473.0,HR/Normal user tries to update the answer,03-OCT-24 01.19.14.616000 PM
7813.0,HR/Normal user tries to update the answer,03-OCT-24 01.16.35.120000 PM
5731.0,Normal / HR user updates the answer,03-OCT-24 01.17.01.699000 PM
14669.0,HR/Normal user tries to update the answer,03-OCT-24 01.22.02.496000 PM
,Download PDF dalla sezione Cedolini,26-OCT-24 10.30.45.489000 AM
,Dettaglio elenco Cedolini e CU disponibili al download,25-OCT-24 10.11.28.010000 AM
,Download PDF dalla sezione Cedolini,25-OCT-24 10.12.45.471000 AM
,Download PDF dalla sezione Cedolini,25-OCT-24 10.04.58.223000 AM
7036.0,HR/Normal user tries to update the answer,03-OCT-24 01.22.10.121000 PM
,Dettaglio elenco Cedolini e CU disponibili al download,03-OCT-24 01.21.47.970000 PM
7311.0,HR/Normal user tries to update the answer,03-OCT-24 07.11.32.745000 PM
8023.0,HR/Normal user tries to update the answer,03-OCT-24 01.18.54.645000 PM
5687.0,HR/Normal user tries to update the answer,03-OCT-24 01.18.04.000000 PM
6035.0,HR/Normal user tries to update the answer,03-OCT-24 01.19.01.720000 PM
6035.0,Normal user enters the Provvidenza Figli page,03-OCT-24 01.19.05.236000 PM
6008.0,Normal / HR user updates the answer,03-OCT-24 01.17.43.494000 PM
8350.0,HR/Normal user tries to update the answer,03-OCT-24 01.22.09.402000 PM
6109.0,HR/Normal user tries to update the answer,03-OCT-24 01.21.21.961000 PM
7342.0,HR/Normal user tries to update the answer,03-OCT-24 01.15.58.499000 PM
17789.0,Normal user tries to create new Provvidenza request for a child,03-OCT-24 01.21.47.762000 PM
,Download PDF dalla sezione Cedolini,29-OCT-24 04.15.29.892000 PM
,Dettaglio elenco Cedolini e CU disponibili al download,25-OCT-24 10.43.46.174000 AM
6882.0,HR/Normal user tries to update the answer,03-OCT-24 01.21.47.934000 PM
5721.0,HR/Normal user tries to update the answer,03-OCT-24 01.22.01.112000 PM
6059.0,Normal user enters the Provvidenza Figli page,03-OCT-24 01.19.36.627000 PM
6669.0,Normal user enters the Provvidenza Figli page,03-OCT-24 01.20.35.728000 PM
8088.0,Normal user enters the Provvidenza Figli page,25-OCT-24 10.23.26.707000 AM
6839.0,HR/Normal user tries to update the answer,03-OCT-24 01.17.08.103000 PM
14669.0,Normal user enters the Provvidenza Figli page,03-OCT-24 01.20.05.845000 PM
7044.0,HR/Normal user tries to update the answer,03-OCT-24 07.36.08.765000 PM
6035.0,Normal user enters the Provvidenza Figli page,03-OCT-24 01.17.25.347000 PM
8108.0,HR/Normal user tries to update the answer,03-OCT-24 01.18.54.020000 PM
7232.0,HR/Normal user tries to update the answer,03-OCT-24 01.15.43.783000 PM
7232.0,HR/Normal user tries to update the answer,03-OCT-24 01.16.24.742000 PM
,Dettaglio elenco Cedolini e CU disponibili al download,01-OCT-24 02.51.28.915000 PM
6097.0,HR/Normal user tries to update the answer,03-OCT-24 01.17.30.276000 PM
13001627.0,Normal user tries to create new Provvidenza request for a child,03-OCT-24 01.19.37.669000 PM
17789.0,Normal user assign new grade for the child while creating a request,03-OCT-24 01.20.37.406000 PM
8708.0,Normal / HR user updates the answer,03-OCT-24 01.20.54.761000 PM
,Download PDF dalla sezione Cedolini,25-OCT-24 10.47.40.490000 AM
6219.0,HR/Normal user tries to update the answer,03-OCT-24 01.16.17.519000 PM
6852.0,Normal user enters the Provvidenza Figli page,03-OCT-24 01.20.00.550000 PM
6595.0,Dettaglio elenco Cedolini e CU disponibili al download,30-OCT-24 09.49.11.116000 AM
8088.0,HR/Normal user tries to update the answer,25-OCT-24 10.22.44.540000 AM
,Dettaglio elenco Cedolini e CU disponibili al download,25-OCT-24 10.32.41.977000 AM
6597.0,HR/Normal user tries to update the answer,03-OCT-24 01.16.56.715000 PM
7081.0,Normal user enters the Provvidenza Figli page,03-OCT-24 01.15.28.356000 PM
9403.0,HR/Normal user tries to update the answer,03-OCT-24 01.15.12.063000 PM
5690.0,HR/Normal user tries to update the answer,08-OCT-24 12.39.47.990000 PM
13002831.0,Normal user enters the Provvidenza Figli page,03-OCT-24 01.15.48.774000 PM
6360.0,Normal user tries to create new Provvidenza request for a child,03-OCT-24 01.17.35.060000 PM
6918.0,Normal user assign new grade for the child while creating a request,03-OCT-24 01.16.38.507000 PM
18705.0,HR/Normal user tries to update the answer,03-OCT-24 01.17.04.069000 PM
7601.0,Normal user assign new grade for the child while creating a request,03-OCT-24 01.18.36.176000 PM
,Dettaglio elenco Cedolini e CU disponibili al download,03-OCT-24 01.18.45.277000 PM
,Dettaglio elenco Cedolini e CU disponibili al download,24-OCT-24 03.31.14.278000 PM
,Dettaglio elenco Cedolini e CU disponibili al download,30-OCT-24 10.03.51.773000 AM
5690.0,HR/Normal user tries to update the answer,08-OCT-24 12.41.32.488000 PM
6852.0,HR/Normal user tries to update the answer,03-OCT-24 01.17.53.570000 PM
6882.0,Normal user tries to create new Provvidenza request for a child,03-OCT-24 01.21.38.220000 PM
5690.0,Normal user enters the Provvidenza Figli page,08-OCT-24 12.41.21.690000 PM
7182.0,Normal user enters the Provvidenza Figli page,08-OCT-24 12.32.30.463000 PM
13000340.0,HR/Normal user tries to update the answer,03-OCT-24 01.17.08.804000 PM
5958.0,Normal user enters the Provvidenza Figli page,03-OCT-24 01.19.12.816000 PM
8192.0,HR/Normal user tries to update the answer,03-OCT-24 01.17.37.944000 PM
5462.0,HR/Normal user tries to update the answer,03-OCT-24 01.18.30.532000 PM
7707.0,HR/Normal user tries to update the answer,03-OCT-24 01.21.34.698000 PM
,Dettaglio elenco Cedolini e CU disponibili al download,03-OCT-24 01.21.16.296000 PM
8410.0,Normal user tries to create new Provvidenza request for a child,03-OCT-24 01.17.52.731000 PM
6595.0,Verifica possibilità di accesso a fondo pensione per Scelta Welfare,30-OCT-24 09.50.05.572000 AM
6894.0,HR/Normal user tries to update the answer,03-OCT-24 01.17.50.996000 PM
7124.0,Normal user enters the Provvidenza Figli page,03-OCT-24 01.16.42.650000 PM
6068.0,HR/Normal user tries to update the answer,03-OCT-24 01.22.12.887000 PM
6802.0,Normal user enters the Provvidenza Figli page,03-OCT-24 01.19.51.367000 PM
7263.0,HR tried to update grade,03-OCT-24 01.21.46.362000 PM
5710.0,Normal / HR user updates the answer,03-OCT-24 01.16.07.849000 PM
7151.0,Normal / HR user updates the answer,03-OCT-24 01.18.31.202000 PM
8350.0,Normal user assign new grade for the child while creating a request,03-OCT-24 01.21.59.093000 PM
7458.0,HR/Normal user tries to update the answer,03-OCT-24 01.21.49.812000 PM
6915.0,HR/Normal user tries to update the answer,03-OCT-24 01.15.51.761000 PM
5130.0,HR/Normal user tries to update the answer,03-OCT-24 01.20.32.194000 PM
7081.0,HR/Normal user tries to update the answer,03-OCT-24 01.17.58.894000 PM
8263.0,HR/Normal user tries to update the answer,03-OCT-24 01.21.22.769000 PM
6915.0,Normal user assign new grade for the child while creating a request,03-OCT-24 01.16.15.434000 PM
6360.0,HR/Normal user tries to update the answer,03-OCT-24 01.19.26.994000 PM
5993.0,HR/Normal user tries to update the answer,03-OCT-24 01.19.14.003000 PM
15870.0,HR/Normal user tries to update the answer,03-OCT-24 01.17.00.983000 PM
5993.0,Normal user update grade for a child,03-OCT-24 01.21.27.841000 PM
6597.0,Normal user tries to create new Provvidenza request for a child,03-OCT-24 01.16.52.000000 PM
,Download PDF dalla sezione Cedolini,29-OCT-24 02.21.20.803000 PM
6956.0,HR/Normal user tries to update the answer,03-OCT-24 01.21.38.407000 PM
6811.0,Normal user tries to create new Provvidenza request for a child,03-OCT-24 01.22.36.293000 PM
6486.0,HR/Normal user tries to update the answer,03-OCT-24 01.16.01.462000 PM
6915.0,HR/Normal user tries to update the answer,03-OCT-24 01.15.31.408000 PM
6894.0,Normal user enters the Provvidenza Figli page,03-OCT-24 01.17.08.309000 PM
5849.0,Normal user assign new grade for the child while creating a request,03-OCT-24 07.19.39.163000 PM
5993.0,Normal user tries to create new Provvidenza request for a child,03-OCT-24 01.20.57.574000 PM
13000782.0,Recupero dettagli utente per invio adesione Fondo Nazionale,02-OCT-24 11.29.28.966000 PM
,Download PDF dalla sezione Cedolini,29-OCT-24 02.21.24.829000 PM
17721.0,HR/Normal user tries to update the answer,03-OCT-24 01.18.12.407000 PM
7961.0,Normal user tries to create new Provvidenza request for a child,03-OCT-24 01.16.54.542000 PM
,Download PDF dalla sezione Cedolini,03-OCT-24 01.57.01.446000 AM
10656.0,Verifica possibilità di accesso a fondo pensione per Scelta Welfare,29-OCT-24 02.23.08.475000 PM
7452.0,Verifica possibilità di accesso a fondo pensione per Scelta Welfare,29-OCT-24 02.24.45.836000 PM
,Dettaglio elenco Cedolini e CU disponibili al download,24-OCT-24 03.34.33.430000 PM
6745.0,Normal user tries to create new Provvidenza request for a child,03-OCT-24 08.15.04.336000 PM
6199.0,HR user updates the Tipo provvidenza configuration,03-OCT-24 10.41.35.812000 AM
6349.0,Normal user enters the Provvidenza Figli page,03-OCT-24 09.36.45.891000 PM
,Dettaglio elenco Cedolini e CU disponibili al download,28-OCT-24 10.30.45.911000 AM
6199.0,Normal user enters the Provvidenza Figli page,03-OCT-24 10.52.08.077000 AM
,Download PDF dalla sezione Cedolini,01-OCT-24 01.35.00.726000 PM
13002349.0,Verifica possibilità di accesso a fondo pensione per Scelta Welfare,24-OCT-24 03.57.34.354000 PM
5463.0,Normal user enters the Provvidenza Figli page,03-OCT-24 10.48.57.200000 AM
,Download PDF dalla sezione Cedolini,25-OCT-24 10.42.52.721000 AM
6199.0,HR user tries to load Funzioni Batch,03-OCT-24 10.44.06.421000 AM
5463.0,HR/Normal user tries to update the answer,03-OCT-24 10.48.15.120000 AM
17789.0,Normal user tries to create new Provvidenza request for a child,03-OCT-24 01.20.37.292000 PM
7263.0,HR/Normal user tries to update the answer,03-OCT-24 01.22.07.844000 PM
13002519.0,Recupero dettagli utente per Scelta orario di lavoro,03-OCT-24 10.45.28.388000 AM
,Download PDF dalla sezione Cedolini,01-OCT-24 01.27.29.507000 PM
6088.0,HR/Normal user tries to update the answer,03-OCT-24 01.18.20.179000 PM
5891.0,HR/Normal user tries to update the answer,03-OCT-24 01.17.36.988000 PM
6227.0,HR/Normal user tries to update the answer,03-OCT-24 01.18.32.716000 PM
,Dettaglio elenco Cedolini e CU disponibili al download,25-OCT-24 10.25.31.265000 AM
,Dettaglio elenco Cedolini e CU disponibili al download,28-OCT-24 10.18.29.577000 AM
7434.0,Normal user tries to create new Provvidenza request for a child,03-OCT-24 01.16.20.227000 PM
5868.0,HR/Normal user tries to update the answer,03-OCT-24 01.19.41.439000 PM
5660.0,Normal user enters the Provvidenza Figli page,03-OCT-24 01.15.33.969000 PM
,Download PDF dalla sezione Cedolini,28-OCT-24 10.43.51.476000 AM
6882.0,Normal user tries to create new Provvidenza request for a child,03-OCT-24 01.20.14.632000 PM
7124.0,Normal user assign new grade for the child while creating a request,03-OCT-24 01.18.51.397000 PM
6484.0,Normal user enters the Provvidenza Figli page,08-OCT-24 08.14.10.222000 PM
,Dettaglio elenco Cedolini e CU disponibili al download,25-OCT-24 03.41.44.095000 PM
6219.0,HR/Normal user tries to update the answer,03-OCT-24 01.16.09.849000 PM
,Dettaglio elenco Cedolini e CU disponibili al download,11-OCT-24 09.21.09.732000 AM
,Download PDF dalla sezione Cedolini,28-OCT-24 10.08.55.974000 AM
,Download PDF dalla sezione Cedolini,25-OCT-24 03.45.00.843000 PM
,Download PDF dalla sezione Cedolini,25-OCT-24 03.30.57.183000 PM
6484.0,Normal user enters the Provvidenza Figli page,08-OCT-24 08.15.19.671000 PM
,Dettaglio elenco Cedolini e CU disponibili al download,02-OCT-24 12.29.22.710000 PM
7044.0,HR/Normal user tries to update the answer,03-OCT-24 07.36.43.425000 PM
13002985.0,Verifica possibilità di accesso a fondo pensione per Scelta Welfare,21-OCT-24 12.58.49.459000 PM
,Dettaglio elenco Cedolini e CU disponibili al download,11-OCT-24 10.33.06.563000 AM
13002926.0,Verifica possibilità di accesso a fondo pensione per Scelta Welfare,02-OCT-24 12.08.04.122000 PM
,Download PDF dalla sezione Cedolini,05-OCT-24 10.47.50.870000 PM
,Download PDF dalla sezione Cedolini,11-OCT-24 09.21.12.968000 AM
5434.0,Normal user enters the Provvidenza Figli page,11-OCT-24 10.23.08.924000 AM
,Dettaglio elenco Cedolini e CU disponibili al download,24-OCT-24 01.07.24.013000 PM
6199.0,HR user tries to load Funzioni Batch,17-OCT-24 04.27.53.938000 PM
5111.0,Recupero dettagliutente per Scelta Welfare,24-OCT-24 01.08.49.178000 PM
13002942.0,Recupero dettagliutente per Scelta Welfare,10-OCT-24 06.58.44.168000 AM
,Dettaglio elenco Cedolini e CU disponibili al download,07-OCT-24 01.18.04.410000 PM
6143.0,HR/Normal user tries to update the answer,17-OCT-24 04.41.28.371000 PM
,Dettaglio elenco Cedolini e CU disponibili al download,11-OCT-24 01.36.14.813000 PM
6199.0,HR user updates the Tipo provvidenza configuration,03-OCT-24 10.41.22.714000 AM
,Dettaglio elenco Cedolini e CU disponibili al download,11-OCT-24 02.18.13.354000 PM
6163.0,HR/Normal user tries to update the answer,04-OCT-24 06.51.36.054000 PM
5771.0,Normal user enters the Provvidenza Figli page,04-OCT-24 06.39.46.647000 PM
6163.0,HR/Normal user tries to update the answer,04-OCT-24 06.51.50.432000 PM
,Dettaglio elenco Cedolini e CU disponibili al download,31-OCT-24 12.13.21.724000 PM
8969.0,HR/Normal user tries to update the answer,04-OCT-24 06.20.16.175000 PM
,Dettaglio elenco Cedolini e CU disponibili al download,27-OCT-24 08.15.56.237000 AM
5199.0,Normal user enters the Provvidenza Figli page,16-OCT-24 04.25.43.829000 PM
,Dettaglio elenco Cedolini e CU disponibili al download,23-OCT-24 01.40.39.047000 PM
,A valid user enters the MIFID page details of the user would be logged,31-OCT-24 11.36.24.467000 AM
7852.0,HR/Normal user tries to update the answer,07-OCT-24 02.30.09.464000 PM
5934.0,HR/Normal user tries to update the answer,07-OCT-24 02.11.04.575000 PM
,Dettaglio elenco Cedolini e CU disponibili al download,25-OCT-24 01.52.32.438000 PM
,Dettaglio elenco Cedolini e CU disponibili al download,25-OCT-24 02.05.43.368000 PM
16330.0,Normal user enters the Provvidenza Figli page,31-OCT-24 02.40.44.476000 PM
5622.0,HR/Normal user tries to update the answer,17-OCT-24 08.11.22.184000 AM
15600.0,HR/Normal user tries to update the answer,03-OCT-24 10.08.09.390000 PM
,Download PDF dalla sezione Cedolini,25-OCT-24 12.52.46.877000 PM
16792.0,Recupero dettagliutente per Scelta Welfare,31-OCT-24 12.12.56.932000 PM
5783.0,HR/Normal user tries to update the answer,03-OCT-24 11.48.04.490000 PM
,Dettaglio elenco Cedolini e CU disponibili al download,25-OCT-24 12.48.57.917000 PM
13001109.0,Normal user enters the Provvidenza Figli page,03-OCT-24 10.12.09.697000 PM
,Dettaglio elenco Cedolini e CU disponibili al download,31-OCT-24 02.12.54.806000 PM
,Download PDF dalla sezione Cedolini,25-OCT-24 12.51.41.715000 PM
,Dettaglio elenco Cedolini e CU disponibili al download,24-OCT-24 09.45.04.944000 AM
6003.0,HR/Normal user tries to update the answer,03-OCT-24 10.44.31.363000 PM
,Dettaglio elenco Cedolini e CU disponibili al download,11-OCT-24 12.37.53.933000 PM
6003.0,HR/Normal user tries to update the answer,03-OCT-24 10.45.02.304000 PM
6349.0,HR/Normal user tries to update the answer,03-OCT-24 09.35.30.083000 PM
15649.0,HR/Normal user tries to update the answer,24-OCT-24 09.57.14.567000 AM
13001109.0,Normal user update grade for a child,03-OCT-24 10.12.49.733000 PM
,Dettaglio elenco Cedolini e CU disponibili al download,24-OCT-24 10.51.09.327000 AM
,Download PDF dalla sezione Cedolini,31-OCT-24 12.14.47.148000 PM
,Dettaglio elenco Cedolini e CU disponibili al download,24-OCT-24 04.14.14.694000 PM
6964.0,Normal user assign new grade for the child while creating a request,06-OCT-24 03.43.00.877000 PM
,Dettaglio elenco Cedolini e CU disponibili al download,24-OCT-24 04.47.48.682000 PM
,Dettaglio elenco Cedolini e CU disponibili al download,24-OCT-24 08.10.49.886000 AM
5857.0,Normal user enters the Provvidenza Figli page,31-OCT-24 04.06.11.455000 PM
,Dettaglio elenco Cedolini e CU disponibili al download,24-OCT-24 10.23.11.824000 AM
9545.0,HR/Normal user tries to update the answer,03-OCT-24 06.09.48.999000 PM
9545.0,HR/Normal user tries to update the answer,03-OCT-24 06.10.40.634000 PM
6551.0,HR/Normal user tries to update the answer,03-OCT-24 06.03.00.483000 PM
6238.0,Recupero dettagliutente per Scelta Welfare,25-OCT-24 01.18.42.083000 PM
,Dettaglio elenco Cedolini e CU disponibili al download,25-OCT-24 12.03.23.593000 AM
7276.0,Normal user tries to create new Provvidenza request for a child,03-OCT-24 06.04.38.959000 PM
6181.0,HR/Normal user tries to update the answer,11-OCT-24 12.23.55.950000 PM
15649.0,HR/Normal user tries to update the answer,24-OCT-24 09.57.23.028000 AM
,Download PDF dalla sezione Cedolini,25-OCT-24 01.19.20.386000 PM
13002407.0,Verifica possibilità di accesso a fondo pensione per Scelta Welfare,11-OCT-24 12.41.31.492000 PM
,Dettaglio elenco Cedolini e CU disponibili al download,24-OCT-24 04.20.26.577000 PM
,Dettaglio elenco Cedolini e CU disponibili al download,07-OCT-24 04.23.28.675000 PM
6551.0,HR/Normal user tries to update the answer,03-OCT-24 06.02.50.069000 PM
7276.0,HR/Normal user tries to update the answer,03-OCT-24 06.04.44.640000 PM
7391.0,HR/Normal user tries to update the answer,03-OCT-24 06.14.02.126000 PM
7276.0,Normal user enters the Provvidenza Figli page,03-OCT-24 06.04.36.601000 PM
,Download PDF dalla sezione Cedolini,24-OCT-24 11.10.38.146000 PM
,Download PDF dalla sezione Cedolini,27-OCT-24 11.56.30.558000 AM
13000882.0,HR/Normal user tries to update the answer,06-OCT-24 05.17.58.153000 PM
,Dettaglio elenco Cedolini e CU disponibili al download,24-OCT-24 04.49.51.882000 PM
13000882.0,HR/Normal user tries to update the answer,06-OCT-24 05.17.49.462000 PM
,Dettaglio elenco Cedolini e CU disponibili al download,27-OCT-24 11.56.28.588000 AM
5783.0,HR/Normal user tries to update the answer,03-OCT-24 11.48.44.864000 PM
13000882.0,HR/Normal user tries to update the answer,06-OCT-24 05.17.47.426000 PM
5502.0,Normal user assign new grade for the child while creating a request,07-OCT-24 03.31.10.173000 PM
6843.0,HR/Normal user tries to update the answer,04-OCT-24 12.22.10.755000 PM
6377.0,Normal user enters the Provvidenza Figli page,04-OCT-24 11.53.29.424000 AM
13002401.0,Verifica possibilità di accesso a fondo pensione per Scelta Welfare,30-OCT-24 05.12.44.299000 PM
17709.0,Download PDF dalla sezione Cedolini,01-OCT-24 10.34.29.688000 AM
5925.0,Normal user tries to create new Provvidenza request for a child,09-OCT-24 06.19.44.727000 PM
7801.0,Normal user enters the Provvidenza Figli page,04-OCT-24 11.33.39.285000 AM
6377.0,Normal user tries to create new Provvidenza request for a child,04-OCT-24 11.55.54.302000 AM
5925.0,Normal user assign new grade for the child while creating a request,09-OCT-24 06.19.04.328000 PM
13002985.0,Recupero dettagliutente per Scelta Welfare,21-OCT-24 12.58.49.481000 PM
,Dettaglio elenco Cedolini e CU disponibili al download,04-OCT-24 04.41.00.711000 PM
5980.0,Normal user assign new grade for the child while creating a request,04-OCT-24 04.10.35.626000 PM
,Download PDF dalla sezione Cedolini,04-OCT-24 03.54.04.472000 PM
7932.0,Normal user update grade for a child,04-OCT-24 04.01.24.507000 PM
,Download PDF dalla sezione Cedolini,21-OCT-24 11.07.13.082000 AM
5738.0,HR/Normal user tries to update the answer,04-OCT-24 04.30.09.416000 PM
,Dettaglio elenco Cedolini e CU disponibili al download,04-OCT-24 04.31.45.456000 PM
9635.0,Dettaglio elenco Cedolini e CU disponibili al download,18-OCT-24 12.11.29.831000 PM
5663.0,Normal / HR user updates the answer,03-OCT-24 03.04.32.234000 PM
6335.0,Recupero dettagli utente per Scelta orario di lavoro,04-OCT-24 04.31.40.601000 PM
,Dettaglio elenco Cedolini e CU disponibili al download,02-OCT-24 11.32.06.742000 AM
,Download PDF dalla sezione Cedolini,24-OCT-24 09.24.46.989000 AM
7513.0,HR/Normal user tries to update the answer,04-OCT-24 11.39.01.560000 AM
7932.0,Normal user tries to create new Provvidenza request for a child,04-OCT-24 04.00.42.053000 PM
,Dettaglio elenco Cedolini e CU disponibili al download,03-OCT-24 03.09.40.550000 PM
,Download PDF dalla sezione Cedolini,25-OCT-24 04.15.12.574000 PM
,Dettaglio elenco Cedolini e CU disponibili al download,23-OCT-24 09.05.30.771000 AM
,Download PDF dalla sezione Cedolini,02-OCT-24 11.26.39.777000 AM
8040.0,Normal user enters the Provvidenza Figli page,21-OCT-24 11.54.18.533000 AM
8059.0,Recupero dettagliutente per Scelta Welfare,24-OCT-24 12.40.10.656000 PM
19497.0,HR/Normal user tries to update the answer,07-OCT-24 03.27.23.467000 PM
17987.0,HR/Normal user tries to update the answer,03-OCT-24 03.25.16.614000 PM
7136.0,Normal user enters the Provvidenza Figli page,03-OCT-24 02.55.36.798000 PM
,Dettaglio elenco Cedolini e CU disponibili al download,26-OCT-24 07.46.37.006000 AM
,Dettaglio elenco Cedolini e CU disponibili al download,25-OCT-24 07.47.53.500000 AM
5984.0,HR/Normal user tries to update the answer,03-OCT-24 03.15.54.023000 PM
6122.0,Normal user assign new grade for the child while creating a request,03-OCT-24 02.57.16.285000 PM
,Dettaglio elenco Cedolini e CU disponibili al download,03-OCT-24 03.05.58.064000 PM
6225.0,HR/Normal user tries to update the answer,03-OCT-24 03.08.25.978000 PM
13002580.0,HR/Normal user tries to update the answer,03-OCT-24 03.08.47.513000 PM
7115.0,HR/Normal user tries to update the answer,03-OCT-24 03.08.06.897000 PM
6610.0,Normal user enters the Provvidenza Figli page,03-OCT-24 03.13.19.441000 PM
7941.0,Normal user assign new grade for the child while creating a request,04-OCT-24 05.02.09.972000 PM
,Dettaglio elenco Cedolini e CU disponibili al download,02-OCT-24 10.58.08.615000 AM
13002413.0,HR/Normal user tries to update the answer,03-OCT-24 03.02.01.366000 PM
7448.0,HR/Normal user tries to update the answer,03-OCT-24 02.56.14.664000 PM
7355.0,HR/Normal user tries to update the answer,03-OCT-24 03.09.58.604000 PM
6652.0,HR/Normal user tries to update the answer,03-OCT-24 03.05.27.934000 PM
5199.0,Recupero dettagli utente per Scelta orario di lavoro,16-OCT-24 03.20.44.305000 PM
5954.0,HR/Normal user tries to update the answer,03-OCT-24 03.07.17.217000 PM
13002834.0,HR/Normal user tries to update the answer,03-OCT-24 03.02.33.460000 PM
5526.0,Normal user enters the Provvidenza Figli page,03-OCT-24 03.02.02.071000 PM
,Dettaglio elenco Cedolini e CU disponibili al download,03-OCT-24 03.22.03.850000 PM
6017.0,Normal user assign new grade for the child while creating a request,03-OCT-24 02.55.18.837000 PM
6914.0,Normal user tries to create new Provvidenza request for a child,03-OCT-24 03.11.45.728000 PM
5435.0,Normal user assign new grade for the child while creating a request,03-OCT-24 03.17.34.311000 PM
19323.0,Normal user update grade for a child,03-OCT-24 04.06.09.175000 PM
7759.0,HR/Normal user tries to update the answer,03-OCT-24 03.07.07.880000 PM
5718.0,HR/Normal user tries to update the answer,03-OCT-24 03.16.36.067000 PM
,Dettaglio elenco Cedolini e CU disponibili al download,03-OCT-24 12.21.26.986000 PM
5500.0,Normal user enters the Provvidenza Figli page,03-OCT-24 03.26.35.637000 PM
5611.0,HR/Normal user tries to update the answer,03-OCT-24 02.55.43.019000 PM
6914.0,Normal user tries to create new Provvidenza request for a child,03-OCT-24 03.13.00.267000 PM
6659.0,Normal user assign new grade for the child while creating a request,03-OCT-24 03.23.13.943000 PM
17098.0,HR/Normal user tries to update the answer,03-OCT-24 03.04.26.517000 PM
5451.0,HR/Normal user tries to update the answer,03-OCT-24 03.04.32.630000 PM
6935.0,Normal user enters the Provvidenza Figli page,03-OCT-24 04.11.45.214000 PM
17987.0,HR/Normal user tries to update the answer,03-OCT-24 03.25.09.100000 PM
17098.0,HR/Normal user tries to update the answer,03-OCT-24 03.04.09.950000 PM
7355.0,Normal user assign new grade for the child while creating a request,03-OCT-24 03.09.04.087000 PM
6788.0,HR/Normal user tries to update the answer,03-OCT-24 03.04.14.382000 PM
6103.0,HR/Normal user tries to update the answer,03-OCT-24 03.11.10.155000 PM
13002128.0,HR/Normal user tries to update the answer,03-OCT-24 02.57.21.736000 PM
6361.0,Normal user enters the Provvidenza Figli page,03-OCT-24 03.42.59.452000 PM
9238.0,HR/Normal user tries to update the answer,03-OCT-24 03.56.30.561000 PM
5535.0,Normal user assign new grade for the child while creating a request,03-OCT-24 02.58.59.055000 PM
,Dettaglio elenco Cedolini e CU disponibili al download,01-OCT-24 01.05.33.691000 PM
6361.0,HR/Normal user tries to update the answer,03-OCT-24 03.42.31.339000 PM
13002442.0,Verifica possibilità di accesso a fondo pensione per Scelta Welfare,03-OCT-24 12.04.44.278000 PM
6124.0,HR/Normal user tries to update the answer,03-OCT-24 04.07.48.458000 PM
17052.0,Recupero dettagli utente per Scelta orario di lavoro,21-OCT-24 11.10.29.428000 AM
7042.0,HR/Normal user tries to update the answer,03-OCT-24 03.16.25.995000 PM
5404.0,Normal user enters the Provvidenza Figli page,03-OCT-24 03.19.26.586000 PM
5692.0,HR user tries to load Funzioni Batch,03-OCT-24 03.28.56.316000 PM
13001767.0,Normal user enters the Provvidenza Figli page,07-OCT-24 07.23.09.329000 AM
6987.0,HR/Normal user tries to update the answer,03-OCT-24 03.32.27.428000 PM
6610.0,HR/Normal user tries to update the answer,03-OCT-24 03.09.17.519000 PM
7439.0,Normal user assign new grade for the child while creating a request,03-OCT-24 03.11.55.862000 PM
8088.0,Normal user enters the Provvidenza Figli page,03-OCT-24 03.26.55.327000 PM
7118.0,Normal user assign new grade for the child while creating a request,03-OCT-24 03.20.33.960000 PM
5611.0,HR/Normal user tries to update the answer,03-OCT-24 02.55.58.613000 PM
7115.0,Normal user enters the Provvidenza Figli page,03-OCT-24 03.07.05.510000 PM
7588.0,Normal user assign new grade for the child while creating a request,03-OCT-24 02.58.16.643000 PM
7101.0,HR/Normal user tries to update the answer,03-OCT-24 04.01.00.501000 PM
6046.0,Normal user enters the Provvidenza Figli page,03-OCT-24 03.03.16.222000 PM
8781.0,HR/Normal user tries to update the answer,07-OCT-24 05.43.34.782000 PM
13001783.0,HR tried to update grade,03-OCT-24 03.03.17.890000 PM
,Download PDF dalla sezione Cedolini,26-OCT-24 07.46.39.919000 AM
5404.0,Recupero dettagli utente per invio adesione Fondo Nazionale,03-OCT-24 03.54.57.411000 PM
6159.0,HR/Normal user tries to update the answer,03-OCT-24 04.08.41.748000 PM
6735.0,HR/Normal user tries to update the answer,03-OCT-24 04.02.16.968000 PM
13002580.0,HR/Normal user tries to update the answer,03-OCT-24 03.09.11.391000 PM
17917.0,Normal user enters the Provvidenza Figli page,03-OCT-24 04.01.03.570000 PM
,Dettaglio elenco Cedolini e CU disponibili al download,24-OCT-24 04.50.00.672000 PM
7115.0,Normal user tries to create new Provvidenza request for a child,03-OCT-24 03.07.45.758000 PM
8781.0,Normal user assign new grade for the child while creating a request,07-OCT-24 05.43.57.512000 PM
18554.0,Normal user assign new grade for the child while creating a request,03-OCT-24 03.27.32.903000 PM
6793.0,HR/Normal user tries to update the answer,03-OCT-24 03.27.26.678000 PM
5842.0,HR/Normal user tries to update the answer,03-OCT-24 03.01.59.557000 PM
,Dettaglio elenco Cedolini e CU disponibili al download,24-OCT-24 04.20.37.420000 PM
9238.0,HR/Normal user tries to update the answer,03-OCT-24 03.56.56.085000 PM
6361.0,Normal user tries to create new Provvidenza request for a child,03-OCT-24 03.42.15.961000 PM
,Download PDF dalla sezione Cedolini,30-OCT-24 10.13.31.091000 AM
6124.0,Normal user enters the Provvidenza Figli page,03-OCT-24 04.07.23.087000 PM
17987.0,Normal user enters the Provvidenza Figli page,03-OCT-24 03.25.48.671000 PM
5934.0,HR/Normal user tries to update the answer,07-OCT-24 02.13.23.016000 PM
,Download PDF dalla sezione Cedolini,24-OCT-24 05.21.32.431000 PM
,Download PDF dalla sezione Cedolini,26-OCT-24 09.58.48.953000 AM
6958.0,HR/Normal user tries to update the answer,03-OCT-24 03.10.09.558000 PM
6121.0,HR/Normal user tries to update the answer,03-OCT-24 03.09.19.115000 PM
7852.0,Download PDF dalla sezione Cedolini,07-OCT-24 02.31.46.380000 PM
18116.0,Recupero dettagli utente per invio adesione Fondo Nazionale,30-OCT-24 10.31.12.279000 AM
6204.0,HR/Normal user tries to update the answer,03-OCT-24 04.00.09.898000 PM
,Dettaglio elenco Cedolini e CU disponibili al download,24-OCT-24 04.17.51.768000 PM
,Dettaglio elenco Cedolini e CU disponibili al download,24-OCT-24 04.35.46.826000 PM
6677.0,HR tried to update grade,03-OCT-24 03.48.07.156000 PM
5407.0,Normal user tries to create new Provvidenza request for a child,03-OCT-24 03.09.38.277000 PM
5939.0,Normal user assign new grade for the child while creating a request,03-OCT-24 04.11.49.591000 PM
8781.0,HR/Normal user tries to update the answer,07-OCT-24 05.44.06.963000 PM
8781.0,HR/Normal user tries to update the answer,07-OCT-24 05.43.42.850000 PM
,Dettaglio elenco Cedolini e CU disponibili al download,24-OCT-24 04.10.18.791000 PM
6595.0,Recupero dettagliutente per Scelta Welfare,30-OCT-24 09.50.04.959000 AM
,Download PDF dalla sezione Cedolini,24-OCT-24 05.01.45.159000 PM
5961.0,Normal user tries to create new Provvidenza request for a child,03-OCT-24 03.06.15.802000 PM
5095.0,Normal user enters the Provvidenza Figli page,01-OCT-24 02.43.54.937000 PM
13002949.0,Recupero dettagliutente per Scelta Welfare,07-OCT-24 04.51.14.147000 PM
7916.0,Dettaglio elenco Cedolini e CU disponibili al download,24-OCT-24 05.32.02.852000 PM
6938.0,Normal user tries to create new Provvidenza request for a child,03-OCT-24 09.20.22.120000 PM
7141.0,HR/Normal user tries to update the answer,03-OCT-24 02.57.23.817000 PM
6420.0,HR/Normal user tries to update the answer,07-OCT-24 05.18.48.861000 PM
7916.0,Dettaglio elenco Cedolini e CU disponibili al download,24-OCT-24 05.31.49.068000 PM
6084.0,Normal user tries to create new Provvidenza request for a child,11-OCT-24 04.50.23.611000 PM
6244.0,HR/Normal user tries to update the answer,11-OCT-24 04.32.32.203000 PM
19449.0,Download PDF dalla sezione Cedolini,14-OCT-24 10.31.11.070000 AM
17731.0,HR/Normal user tries to update the answer,14-OCT-24 03.52.45.156000 PM
,Dettaglio elenco Cedolini e CU disponibili al download,24-OCT-24 04.51.34.719000 PM
,Dettaglio elenco Cedolini e CU disponibili al download,30-OCT-24 10.24.44.177000 AM
6124.0,HR/Normal user tries to update the answer,03-OCT-24 04.08.25.297000 PM
6793.0,Normal user enters the Provvidenza Figli page,03-OCT-24 03.50.40.152000 PM
,Accesso alle funzionalità BackOffice di Cedolini e CU per dettaglio PDF caricati per società,24-OCT-24 05.03.43.051000 PM
16731.0,Recupero dettagli utente per invio adesione Fondo Nazionale,25-OCT-24 01.08.30.461000 PM
5948.0,Normal user enters the Provvidenza Figli page,08-OCT-24 01.49.20.174000 PM
5473.0,Normal user enters the Provvidenza Figli page,11-OCT-24 04.22.36.274000 PM
,Download PDF dalla sezione Cedolini,24-OCT-24 04.02.26.968000 PM
,Download PDF dalla sezione Cedolini,24-OCT-24 05.26.37.665000 PM
19449.0,Dettaglio elenco Cedolini e CU disponibili al download,14-OCT-24 10.31.09.620000 AM
,Dettaglio elenco Cedolini e CU disponibili al download,24-OCT-24 04.28.17.349000 PM
7313.0,HR/Normal user tries to update the answer,07-OCT-24 11.58.58.475000 AM
5313.0,Normal user assign new grade for the child while creating a request,03-OCT-24 03.49.26.568000 PM
6928.0,HR tried to update grade,03-OCT-24 03.53.14.285000 PM
,Dettaglio elenco Cedolini e CU disponibili al download,11-OCT-24 04.58.28.259000 PM
,Download PDF dalla sezione Cedolini,24-OCT-24 05.22.53.140000 PM
8288.0,HR/Normal user tries to update the answer,08-OCT-24 02.22.56.776000 PM
,Download PDF dalla sezione Cedolini,07-OCT-24 12.35.09.302000 PM
,Dettaglio elenco Cedolini e CU disponibili al download,01-OCT-24 02.34.20.084000 PM
,Dettaglio elenco Cedolini e CU disponibili al download,24-OCT-24 06.29.46.196000 PM
5581.0,Normal user enters the Provvidenza Figli page,07-OCT-24 08.45.40.714000 AM
6000.0,HR/Normal user tries to update the answer,04-OCT-24 09.59.10.873000 PM
,Download PDF dalla sezione Cedolini,11-OCT-24 07.05.32.828000 PM
13000882.0,Recupero dettagliutente per Scelta Welfare,07-OCT-24 12.34.25.323000 PM
13002735.0,Verifica possibilità di accesso a fondo pensione per Scelta Welfare,13-OCT-24 09.35.05.083000 PM
5757.0,HR/Normal user tries to update the answer,07-OCT-24 12.54.41.055000 PM
13002562.0,Verifica possibilità di accesso a fondo pensione per Scelta Welfare,16-OCT-24 12.59.45.960000 PM
5811.0,Normal user tries to create new Provvidenza request for a child,07-OCT-24 08.42.02.026000 AM
6979.0,Normal user enters the Provvidenza Figli page,07-OCT-24 12.57.55.601000 PM
5945.0,Normal user assign new grade for the child while creating a request,07-OCT-24 12.47.16.203000 PM
8370.0,HR/Normal user tries to update the answer,08-OCT-24 02.03.18.800000 PM
,Dettaglio elenco Cedolini e CU disponibili al download,07-OCT-24 01.04.57.008000 PM
5555.0,Normal user tries to create new Provvidenza request for a child,07-OCT-24 12.27.40.526000 PM
5647.0,Normal user tries to create new Provvidenza request for a child,07-OCT-24 12.59.38.067000 PM
15649.0,Normal user enters the Provvidenza Figli page,24-OCT-24 09.56.54.128000 AM
8288.0,Normal user tries to create new Provvidenza request for a child,08-OCT-24 02.22.24.719000 PM
13002930.0,Verifica possibilità di accesso a fondo pensione per Scelta Welfare,13-OCT-24 10.55.14.865000 PM
6181.0,HR/Normal user tries to update the answer,11-OCT-24 12.23.50.596000 PM
7792.0,Normal user enters the Provvidenza Figli page,07-OCT-24 11.54.25.696000 AM
5365.0,HR/Normal user tries to update the answer,08-OCT-24 01.49.59.375000 PM
9204.0,Normal user enters the Provvidenza Figli page,07-OCT-24 12.26.41.168000 PM
13002986.0,Verifica possibilità di accesso a fondo pensione per Scelta Welfare,28-OCT-24 03.38.49.825000 PM
7276.0,HR/Normal user tries to update the answer,03-OCT-24 06.04.47.036000 PM
6979.0,Normal user enters the Provvidenza Figli page,07-OCT-24 12.52.06.770000 PM
13002973.0,Verifica possibilità di accesso a fondo pensione per Scelta Welfare,25-OCT-24 02.37.21.149000 PM
6252.0,HR/Normal user tries to update the answer,07-OCT-24 08.13.35.571000 AM
8264.0,Normal user enters the Provvidenza Figli page,03-OCT-24 05.44.38.730000 PM
6979.0,HR/Normal user tries to update the answer,07-OCT-24 12.54.04.437000 PM
5590.0,Normal user tries to create new Provvidenza request for a child,07-OCT-24 08.28.24.754000 AM
,Dettaglio elenco Cedolini e CU disponibili al download,24-OCT-24 04.05.59.878000 PM
5590.0,Normal user tries to create new Provvidenza request for a child,07-OCT-24 08.26.47.403000 AM
13002974.0,Recupero dettagli utente per Scelta orario di lavoro,28-OCT-24 03.40.51.134000 PM
,Dettaglio elenco Cedolini e CU disponibili al download,24-OCT-24 10.43.38.718000 AM
,Dettaglio elenco Cedolini e CU disponibili al download,07-OCT-24 08.54.45.199000 AM
,Download PDF dalla sezione Cedolini,30-OCT-24 11.01.09.028000 AM
5590.0,HR tried to update grade,07-OCT-24 08.26.51.100000 AM
7506.0,HR/Normal user tries to update the answer,06-OCT-24 08.11.57.091000 PM
5811.0,Normal user update grade for a child,07-OCT-24 08.54.42.580000 AM
5581.0,HR/Normal user tries to update the answer,07-OCT-24 08.46.29.314000 AM
6252.0,HR/Normal user tries to update the answer,07-OCT-24 08.13.06.150000 AM
5706.0,Dettaglio elenco Cedolini e CU disponibili al download,28-OCT-24 04.10.25.431000 PM
6084.0,Normal user enters the Provvidenza Figli page,11-OCT-24 04.50.20.757000 PM
7978.0,Dettaglio elenco Cedolini e CU disponibili al download,28-OCT-24 04.25.59.159000 PM
6244.0,HR tried to update grade,11-OCT-24 04.31.42.517000 PM
9966.0,Normal user assign new grade for the child while creating a request,03-OCT-24 05.43.46.309000 PM
5590.0,HR/Normal user tries to update the answer,07-OCT-24 08.27.37.627000 AM
,Download PDF dalla sezione Cedolini,25-OCT-24 03.29.57.904000 PM
19449.0,Download PDF dalla sezione Cedolini,28-OCT-24 04.10.53.196000 PM
5473.0,HR/Normal user tries to update the answer,11-OCT-24 04.24.32.329000 PM
7575.0,Dettaglio elenco Cedolini e CU disponibili al download,28-OCT-24 04.50.02.164000 PM
,Dettaglio elenco Cedolini e CU disponibili al download,28-OCT-24 04.38.18.917000 PM
6551.0,Normal user tries to create new Provvidenza request for a child,03-OCT-24 05.54.37.849000 PM
6905.0,HR/Normal user tries to update the answer,07-OCT-24 08.51.58.426000 AM
7375.0,HR/Normal user tries to update the answer,03-OCT-24 05.29.37.473000 PM
6252.0,HR/Normal user tries to update the answer,07-OCT-24 08.13.43.402000 AM
5647.0,HR/Normal user tries to update the answer,07-OCT-24 01.00.40.397000 PM
7375.0,HR/Normal user tries to update the answer,03-OCT-24 05.29.49.630000 PM
13002935.0,Normal user enters the Provvidenza Figli page,01-OCT-24 10.06.46.118000 AM
9966.0,Normal user enters the Provvidenza Figli page,03-OCT-24 05.45.43.326000 PM
5681.0,HR/Normal user tries to update the answer,03-OCT-24 07.03.05.600000 PM
5817.0,Normal user enters the Provvidenza Figli page,03-OCT-24 05.52.03.758000 PM
6199.0,Normal user enters the Provvidenza Figli page,28-OCT-24 04.38.31.988000 PM
,Download PDF dalla sezione Cedolini,24-OCT-24 12.24.21.964000 PM
,Dettaglio elenco Cedolini e CU disponibili al download,21-OCT-24 03.55.42.177000 PM
5817.0,Normal user enters the Provvidenza Figli page,03-OCT-24 05.48.42.818000 PM
5817.0,Dettaglio elenco Cedolini e CU disponibili al download,03-OCT-24 05.52.05.616000 PM
,Dettaglio elenco Cedolini e CU disponibili al download,28-OCT-24 04.40.53.463000 PM
,Dettaglio elenco Cedolini e CU disponibili al download,01-OCT-24 12.04.03.300000 PM
6119.0,HR/Normal user tries to update the answer,03-OCT-24 06.14.51.430000 PM
6913.0,Dettaglio elenco Cedolini e CU disponibili al download,28-OCT-24 04.34.04.620000 PM
6119.0,Normal user enters the Provvidenza Figli page,03-OCT-24 06.11.42.968000 PM
7391.0,Normal user enters the Provvidenza Figli page,03-OCT-24 06.12.55.289000 PM
,Dettaglio elenco Cedolini e CU disponibili al download,25-OCT-24 02.25.54.895000 PM
,Download PDF dalla sezione Cedolini,30-OCT-24 04.58.39.208000 PM
,Dettaglio elenco Cedolini e CU disponibili al download,24-OCT-24 12.13.00.787000 PM
,Dettaglio elenco Cedolini e CU disponibili al download,28-OCT-24 04.17.45.733000 PM
5590.0,HR/Normal user tries to update the answer,07-OCT-24 08.28.42.199000 AM
,Download PDF dalla sezione Cedolini,01-OCT-24 10.17.04.012000 AM
,Download PDF dalla sezione Cedolini,25-OCT-24 12.38.04.563000 AM
13001244.0,Verifica possibilità di accesso a fondo pensione per Scelta Welfare,03-OCT-24 06.17.17.142000 PM
8264.0,Normal user assign new grade for the child while creating a request,03-OCT-24 05.43.35.253000 PM
13002994.0,Verifica possibilità di accesso a fondo pensione per Scelta Welfare,25-OCT-24 03.35.40.568000 PM
6982.0,HR/Normal user tries to update the answer,07-OCT-24 08.10.32.454000 AM
5927.0,HR/Normal user tries to update the answer,07-OCT-24 08.38.35.138000 AM
10871.0,HR/Normal user tries to update the answer,03-OCT-24 06.20.30.938000 PM
6130.0,Dettaglio elenco Cedolini e CU disponibili al download,28-OCT-24 04.35.37.001000 PM
13002729.0,HR/Normal user tries to update the answer,16-OCT-24 10.53.38.554000 AM
5712.0,HR/Normal user tries to update the answer,03-OCT-24 05.35.00.501000 PM
5473.0,Normal user enters the Provvidenza Figli page,11-OCT-24 05.02.37.335000 PM
6982.0,Normal user assign new grade for the child while creating a request,07-OCT-24 08.10.22.516000 AM
6199.0,HR user update the status from Back office,09-OCT-24 05.12.49.073000 PM
,Dettaglio elenco Cedolini e CU disponibili al download,28-OCT-24 04.13.09.570000 PM
13000264.0,Recupero dettagliutente per Scelta Welfare,24-OCT-24 12.17.58.417000 PM
6371.0,HR/Normal user tries to update the answer,03-OCT-24 06.37.57.315000 PM
7391.0,HR/Normal user tries to update the answer,03-OCT-24 06.14.12.085000 PM
,Dettaglio elenco Cedolini e CU disponibili al download,30-OCT-24 05.30.53.684000 PM
,Download PDF dalla sezione Cedolini,24-OCT-24 12.12.39.284000 PM
10871.0,Normal user enters the Provvidenza Figli page,03-OCT-24 06.20.44.027000 PM
7311.0,Normal user tries to create new Provvidenza request for a child,03-OCT-24 07.10.41.343000 PM
,Download PDF dalla sezione Cedolini,29-OCT-24 12.39.45.693000 PM
5681.0,Normal user tries to create new Provvidenza request for a child,03-OCT-24 07.02.57.962000 PM
7066.0,HR/Normal user tries to update the answer,06-OCT-24 04.08.36.212000 PM
5681.0,Normal user assign new grade for the child while creating a request,03-OCT-24 07.01.59.607000 PM
14621.0,Normal user update grade for a child,28-OCT-24 03.42.14.444000 PM
13001545.0,Verifica possibilità di accesso a fondo pensione per Scelta Welfare,29-OCT-24 12.57.51.463000 PM
6841.0,HR/Normal user tries to update the answer,03-OCT-24 06.35.22.496000 PM
6947.0,Normal user assign new grade for the child while creating a request,09-OCT-24 05.26.33.007000 PM
,Download PDF dalla sezione Cedolini,29-OCT-24 12.57.57.323000 PM
,Download PDF dalla sezione Cedolini,28-OCT-24 04.38.56.009000 PM
,Download PDF dalla sezione Cedolini,29-OCT-24 12.42.02.476000 PM
,Dettaglio elenco Cedolini e CU disponibili al download,01-OCT-24 10.31.50.802000 AM
6947.0,HR/Normal user tries to update the answer,09-OCT-24 05.26.50.491000 PM
6709.0,Normal user enters the Provvidenza Figli page,02-OCT-24 04.34.27.428000 PM
6822.0,Normal user tries to create new Provvidenza request for a child,09-OCT-24 05.00.04.197000 PM
,Dettaglio elenco Cedolini e CU disponibili al download,02-OCT-24 04.34.54.071000 PM
13002124.0,Recupero dettagliutente per Scelta Welfare,29-OCT-24 12.37.36.520000 PM
,Dettaglio elenco Cedolini e CU disponibili al download,01-OCT-24 10.16.27.171000 AM
5222.0,Normal user enters the Provvidenza Figli page,22-OCT-24 06.06.24.696000 AM
6199.0,Normal user enters the Provvidenza Figli page,09-OCT-24 04.42.59.154000 PM
8423.0,Normal user enters the Provvidenza Figli page,29-OCT-24 08.19.31.405000 AM
8136.0,Recupero dettagli utente per Scelta orario di lavoro,03-OCT-24 04.59.20.244000 PM
,Download PDF dalla sezione Cedolini,01-OCT-24 09.47.47.771000 AM
13002829.0,Recupero dettagliutente per Scelta Welfare,24-OCT-24 01.26.39.295000 PM
5339.0,Dettaglio elenco Cedolini e CU disponibili al download,29-OCT-24 09.01.56.677000 AM
7690.0,Dettaglio elenco Cedolini e CU disponibili al download,29-OCT-24 08.57.34.310000 AM
5601.0,Normal user enters the Provvidenza Figli page,03-OCT-24 04.59.51.918000 PM
,Dettaglio elenco Cedolini e CU disponibili al download,24-OCT-24 01.50.51.654000 PM
6774.0,HR/Normal user tries to update the answer,09-OCT-24 05.25.25.179000 PM
9737.0,HR/Normal user tries to update the answer,09-OCT-24 11.26.27.820000 AM
7599.0,HR/Normal user tries to update the answer,10-OCT-24 02.44.13.223000 PM
13002930.0,Normal user enters the Provvidenza Figli page,05-OCT-24 02.20.58.201000 PM
7066.0,Normal user enters the Provvidenza Figli page,06-OCT-24 04.07.28.114000 PM
,Download PDF dalla sezione Cedolini,04-OCT-24 02.49.19.716000 PM
7098.0,Recupero dettagli utente per Scelta orario di lavoro,11-OCT-24 09.24.23.024000 AM
,Download PDF dalla sezione Cedolini,23-OCT-24 10.02.12.235000 AM
,Dettaglio elenco Cedolini e CU disponibili al download,04-OCT-24 03.38.28.352000 PM
7149.0,HR/Normal user tries to update the answer,04-OCT-24 03.15.38.072000 PM
13001060.0,HR/Normal user tries to update the answer,04-OCT-24 04.08.17.512000 PM
19481.0,HR/Normal user tries to update the answer,04-OCT-24 02.55.03.493000 PM
5500.0,Normal / HR user updates the answer,03-OCT-24 03.26.26.065000 PM
13002682.0,Recupero dettagliutente per Scelta Welfare,02-OCT-24 11.13.41.573000 AM
,Download PDF dalla sezione Cedolini,29-OCT-24 09.07.07.345000 AM
7098.0,Dettaglio elenco Cedolini e CU disponibili al download,11-OCT-24 09.17.31.895000 AM
,Dettaglio elenco Cedolini e CU disponibili al download,04-OCT-24 02.48.01.615000 PM
6465.0,Normal user tries to create new Provvidenza request for a child,03-OCT-24 03.21.52.198000 PM
6733.0,Normal / HR user updates the answer,09-OCT-24 12.00.20.630000 PM
13000882.0,Normal user enters the Provvidenza Figli page,06-OCT-24 05.18.31.848000 PM
7059.0,HR/Normal user tries to update the answer,10-OCT-24 02.47.43.280000 PM
9233.0,Normal user enters the Provvidenza Figli page,03-OCT-24 03.21.10.651000 PM
6677.0,HR/Normal user tries to update the answer,03-OCT-24 03.48.12.811000 PM
7266.0,Normal user enters the Provvidenza Figli page,06-OCT-24 05.20.59.905000 PM
,Download PDF dalla sezione Cedolini,11-OCT-24 09.33.10.159000 AM
13002993.0,Recupero dettagli utente per invio adesione Fondo Nazionale,29-OCT-24 08.59.19.748000 AM
7118.0,HR/Normal user tries to update the answer,03-OCT-24 03.20.40.778000 PM
,Dettaglio elenco Cedolini e CU disponibili al download,29-OCT-24 09.01.07.686000 AM
8763.0,Recupero dettagli utente per Scelta orario di lavoro,02-OCT-24 11.26.59.833000 AM
5434.0,HR/Normal user tries to update the answer,11-OCT-24 10.25.16.228000 AM
,Dettaglio elenco Cedolini e CU disponibili al download,03-OCT-24 03.46.57.805000 PM
5500.0,Normal user enters the Provvidenza Figli page,03-OCT-24 03.25.56.155000 PM
6361.0,HR/Normal user tries to update the answer,03-OCT-24 03.42.21.941000 PM
5658.0,Normal user tries to create new Provvidenza request for a child,03-OCT-24 03.26.26.587000 PM
,Dettaglio elenco Cedolini e CU disponibili al download,04-OCT-24 03.02.26.670000 PM
7066.0,HR/Normal user tries to update the answer,06-OCT-24 04.08.20.683000 PM
10389.0,Normal user assign new grade for the child while creating a request,03-OCT-24 03.34.33.360000 PM
5714.0,HR/Normal user tries to update the answer,03-OCT-24 03.32.44.623000 PM
,Download PDF dalla sezione Cedolini,02-OCT-24 11.39.22.167000 AM
6987.0,HR/Normal user tries to update the answer,03-OCT-24 03.31.42.144000 PM
6677.0,Normal user enters the Provvidenza Figli page,03-OCT-24 03.47.27.555000 PM
6735.0,HR/Normal user tries to update the answer,03-OCT-24 04.02.10.908000 PM
5850.0,HR/Normal user tries to update the answer,03-OCT-24 03.38.30.941000 PM
15308.0,Normal user tries to create new Provvidenza request for a child,04-OCT-24 03.19.26.194000 PM
6735.0,Normal user assign new grade for the child while creating a request,03-OCT-24 04.01.45.782000 PM
9233.0,HR/Normal user tries to update the answer,03-OCT-24 03.19.49.853000 PM
6474.0,Normal user enters the Provvidenza Figli page,03-OCT-24 03.46.16.343000 PM
13001994.0,Normal / HR user updates the answer,03-OCT-24 03.57.17.995000 PM
6366.0,HR/Normal user tries to update the answer,03-OCT-24 03.45.45.172000 PM
,Download PDF dalla sezione Cedolini,03-OCT-24 03.22.58.462000 PM
13001798.0,Normal user enters the Provvidenza Figli page,03-OCT-24 03.42.33.595000 PM
5658.0,Normal user enters the Provvidenza Figli page,03-OCT-24 03.26.23.509000 PM
,Download PDF dalla sezione Cedolini,11-OCT-24 10.33.42.955000 AM
7203.0,HR/Normal user tries to update the answer,03-OCT-24 03.46.25.861000 PM
6390.0,HR/Normal user tries to update the answer,10-OCT-24 03.20.25.848000 PM
15319.0,HR/Normal user tries to update the answer,04-OCT-24 03.16.40.720000 PM
,Dettaglio elenco Cedolini e CU disponibili al download,29-OCT-24 08.24.00.410000 AM
5942.0,Normal user enters the Provvidenza Figli page,03-OCT-24 03.52.54.030000 PM
7864.0,Normal user tries to create new Provvidenza request for a child,03-OCT-24 03.32.45.694000 PM
6474.0,HR/Normal user tries to update the answer,03-OCT-24 03.49.25.888000 PM
6400.0,HR/Normal user tries to update the answer,03-OCT-24 03.40.10.502000 PM
13002442.0,Recupero dettagliutente per Scelta Welfare,03-OCT-24 12.04.43.560000 PM
6735.0,Normal user assign new grade for the child while creating a request,03-OCT-24 04.03.34.185000 PM
5727.0,Normal user enters the Provvidenza Figli page,09-OCT-24 08.05.05.834000 AM
17987.0,Normal user tries to create new Provvidenza request for a child,03-OCT-24 03.24.01.710000 PM
6900.0,Normal user assign new grade for the child while creating a request,04-OCT-24 03.40.06.513000 PM
9238.0,HR/Normal user tries to update the answer,03-OCT-24 03.55.38.929000 PM
18618.0,Verifica possibilità di accesso a fondo pensione per Scelta Welfare,28-OCT-24 01.31.28.505000 PM
6928.0,HR/Normal user tries to update the answer,03-OCT-24 03.53.36.937000 PM
6793.0,HR/Normal user tries to update the answer,03-OCT-24 03.27.03.414000 PM
6037.0,Normal user tries to create new Provvidenza request for a child,08-OCT-24 05.35.55.160000 PM
13001316.0,Normal / HR user updates the answer,03-OCT-24 03.44.04.326000 PM
5664.0,HR/Normal user tries to update the answer,23-OCT-24 11.33.35.986000 AM
6037.0,HR/Normal user tries to update the answer,08-OCT-24 05.36.55.285000 PM
8203.0,Normal user assign new grade for the child while creating a request,03-OCT-24 03.20.05.464000 PM
5727.0,HR/Normal user tries to update the answer,09-OCT-24 08.04.42.685000 AM
5885.0,Normal user enters the Provvidenza Figli page,03-OCT-24 03.58.46.400000 PM
7355.0,Normal user tries to create new Provvidenza request for a child,03-OCT-24 03.09.03.825000 PM
5902.0,HR/Normal user tries to update the answer,03-OCT-24 03.30.24.605000 PM
5535.0,HR/Normal user tries to update the answer,03-OCT-24 03.02.52.467000 PM
6793.0,HR/Normal user tries to update the answer,03-OCT-24 03.27.12.694000 PM
,Dettaglio elenco Cedolini e CU disponibili al download,25-OCT-24 08.10.29.921000 AM
5718.0,Normal user enters the Provvidenza Figli page,03-OCT-24 03.16.14.336000 PM
5842.0,HR/Normal user tries to update the answer,03-OCT-24 03.01.34.551000 PM
,Download PDF dalla sezione Cedolini,25-OCT-24 08.07.26.277000 AM
8318.0,HR/Normal user tries to update the answer,03-OCT-24 03.26.44.154000 PM
6813.0,HR/Normal user tries to update the answer,03-OCT-24 02.55.18.397000 PM
5790.0,HR/Normal user tries to update the answer,03-OCT-24 02.59.08.176000 PM
6199.0,Normal user enters the Provvidenza Figli page,10-OCT-24 09.44.02.188000 AM
,Dettaglio elenco Cedolini e CU disponibili al download,23-OCT-24 12.49.37.778000 PM
,Download PDF dalla sezione Cedolini,25-OCT-24 08.10.19.948000 PM
5319.0,Normal user enters the Provvidenza Figli page,18-OCT-24 04.05.25.719000 PM
6474.0,HR/Normal user tries to update the answer,03-OCT-24 03.49.13.123000 PM
13001184.0,Normal user update grade for a child,18-OCT-24 04.05.34.689000 PM
6718.0,Normal user enters the Provvidenza Figli page,03-OCT-24 03.02.48.926000 PM
6652.0,HR/Normal user tries to update the answer,03-OCT-24 03.04.33.109000 PM
5404.0,HR/Normal user tries to update the answer,03-OCT-24 03.19.11.878000 PM
,Download PDF dalla sezione Cedolini,10-OCT-24 10.38.12.718000 AM
7985.0,HR/Normal user tries to update the answer,10-OCT-24 09.32.11.302000 AM
7985.0,Recupero dettagliutente per Scelta Welfare,10-OCT-24 09.38.16.677000 AM
13001184.0,HR/Normal user tries to update the answer,18-OCT-24 04.06.08.798000 PM
5926.0,HR/Normal user tries to update the answer,10-OCT-24 09.30.28.612000 AM
6928.0,Normal user assign new grade for the child while creating a request,03-OCT-24 03.52.56.718000 PM
6849.0,HR/Normal user tries to update the answer,03-OCT-24 03.38.42.318000 PM
13002973.0,Verifica possibilità di accesso a fondo pensione per Scelta Welfare,18-OCT-24 04.36.48.500000 PM
,Dettaglio elenco Cedolini e CU disponibili al download,29-OCT-24 09.58.23.538000 PM
10677.0,Normal user tries to create new Provvidenza request for a child,07-OCT-24 09.44.05.085000 AM
13002973.0,Verifica possibilità di accesso a fondo pensione per Scelta Welfare,18-OCT-24 04.36.40.644000 PM
,Download PDF dalla sezione Cedolini,02-OCT-24 04.09.25.653000 PM
6199.0,Normal user enters the Provvidenza Figli page,10-OCT-24 09.54.01.426000 AM
,Dettaglio elenco Cedolini e CU disponibili al download,28-OCT-24 10.52.34.696000 AM
13002973.0,Recupero dettagliutente per Scelta Welfare,18-OCT-24 04.33.18.634000 PM
5313.0,Normal user tries to create new Provvidenza request for a child,03-OCT-24 03.50.52.722000 PM
8388.0,Normal user enters the Provvidenza Figli page,07-OCT-24 10.21.22.193000 AM
,Download PDF dalla sezione Cedolini,28-OCT-24 10.52.28.916000 AM
5758.0,HR/Normal user tries to update the answer,07-OCT-24 10.28.10.219000 AM
5885.0,Normal user enters the Provvidenza Figli page,08-OCT-24 04.43.41.392000 PM
6058.0,HR/Normal user tries to update the answer,07-OCT-24 10.17.55.228000 AM
,Download PDF dalla sezione Cedolini,01-OCT-24 02.44.40.307000 PM
,Dettaglio elenco Cedolini e CU disponibili al download,01-OCT-24 04.13.01.182000 PM
5516.0,Normal user enters the Provvidenza Figli page,11-OCT-24 08.30.18.662000 PM
5874.0,Normal user enters the Provvidenza Figli page,07-OCT-24 09.40.58.115000 AM
5336.0,Normal user enters the Provvidenza Figli page,01-OCT-24 04.34.42.085000 PM
7885.0,Normal user assign new grade for the child while creating a request,07-OCT-24 10.04.54.753000 AM
7885.0,Normal / HR user updates the answer,07-OCT-24 10.05.38.494000 AM
7283.0,HR/Normal user tries to update the answer,07-OCT-24 10.30.40.336000 AM
6626.0,Normal user tries to create new Provvidenza request for a child,07-OCT-24 09.59.55.099000 AM
6335.0,Normal user assign new grade for the child while creating a request,11-OCT-24 07.55.31.907000 PM
13000649.0,Recupero dettagliutente per Scelta Welfare,11-OCT-24 10.57.14.332000 AM
6037.0,Normal user enters the Provvidenza Figli page,08-OCT-24 05.35.51.585000 PM
6058.0,HR/Normal user tries to update the answer,07-OCT-24 10.20.16.262000 AM
,A valid user enters the MIFID page details of the user would be logged,01-OCT-24 04.30.10.657000 PM
6037.0,Normal user tries to create new Provvidenza request for a child,08-OCT-24 05.36.20.122000 PM
,Download PDF dalla sezione Cedolini,14-OCT-24 10.37.23.338000 AM
,Download PDF dalla sezione Cedolini,14-OCT-24 10.42.24.446000 AM
6998.0,Normal user enters the Provvidenza Figli page,14-OCT-24 04.30.19.464000 PM
6058.0,HR tried to update grade,07-OCT-24 10.19.40.565000 AM
6058.0,HR/Normal user tries to update the answer,07-OCT-24 10.17.58.111000 AM
7985.0,Normal user enters the Provvidenza Figli page,10-OCT-24 09.39.17.818000 AM
15738.0,Verifica possibilità di accesso a fondo pensione per Scelta Welfare,15-OCT-24 02.37.10.115000 PM
6037.0,HR tried to update grade,08-OCT-24 05.36.02.625000 PM
5533.0,HR/Normal user tries to update the answer,08-OCT-24 05.12.51.527000 PM
5533.0,HR/Normal user tries to update the answer,08-OCT-24 05.12.55.572000 PM
8163.0,Normal user enters the Provvidenza Figli page,08-OCT-24 05.09.13.971000 PM
6626.0,HR/Normal user tries to update the answer,07-OCT-24 10.00.30.838000 AM
5492.0,Normal user enters the Provvidenza Figli page,14-OCT-24 05.14.28.689000 PM
,Dettaglio elenco Cedolini e CU disponibili al download,10-OCT-24 09.33.47.413000 AM
,Dettaglio elenco Cedolini e CU disponibili al download,21-OCT-24 12.38.06.628000 PM
,Download PDF dalla sezione Cedolini,25-OCT-24 08.28.47.873000 AM
,Dettaglio elenco Cedolini e CU disponibili al download,21-OCT-24 12.38.12.845000 PM
,Dettaglio elenco Cedolini e CU disponibili al download,25-OCT-24 09.12.16.120000 AM
,Download PDF dalla sezione Cedolini,25-OCT-24 09.12.09.892000 AM
,Dettaglio elenco Cedolini e CU disponibili al download,25-OCT-24 09.04.48.327000 AM
,Download PDF dalla sezione Cedolini,25-OCT-24 09.09.44.981000 AM
13002986.0,Recupero dettagliutente per Scelta Welfare,22-OCT-24 05.09.47.517000 PM
,Download PDF dalla sezione Cedolini,14-OCT-24 08.39.13.296000 PM
,Dettaglio elenco Cedolini e CU disponibili al download,25-OCT-24 09.00.39.431000 AM
6199.0,Normal user enters the Provvidenza Figli page,14-OCT-24 05.03.39.557000 PM
,Download PDF dalla sezione Cedolini,25-OCT-24 09.26.44.938000 AM
,Dettaglio elenco Cedolini e CU disponibili al download,14-OCT-24 10.26.27.912000 AM
,Dettaglio elenco Cedolini e CU disponibili al download,14-OCT-24 10.30.27.668000 AM
6331.0,Normal user enters the Provvidenza Figli page,07-OCT-24 12.25.46.379000 PM
,Download PDF dalla sezione Cedolini,21-OCT-24 11.07.42.073000 AM
13001313.0,Normal user assign new grade for the child while creating a request,25-OCT-24 09.15.13.798000 AM
5672.0,Recupero dettagliutente per Scelta Welfare,25-OCT-24 09.29.05.279000 AM
5137.0,HR/Normal user tries to update the answer,11-OCT-24 09.02.12.359000 AM
19449.0,Dettaglio elenco Cedolini e CU disponibili al download,14-OCT-24 10.14.36.756000 AM
,Download PDF dalla sezione Cedolini,23-OCT-24 02.31.40.044000 PM
,Dettaglio elenco Cedolini e CU disponibili al download,25-OCT-24 09.11.47.524000 AM
5492.0,Normal user enters the Provvidenza Figli page,14-OCT-24 05.25.41.528000 PM
,Download PDF dalla sezione Cedolini,11-OCT-24 09.14.10.267000 AM
13002986.0,Recupero dettagliutente per Scelta Welfare,22-OCT-24 05.09.43.693000 PM
,Download PDF dalla sezione Cedolini,25-OCT-24 08.39.45.023000 AM
,Dettaglio elenco Cedolini e CU disponibili al download,14-OCT-24 10.48.30.058000 AM
,Dettaglio elenco Cedolini e CU disponibili al download,25-OCT-24 09.46.38.845000 AM
,Download PDF dalla sezione Cedolini,25-OCT-24 09.04.40.253000 AM
13000364.0,Verifica possibilità di accesso a fondo pensione per Scelta Welfare,14-OCT-24 10.39.29.106000 AM
,Download PDF dalla sezione Cedolini,03-OCT-24 01.51.38.858000 AM
5432.0,HR/Normal user tries to update the answer,11-OCT-24 08.34.48.243000 AM
6979.0,Normal user enters the Provvidenza Figli page,07-OCT-24 01.01.52.820000 PM
14619.0,HR/Normal user tries to update the answer,04-OCT-24 09.18.32.472000 PM
16786.0,Dettaglio elenco Cedolini e CU disponibili al download,23-OCT-24 03.02.29.557000 PM
,Dettaglio elenco Cedolini e CU disponibili al download,25-OCT-24 09.43.22.240000 AM
,Dettaglio elenco Cedolini e CU disponibili al download,25-OCT-24 09.04.19.350000 AM
6199.0,Verifica possibilità di accesso a fondo pensione per Scelta Welfare,29-OCT-24 09.58.34.855000 AM
16786.0,Normal user enters the Provvidenza Figli page,11-OCT-24 08.51.33.764000 AM
,Dettaglio elenco Cedolini e CU disponibili al download,16-OCT-24 05.14.03.575000 PM
,Dettaglio elenco Cedolini e CU disponibili al download,25-OCT-24 09.03.19.518000 AM
,Download PDF dalla sezione Cedolini,25-OCT-24 09.16.08.816000 AM
7870.0,Dettaglio elenco Cedolini e CU disponibili al download,25-OCT-24 09.24.17.711000 AM
,Download PDF dalla sezione Cedolini,25-OCT-24 09.12.04.788000 AM
,Dettaglio elenco Cedolini e CU disponibili al download,25-OCT-24 09.14.56.068000 AM
5432.0,Normal user enters the Provvidenza Figli page,11-OCT-24 08.35.43.244000 AM
6733.0,Normal user enters the Provvidenza Figli page,09-OCT-24 10.06.39.377000 AM
,Dettaglio elenco Cedolini e CU disponibili al download,25-OCT-24 09.22.11.861000 AM
7048.0,Dettaglio elenco Cedolini e CU disponibili al download,29-OCT-24 10.09.42.505000 AM
5862.0,Recupero dettagliutente per Scelta Welfare,29-OCT-24 10.09.36.321000 AM
,Dettaglio elenco Cedolini e CU disponibili al download,25-OCT-24 09.13.53.814000 AM
7554.0,HR/Normal user tries to update the answer,03-OCT-24 04.12.26.631000 PM
,Download PDF dalla sezione Cedolini,25-OCT-24 09.18.05.491000 AM
,Download PDF dalla sezione Cedolini,25-OCT-24 09.22.17.557000 AM
,Download PDF dalla sezione Cedolini,25-OCT-24 09.32.44.897000 AM
7170.0,HR/Normal user tries to update the answer,03-OCT-24 04.12.31.236000 PM
,Download PDF dalla sezione Cedolini,25-OCT-24 09.41.15.217000 AM
,Dettaglio elenco Cedolini e CU disponibili al download,09-OCT-24 10.24.53.307000 AM
,Download PDF dalla sezione Cedolini,25-OCT-24 08.48.43.990000 AM
7696.0,Normal user assign new grade for the child while creating a request,03-OCT-24 05.22.55.961000 PM
6933.0,Normal user enters the Provvidenza Figli page,25-OCT-24 08.56.56.069000 AM
,Download PDF dalla sezione Cedolini,07-OCT-24 08.47.26.163000 AM
,Dettaglio elenco Cedolini e CU disponibili al download,25-OCT-24 09.10.02.391000 AM
,Download PDF dalla sezione Cedolini,25-OCT-24 09.25.49.853000 AM
13002901.0,Verifica possibilità di accesso a fondo pensione per Scelta Welfare,07-OCT-24 08.45.26.921000 PM
5953.0,Recupero dettagli utente per invio adesione Fondo Nazionale,25-OCT-24 08.46.45.220000 AM
5939.0,HR/Normal user tries to update the answer,03-OCT-24 04.12.05.478000 PM
6183.0,HR/Normal user tries to update the answer,03-OCT-24 04.20.39.119000 PM
15872.0,HR tried to update grade,09-OCT-24 09.58.55.743000 AM
,Download PDF dalla sezione Cedolini,25-OCT-24 09.35.39.079000 AM
,Dettaglio elenco Cedolini e CU disponibili al download,15-OCT-24 10.31.35.503000 AM
6233.0,HR/Normal user tries to update the answer,03-OCT-24 04.25.01.235000 PM
13000909.0,Verifica possibilità di accesso a fondo pensione per Scelta Welfare,27-OCT-24 06.30.55.002000 PM
5273.0,HR/Normal user tries to update the answer,03-OCT-24 04.14.19.512000 PM
8098.0,Dettaglio elenco Cedolini e CU disponibili al download,03-OCT-24 04.49.31.852000 PM
13001548.0,Recupero dettagliutente per Scelta Welfare,15-OCT-24 10.54.09.736000 AM
6558.0,Normal user enters the Provvidenza Figli page,03-OCT-24 05.10.06.405000 PM
,Download PDF dalla sezione Cedolini,15-OCT-24 11.32.56.118000 AM
6380.0,HR/Normal user tries to update the answer,03-OCT-24 05.11.21.429000 PM
5827.0,Normal user enters the Provvidenza Figli page,10-OCT-24 01.13.13.547000 PM
6124.0,HR/Normal user tries to update the answer,03-OCT-24 04.08.26.943000 PM
9652.0,HR/Normal user tries to update the answer,03-OCT-24 04.15.02.731000 PM
7071.0,Normal user assign new grade for the child while creating a request,03-OCT-24 04.24.33.319000 PM
6183.0,Normal user tries to create new Provvidenza request for a child,03-OCT-24 04.20.02.117000 PM
7554.0,HR/Normal user tries to update the answer,03-OCT-24 04.12.11.453000 PM
11980973.0,Recupero dettagliutente per Scelta Welfare,28-OCT-24 04.11.25.437000 PM
,Dettaglio elenco Cedolini e CU disponibili al download,15-OCT-24 11.05.30.920000 AM
8098.0,HR/Normal user tries to update the answer,03-OCT-24 04.47.30.244000 PM
16675.0,Verifica possibilità di accesso a fondo pensione per Scelta Welfare,28-OCT-24 04.21.59.822000 PM
5197.0,HR/Normal user tries to update the answer,03-OCT-24 04.28.06.251000 PM
6397.0,HR/Normal user tries to update the answer,03-OCT-24 04.30.31.563000 PM
,Download PDF dalla sezione Cedolini,25-OCT-24 02.14.29.514000 PM
7726.0,HR/Normal user tries to update the answer,03-OCT-24 04.42.00.078000 PM
7071.0,HR/Normal user tries to update the answer,03-OCT-24 04.24.40.358000 PM
8259.0,HR/Normal user tries to update the answer,04-OCT-24 11.33.17.858000 AM
15635.0,HR/Normal user tries to update the answer,03-OCT-24 04.20.22.210000 PM
6733.0,Normal user assign new grade for the child while creating a request,09-OCT-24 10.07.32.988000 AM
8259.0,Normal user tries to create new Provvidenza request for a child,04-OCT-24 11.32.53.384000 AM
6935.0,Normal user enters the Provvidenza Figli page,03-OCT-24 04.13.38.894000 PM
5939.0,HR/Normal user tries to update the answer,03-OCT-24 04.12.52.288000 PM
7256.0,HR/Normal user tries to update the answer,03-OCT-24 05.03.14.589000 PM
6199.0,Normal user enters the Provvidenza Figli page,18-OCT-24 05.31.10.177000 PM
6397.0,Normal user tries to create new Provvidenza request for a child,03-OCT-24 04.29.44.814000 PM
6665.0,Normal user tries to create new Provvidenza request for a child,09-OCT-24 10.45.05.239000 AM
17188.0,Normal user enters the Provvidenza Figli page,04-OCT-24 11.39.25.590000 AM
18431.0,Download PDF dalla sezione Cedolini,07-OCT-24 07.01.32.704000 PM
13001081.0,HR/Normal user tries to update the answer,04-OCT-24 12.01.36.243000 PM
6942.0,Normal user assign new grade for the child while creating a request,15-OCT-24 11.16.27.622000 AM
15457.0,HR/Normal user tries to update the answer,03-OCT-24 04.43.15.451000 PM
6199.0,Normal user enters the Provvidenza Figli page,10-OCT-24 12.45.43.170000 PM
6380.0,Normal user update grade for a child,03-OCT-24 05.13.26.637000 PM
5630.0,Normal user tries to create new Provvidenza request for a child,03-OCT-24 04.32.28.755000 PM
,Dettaglio elenco Cedolini e CU disponibili al download,25-OCT-24 08.10.17.223000 PM
5827.0,Normal user tries to create new Provvidenza request for a child,10-OCT-24 01.12.47.298000 PM
18173.0,HR/Normal user tries to update the answer,12-OCT-24 10.05.16.328000 AM
5351.0,HR/Normal user tries to update the answer,04-OCT-24 11.25.26.847000 AM
17188.0,Normal user update grade for a child,04-OCT-24 11.39.35.415000 AM
9474.0,HR/Normal user tries to update the answer,03-OCT-24 01.35.05.108000 PM
5701.0,HR/Normal user tries to update the answer,03-OCT-24 04.42.10.480000 PM
7036.0,Normal user tries to create new Provvidenza request for a child,03-OCT-24 01.21.54.532000 PM
5847.0,Normal user enters the Provvidenza Figli page,03-OCT-24 01.24.32.829000 PM
,Download PDF dalla sezione Cedolini,25-OCT-24 08.59.35.948000 AM
,Dettaglio elenco Cedolini e CU disponibili al download,25-OCT-24 08.58.08.227000 AM
7752.0,Normal user enters the Provvidenza Figli page,03-OCT-24 01.23.34.045000 PM
7601.0,Normal user enters the Provvidenza Figli page,03-OCT-24 01.21.38.963000 PM
,Download PDF dalla sezione Cedolini,03-OCT-24 06.36.50.031000 PM
7801.0,HR/Normal user tries to update the answer,04-OCT-24 11.43.04.633000 AM
8263.0,HR/Normal user tries to update the answer,03-OCT-24 01.21.29.212000 PM
5927.0,Normal user enters the Provvidenza Figli page,03-OCT-24 01.25.38.029000 PM
7606.0,Normal user assign new grade for the child while creating a request,03-OCT-24 01.27.08.955000 PM
13002930.0,Verifica possibilità di accesso a fondo pensione per Scelta Welfare,03-OCT-24 01.10.33.325000 PM
7752.0,HR/Normal user tries to update the answer,03-OCT-24 01.22.05.806000 PM
6942.0,HR/Normal user tries to update the answer,15-OCT-24 11.17.42.004000 AM
6067.0,Normal user tries to create new Provvidenza request for a child,03-OCT-24 01.20.34.970000 PM
7200.0,HR tried to update grade,03-OCT-24 01.26.01.586000 PM
17188.0,Normal user tries to create new Provvidenza request for a child,04-OCT-24 11.38.34.090000 AM
7486.0,HR/Normal user tries to update the answer,03-OCT-24 01.20.30.467000 PM
13001627.0,HR/Normal user tries to update the answer,03-OCT-24 01.20.32.238000 PM
6365.0,Normal user enters the Provvidenza Figli page,03-OCT-24 01.17.00.251000 PM
5580.0,Normal user tries to create new Provvidenza request for a child,03-OCT-24 01.16.39.075000 PM
7836.0,Normal user enters the Provvidenza Figli page,03-OCT-24 01.24.50.159000 PM
9474.0,HR/Normal user tries to update the answer,03-OCT-24 01.34.59.961000 PM
8708.0,Normal user tries to create new Provvidenza request for a child,03-OCT-24 01.21.09.890000 PM
,Dettaglio elenco Cedolini e CU disponibili al download,03-OCT-24 01.21.54.370000 PM
5802.0,Normal user tries to create new Provvidenza request for a child,03-OCT-24 01.23.20.209000 PM
6206.0,HR/Normal user tries to update the answer,03-OCT-24 01.27.07.383000 PM
6806.0,Normal user assign new grade for the child while creating a request,03-OCT-24 01.27.04.039000 PM
5834.0,Normal user enters the Provvidenza Figli page,03-OCT-24 01.32.56.804000 PM
5704.0,HR/Normal user tries to update the answer,03-OCT-24 01.28.49.667000 PM
6811.0,HR/Normal user tries to update the answer,03-OCT-24 01.23.00.752000 PM
7116.0,HR/Normal user tries to update the answer,03-OCT-24 01.23.23.527000 PM
9098.0,HR/Normal user tries to update the answer,03-OCT-24 01.23.56.896000 PM
6109.0,HR/Normal user tries to update the answer,03-OCT-24 01.21.15.135000 PM
9368.0,HR/Normal user tries to update the answer,03-OCT-24 01.32.48.844000 PM
6764.0,Normal user assign new grade for the child while creating a request,03-OCT-24 01.21.14.172000 PM
5868.0,Normal user assign new grade for the child while creating a request,03-OCT-24 01.19.22.977000 PM
5927.0,Normal user enters the Provvidenza Figli page,03-OCT-24 01.19.02.188000 PM
7081.0,HR/Normal user tries to update the answer,03-OCT-24 01.18.02.430000 PM
5530.0,Verifica possibilità di accesso a fondo pensione per Scelta Welfare,03-OCT-24 01.30.04.745000 PM
13002831.0,Normal user enters the Provvidenza Figli page,03-OCT-24 01.25.24.239000 PM
7486.0,Normal user enters the Provvidenza Figli page,03-OCT-24 01.15.12.797000 PM
13001434.0,Normal user enters the Provvidenza Figli page,03-OCT-24 01.19.14.072000 PM
6219.0,HR/Normal user tries to update the answer,03-OCT-24 01.16.03.282000 PM
13001175.0,Normal user assign new grade for the child while creating a request,03-OCT-24 01.30.40.592000 PM
8116.0,Normal user assign new grade for the child while creating a request,03-OCT-24 01.30.28.663000 PM
7434.0,HR/Normal user tries to update the answer,03-OCT-24 01.17.24.288000 PM
6763.0,HR/Normal user tries to update the answer,03-OCT-24 01.26.45.286000 PM
,Download PDF dalla sezione Cedolini,27-OCT-24 08.48.57.879000 PM
8708.0,Normal user enters the Provvidenza Figli page,03-OCT-24 01.20.33.758000 PM
6360.0,Normal user update grade for a child,03-OCT-24 01.19.10.476000 PM
7016.0,Dettaglio elenco Cedolini e CU disponibili al download,03-OCT-24 01.19.11.080000 PM
9407.0,Normal user tries to create new Provvidenza request for a child,03-OCT-24 01.36.20.160000 PM
6205.0,Download PDF dalla sezione Cedolini,29-OCT-24 08.18.53.017000 AM
5760.0,HR/Normal user tries to update the answer,03-OCT-24 01.34.46.117000 PM
,Dettaglio elenco Cedolini e CU disponibili al download,24-OCT-24 02.53.42.096000 PM
,Dettaglio elenco Cedolini e CU disponibili al download,03-OCT-24 01.21.46.359000 PM
8309.0,HR/Normal user tries to update the answer,03-OCT-24 01.16.13.913000 PM
5761.0,Normal user enters the Provvidenza Figli page,03-OCT-24 01.17.04.926000 PM
7263.0,Normal user assign new grade for the child while creating a request,03-OCT-24 01.21.40.418000 PM
6556.0,HR/Normal user tries to update the answer,03-OCT-24 01.18.27.670000 PM
8350.0,HR/Normal user tries to update the answer,03-OCT-24 01.23.01.853000 PM
6258.0,HR/Normal user tries to update the answer,03-OCT-24 01.22.05.971000 PM
6360.0,HR/Normal user tries to update the answer,03-OCT-24 01.19.34.043000 PM
9473.0,Normal user enters the Provvidenza Figli page,03-OCT-24 01.19.24.200000 PM
5704.0,HR/Normal user tries to update the answer,03-OCT-24 01.27.55.752000 PM
16895.0,HR/Normal user tries to update the answer,03-OCT-24 01.22.16.430000 PM
6258.0,HR/Normal user tries to update the answer,03-OCT-24 01.23.03.771000 PM
7199.0,HR/Normal user tries to update the answer,03-OCT-24 01.29.54.150000 PM
5462.0,Normal user enters the Provvidenza Figli page,03-OCT-24 01.18.10.418000 PM
6560.0,Normal user enters the Provvidenza Figli page,03-OCT-24 01.15.13.921000 PM
6365.0,Normal user assign new grade for the child while creating a request,03-OCT-24 01.16.00.409000 PM
6179.0,Normal user assign new grade for the child while creating a request,03-OCT-24 01.23.02.874000 PM
8826.0,HR/Normal user tries to update the answer,03-OCT-24 01.30.18.831000 PM
5834.0,Normal user enters the Provvidenza Figli page,03-OCT-24 01.34.30.525000 PM
5847.0,HR/Normal user tries to update the answer,03-OCT-24 01.22.52.349000 PM
6367.0,HR/Normal user tries to update the answer,03-OCT-24 01.24.06.800000 PM
14669.0,HR/Normal user tries to update the answer,03-OCT-24 01.21.59.851000 PM
5802.0,HR/Normal user tries to update the answer,03-OCT-24 01.23.01.653000 PM
7636.0,HR/Normal user tries to update the answer,03-OCT-24 01.22.34.805000 PM
6811.0,HR/Normal user tries to update the answer,03-OCT-24 01.22.49.927000 PM
7486.0,Normal / HR user updates the answer,03-OCT-24 01.15.50.902000 PM
6597.0,HR/Normal user tries to update the answer,03-OCT-24 01.17.23.858000 PM
17720.0,HR/Normal user tries to update the answer,03-OCT-24 01.19.52.133000 PM
6365.0,Normal user tries to create new Provvidenza request for a child,03-OCT-24 01.16.00.270000 PM
7637.0,HR/Normal user tries to update the answer,03-OCT-24 01.25.46.231000 PM
6109.0,HR/Normal user tries to update the answer,03-OCT-24 01.21.02.171000 PM
,Download PDF dalla sezione Cedolini,30-OCT-24 12.27.12.622000 PM
6059.0,Normal user assign new grade for the child while creating a request,03-OCT-24 01.36.53.752000 PM
13001627.0,Normal user tries to create new Provvidenza request for a child,03-OCT-24 01.20.29.084000 PM
7232.0,Normal / HR user updates the answer,03-OCT-24 01.16.04.304000 PM
5731.0,HR/Normal user tries to update the answer,03-OCT-24 01.18.21.456000 PM
,Dettaglio elenco Cedolini e CU disponibili al download,02-OCT-24 01.25.18.075000 PM
6867.0,Normal user assign new grade for the child while creating a request,03-OCT-24 01.19.15.877000 PM
6894.0,HR/Normal user tries to update the answer,03-OCT-24 01.17.22.564000 PM
6136.0,Normal user tries to create new Provvidenza request for a child,03-OCT-24 01.28.13.599000 PM
6195.0,HR/Normal user tries to update the answer,03-OCT-24 01.22.04.423000 PM
7637.0,HR/Normal user tries to update the answer,03-OCT-24 01.25.01.663000 PM
6367.0,Normal / HR user updates the answer,03-OCT-24 01.24.15.956000 PM
14669.0,Normal user enters the Provvidenza Figli page,03-OCT-24 01.22.19.680000 PM
7116.0,HR/Normal user tries to update the answer,03-OCT-24 01.23.18.717000 PM
7036.0,Normal user assign new grade for the child while creating a request,03-OCT-24 01.18.46.995000 PM
6669.0,HR/Normal user tries to update the answer,03-OCT-24 01.19.42.105000 PM
7629.0,HR/Normal user tries to update the answer,03-OCT-24 01.16.55.945000 PM
5710.0,HR/Normal user tries to update the answer,03-OCT-24 01.15.47.650000 PM
5927.0,Normal user update grade for a child,03-OCT-24 01.33.31.169000 PM
7016.0,Normal user enters the Provvidenza Figli page,03-OCT-24 01.21.20.315000 PM
7342.0,Normal user enters the Provvidenza Figli page,03-OCT-24 01.16.38.854000 PM
5993.0,Normal user tries to create new Provvidenza request for a child,03-OCT-24 01.18.42.570000 PM
5957.0,Normal user tries to create new Provvidenza request for a child,03-OCT-24 01.35.18.134000 PM
5755.0,HR/Normal user tries to update the answer,03-OCT-24 01.28.39.148000 PM
6992.0,HR/Normal user tries to update the answer,03-OCT-24 01.16.03.338000 PM
7081.0,Normal user tries to create new Provvidenza request for a child,03-OCT-24 01.15.51.896000 PM
6935.0,HR/Normal user tries to update the answer,03-OCT-24 04.13.00.450000 PM
6844.0,HR/Normal user tries to update the answer,03-OCT-24 01.31.45.652000 PM
5993.0,Normal user enters the Provvidenza Figli page,03-OCT-24 01.20.44.090000 PM
7199.0,HR/Normal user tries to update the answer,03-OCT-24 01.30.55.685000 PM
7199.0,HR/Normal user tries to update the answer,03-OCT-24 01.31.16.208000 PM
5462.0,Normal user assign new grade for the child while creating a request,03-OCT-24 01.18.16.476000 PM
5666.0,HR/Normal user tries to update the answer,03-OCT-24 01.16.53.405000 PM
6556.0,Normal user update grade for a child,03-OCT-24 01.19.56.822000 PM
5868.0,Normal user assign new grade for the child while creating a request,03-OCT-24 01.18.26.112000 PM
17789.0,HR/Normal user tries to update the answer,03-OCT-24 01.21.14.517000 PM
7458.0,Normal user assign new grade for the child while creating a request,03-OCT-24 01.21.14.376000 PM
6922.0,Normal user enters the Provvidenza Figli page,06-OCT-24 10.08.23.464000 AM
13000340.0,Normal user tries to create new Provvidenza request for a child,03-OCT-24 01.16.51.119000 PM
6159.0,Normal / HR user updates the answer,03-OCT-24 04.09.24.584000 PM
5891.0,Normal user enters the Provvidenza Figli page,03-OCT-24 01.23.17.675000 PM
6992.0,HR tried to update grade,03-OCT-24 01.15.56.661000 PM
7231.0,HR/Normal user tries to update the answer,08-OCT-24 09.19.06.616000 AM
6708.0,HR/Normal user tries to update the answer,03-OCT-24 01.27.44.208000 PM
6612.0,Normal user enters the Provvidenza Figli page,03-OCT-24 01.18.40.621000 PM
8410.0,Normal user enters the Provvidenza Figli page,03-OCT-24 01.19.49.888000 PM
6199.0,Normal user enters the Provvidenza Figli page,18-OCT-24 02.50.05.647000 PM
6894.0,Normal user assign new grade for the child while creating a request,03-OCT-24 01.17.12.659000 PM
9098.0,Normal user enters the Provvidenza Figli page,03-OCT-24 01.23.39.232000 PM
,Dettaglio elenco Cedolini e CU disponibili al download,06-OCT-24 10.04.19.806000 AM
16895.0,HR/Normal user tries to update the answer,03-OCT-24 01.23.28.569000 PM
6067.0,Normal user assign new grade for the child while creating a request,03-OCT-24 01.21.13.728000 PM
6396.0,HR/Normal user tries to update the answer,08-OCT-24 08.58.44.913000 AM
6486.0,HR/Normal user tries to update the answer,03-OCT-24 01.15.41.704000 PM
7081.0,HR/Normal user tries to update the answer,03-OCT-24 01.16.10.197000 PM
7742.0,HR/Normal user tries to update the answer,03-OCT-24 01.19.35.338000 PM
6624.0,HR/Normal user tries to update the answer,03-OCT-24 01.33.52.120000 PM
6778.0,HR/Normal user tries to update the answer,03-OCT-24 01.33.23.057000 PM
5891.0,Normal / HR user updates the answer,03-OCT-24 01.26.28.764000 PM
7231.0,HR/Normal user tries to update the answer,08-OCT-24 09.20.18.735000 AM
6396.0,HR tried to update grade,08-OCT-24 08.59.46.031000 AM
6199.0,Normal user enters the Provvidenza Figli page,11-OCT-24 03.49.01.425000 PM
6136.0,HR/Normal user tries to update the answer,03-OCT-24 01.28.45.505000 PM
,Dettaglio elenco Cedolini e CU disponibili al download,17-OCT-24 09.48.58.302000 AM
5765.0,Normal user tries to create new Provvidenza request for a child,11-OCT-24 02.53.08.639000 PM
6229.0,HR/Normal user tries to update the answer,08-OCT-24 09.28.10.698000 AM
,Download PDF dalla sezione Cedolini,15-OCT-24 08.16.02.263000 PM
5765.0,HR/Normal user tries to update the answer,11-OCT-24 02.53.12.806000 PM
7035.0,Normal user enters the Provvidenza Figli page,08-OCT-24 09.23.22.709000 AM
5765.0,HR/Normal user tries to update the answer,11-OCT-24 02.53.17.017000 PM
,Dettaglio elenco Cedolini e CU disponibili al download,08-OCT-24 09.06.38.482000 AM
6229.0,Normal user tries to create new Provvidenza request for a child,08-OCT-24 09.27.51.957000 AM
7231.0,HR tried to update grade,08-OCT-24 09.20.07.259000 AM
7035.0,HR/Normal user tries to update the answer,08-OCT-24 09.25.38.748000 AM
7131.0,Normal user assign new grade for the child while creating a request,03-OCT-24 03.00.19.900000 PM
7035.0,Normal user enters the Provvidenza Figli page,08-OCT-24 09.28.44.622000 AM
6386.0,HR/Normal user tries to update the answer,03-OCT-24 02.53.15.270000 PM
6122.0,Normal user tries to create new Provvidenza request for a child,03-OCT-24 02.57.16.083000 PM
5290.0,Normal user enters the Provvidenza Figli page,03-OCT-24 02.54.57.928000 PM
,Download PDF dalla sezione Cedolini,17-OCT-24 09.48.36.991000 AM
6583.0,HR/Normal user tries to update the answer,03-OCT-24 02.38.49.799000 PM
7470.0,HR/Normal user tries to update the answer,03-OCT-24 02.38.59.028000 PM
7425.0,HR/Normal user tries to update the answer,03-OCT-24 02.37.54.964000 PM
13000105.0,HR/Normal user tries to update the answer,03-OCT-24 02.46.12.079000 PM
6883.0,Normal user enters the Provvidenza Figli page,03-OCT-24 03.01.12.779000 PM
5290.0,Normal user enters the Provvidenza Figli page,03-OCT-24 02.54.26.883000 PM
6847.0,Normal user enters the Provvidenza Figli page,03-OCT-24 02.58.57.234000 PM
7485.0,HR/Normal user tries to update the answer,03-OCT-24 02.43.32.132000 PM
6847.0,HR/Normal user tries to update the answer,03-OCT-24 02.59.13.704000 PM
7640.0,Normal user enters the Provvidenza Figli page,03-OCT-24 02.40.50.993000 PM
6386.0,Normal user enters the Provvidenza Figli page,03-OCT-24 02.52.21.150000 PM
7146.0,Normal user enters the Provvidenza Figli page,03-OCT-24 02.45.07.790000 PM
6519.0,HR/Normal user tries to update the answer,03-OCT-24 02.48.33.540000 PM
13000105.0,Normal user assign new grade for the child while creating a request,03-OCT-24 02.56.14.056000 PM
14598.0,Recupero dettagli utente per Scelta orario di lavoro,30-OCT-24 08.24.54.082000 AM
6790.0,Normal user assign new grade for the child while creating a request,03-OCT-24 02.50.32.338000 PM
7131.0,HR/Normal user tries to update the answer,03-OCT-24 03.00.35.702000 PM
7224.0,Normal user assign new grade for the child while creating a request,03-OCT-24 02.40.23.628000 PM
5651.0,Normal user tries to create new Provvidenza request for a child,03-OCT-24 02.47.04.465000 PM
6727.0,HR/Normal user tries to update the answer,03-OCT-24 03.01.14.721000 PM
6046.0,Normal user tries to create new Provvidenza request for a child,03-OCT-24 03.01.43.624000 PM
6636.0,Normal user tries to create new Provvidenza request for a child,03-OCT-24 02.50.51.758000 PM
13002179.0,Normal / HR user updates the answer,03-OCT-24 02.48.16.116000 PM
7759.0,Normal user assign new grade for the child while creating a request,03-OCT-24 03.06.42.608000 PM
6229.0,Normal user assign new grade for the child while creating a request,08-OCT-24 09.25.26.422000 AM
7136.0,Normal user enters the Provvidenza Figli page,03-OCT-24 02.50.37.183000 PM
5290.0,HR/Normal user tries to update the answer,03-OCT-24 02.54.23.952000 PM
5477.0,Normal user tries to create new Provvidenza request for a child,03-OCT-24 02.51.56.654000 PM
6245.0,Normal user tries to create new Provvidenza request for a child,03-OCT-24 02.56.23.908000 PM
5790.0,HR/Normal user tries to update the answer,03-OCT-24 02.58.49.365000 PM
7304.0,HR/Normal user tries to update the answer,03-OCT-24 02.52.34.387000 PM
6880.0,Normal user enters the Provvidenza Figli page,03-OCT-24 03.18.13.180000 PM
7141.0,Normal user assign new grade for the child while creating a request,03-OCT-24 02.56.26.762000 PM
7141.0,Normal user enters the Provvidenza Figli page,03-OCT-24 02.56.13.389000 PM
6880.0,Normal user tries to create new Provvidenza request for a child,03-OCT-24 03.18.55.289000 PM
11418.0,Normal user tries to create new Provvidenza request for a child,15-OCT-24 09.56.11.049000 PM
9438.0,Normal user enters the Provvidenza Figli page,03-OCT-24 03.02.05.358000 PM
5404.0,HR/Normal user tries to update the answer,03-OCT-24 03.19.02.711000 PM
6167.0,HR/Normal user tries to update the answer,03-OCT-24 02.53.00.444000 PM
6652.0,Normal user assign new grade for the child while creating a request,03-OCT-24 03.05.17.971000 PM
7430.0,HR tried to update grade,03-OCT-24 02.45.03.661000 PM
7575.0,HR/Normal user tries to update the answer,03-OCT-24 02.56.09.010000 PM
7448.0,Normal user assign new grade for the child while creating a request,03-OCT-24 02.56.42.375000 PM
5961.0,Normal user enters the Provvidenza Figli page,03-OCT-24 03.06.53.603000 PM
5804.0,HR/Normal user tries to update the answer,03-OCT-24 03.17.54.687000 PM
7131.0,Normal user enters the Provvidenza Figli page,03-OCT-24 03.01.04.501000 PM
7052.0,HR/Normal user tries to update the answer,03-OCT-24 02.49.23.177000 PM
10057.0,Normal user enters the Provvidenza Figli page,03-OCT-24 02.44.24.418000 PM
5984.0,Normal user tries to create new Provvidenza request for a child,03-OCT-24 03.15.37.027000 PM
6727.0,Normal user assign new grade for the child while creating a request,03-OCT-24 03.00.23.246000 PM
13002413.0,HR/Normal user tries to update the answer,03-OCT-24 03.01.40.503000 PM
5769.0,Verifica possibilità di accesso a fondo pensione per Scelta Welfare,03-OCT-24 03.00.25.712000 PM
17329.0,Download PDF dalla sezione Cedolini,11-OCT-24 02.05.01.206000 PM
6281.0,Normal user assign new grade for the child while creating a request,03-OCT-24 03.01.26.532000 PM
14297.0,HR/Normal user tries to update the answer,03-OCT-24 02.43.34.165000 PM
8372.0,Normal user assign new grade for the child while creating a request,03-OCT-24 02.41.30.981000 PM
9881.0,Normal user tries to create new Provvidenza request for a child,03-OCT-24 02.58.22.022000 PM
6121.0,Normal user assign new grade for the child while creating a request,03-OCT-24 03.10.31.981000 PM
13002413.0,Normal user tries to create new Provvidenza request for a child,03-OCT-24 03.00.46.577000 PM
6599.0,HR/Normal user tries to update the answer,03-OCT-24 02.47.46.479000 PM
6340.0,HR/Normal user tries to update the answer,03-OCT-24 02.54.23.735000 PM
7759.0,Normal user enters the Provvidenza Figli page,03-OCT-24 03.07.55.577000 PM
7759.0,Normal user tries to create new Provvidenza request for a child,03-OCT-24 03.06.42.411000 PM
16010.0,Normal user enters the Provvidenza Figli page,03-OCT-24 03.09.40.707000 PM
7437.0,HR/Normal user tries to update the answer,03-OCT-24 02.38.00.880000 PM
6281.0,Normal user enters the Provvidenza Figli page,03-OCT-24 03.01.48.053000 PM
5535.0,Normal user assign new grade for the child while creating a request,03-OCT-24 03.03.25.479000 PM
5096.0,Normal / HR user updates the answer,03-OCT-24 02.56.56.049000 PM
6096.0,Normal user enters the Provvidenza Figli page,03-OCT-24 02.42.19.969000 PM
5651.0,Normal user enters the Provvidenza Figli page,03-OCT-24 02.47.22.186000 PM
17098.0,HR tried to update grade,03-OCT-24 03.04.05.946000 PM
7136.0,HR/Normal user tries to update the answer,03-OCT-24 02.54.46.982000 PM
5804.0,HR tried to update grade,03-OCT-24 03.17.41.989000 PM
5790.0,Normal / HR user updates the answer,03-OCT-24 02.58.56.633000 PM
6378.0,HR/Normal user tries to update the answer,03-OCT-24 02.44.07.117000 PM
5528.0,HR/Normal user tries to update the answer,03-OCT-24 02.54.42.742000 PM
5320.0,HR/Normal user tries to update the answer,03-OCT-24 02.38.19.022000 PM
5600.0,HR/Normal user tries to update the answer,03-OCT-24 02.38.16.833000 PM
6103.0,Normal user enters the Provvidenza Figli page,03-OCT-24 03.10.49.718000 PM
6340.0,Normal user assign new grade for the child while creating a request,03-OCT-24 02.54.59.463000 PM
6583.0,HR/Normal user tries to update the answer,03-OCT-24 02.38.46.729000 PM
6718.0,Normal user assign new grade for the child while creating a request,03-OCT-24 03.01.38.383000 PM
8031.0,HR/Normal user tries to update the answer,03-OCT-24 02.53.22.064000 PM
6807.0,HR/Normal user tries to update the answer,03-OCT-24 02.49.43.787000 PM
13002832.0,Normal user enters the Provvidenza Figli page,03-OCT-24 03.12.51.726000 PM
7224.0,HR/Normal user tries to update the answer,03-OCT-24 02.42.35.106000 PM
,Download PDF dalla sezione Cedolini,31-OCT-24 05.17.38.330000 PM
5938.0,Normal user enters the Provvidenza Figli page,03-OCT-24 03.12.28.250000 PM
8372.0,HR/Normal user tries to update the answer,03-OCT-24 02.41.54.275000 PM
5686.0,Normal user tries to create new Provvidenza request for a child,03-OCT-24 02.49.59.524000 PM
5925.0,HR/Normal user tries to update the answer,09-OCT-24 06.19.08.445000 PM
10678.0,Normal user assign new grade for the child while creating a request,03-OCT-24 02.44.11.600000 PM
19442.0,Download PDF dalla sezione Cedolini,09-OCT-24 02.32.16.940000 PM
,Download PDF dalla sezione Cedolini,04-OCT-24 03.26.58.645000 PM
7803.0,HR/Normal user tries to update the answer,03-OCT-24 03.13.39.197000 PM
7398.0,HR/Normal user tries to update the answer,09-OCT-24 05.53.04.920000 PM
,Download PDF dalla sezione Cedolini,04-OCT-24 03.18.37.716000 PM
8136.0,Normal user enters the Provvidenza Figli page,03-OCT-24 02.53.03.786000 PM
,Download PDF dalla sezione Cedolini,09-OCT-24 02.52.39.675000 PM
,Download PDF dalla sezione Cedolini,24-OCT-24 08.39.46.619000 PM
9208.0,HR/Normal user tries to update the answer,03-OCT-24 02.42.08.090000 PM
,Download PDF dalla sezione Cedolini,11-OCT-24 10.02.42.431000 AM
5335.0,HR/Normal user tries to update the answer,04-OCT-24 09.28.02.538000 PM
6000.0,HR/Normal user tries to update the answer,04-OCT-24 10.00.30.327000 PM
14619.0,HR/Normal user tries to update the answer,04-OCT-24 09.20.40.299000 PM
6400.0,HR/Normal user tries to update the answer,03-OCT-24 03.40.12.374000 PM
6987.0,Normal user assign new grade for the child while creating a request,03-OCT-24 03.31.15.692000 PM
18618.0,Verifica possibilità di accesso a fondo pensione per Scelta Welfare,16-OCT-24 02.12.17.567000 PM
5938.0,Normal user assign new grade for the child while creating a request,03-OCT-24 03.19.46.510000 PM
,Download PDF dalla sezione Cedolini,30-OCT-24 08.26.22.751000 AM
5724.0,Dettaglio elenco Cedolini e CU disponibili al download,31-OCT-24 10.03.19.646000 AM
,Dettaglio elenco Cedolini e CU disponibili al download,29-OCT-24 12.10.57.073000 PM
,Dettaglio elenco Cedolini e CU disponibili al download,29-OCT-24 12.02.40.945000 PM
13001109.0,HR tried to update grade,03-OCT-24 10.11.09.347000 PM
5916.0,Dettaglio elenco Cedolini e CU disponibili al download,28-OCT-24 05.25.01.513000 PM
5972.0,Normal user tries to create new Provvidenza request for a child,03-OCT-24 09.55.01.650000 PM
14619.0,HR/Normal user tries to update the answer,04-OCT-24 09.20.37.098000 PM
6003.0,HR/Normal user tries to update the answer,03-OCT-24 10.45.04.112000 PM
,Dettaglio elenco Cedolini e CU disponibili al download,31-OCT-24 10.07.45.605000 AM
,Dettaglio elenco Cedolini e CU disponibili al download,21-OCT-24 04.55.51.333000 PM
,Dettaglio elenco Cedolini e CU disponibili al download,16-OCT-24 02.30.22.079000 PM
5662.0,Normal user enters the Provvidenza Figli page,03-OCT-24 09.44.47.888000 PM
,Dettaglio elenco Cedolini e CU disponibili al download,16-OCT-24 02.45.03.065000 PM
10389.0,HR/Normal user tries to update the answer,03-OCT-24 03.34.53.593000 PM
,Dettaglio elenco Cedolini e CU disponibili al download,21-OCT-24 09.03.21.912000 AM
7455.0,Dettaglio elenco Cedolini e CU disponibili al download,31-OCT-24 10.48.10.199000 AM
5783.0,Normal user assign new grade for the child while creating a request,03-OCT-24 11.48.30.150000 PM
5885.0,HR/Normal user tries to update the answer,03-OCT-24 03.59.53.040000 PM
5972.0,Normal user enters the Provvidenza Figli page,03-OCT-24 09.55.38.119000 PM
,Dettaglio elenco Cedolini e CU disponibili al download,21-OCT-24 08.56.04.025000 AM
,Download PDF dalla sezione Cedolini,11-OCT-24 10.56.05.874000 AM
5366.0,HR/Normal user tries to update the answer,21-OCT-24 01.13.22.159000 PM
,Dettaglio elenco Cedolini e CU disponibili al download,30-OCT-24 09.11.19.730000 AM
5783.0,HR/Normal user tries to update the answer,03-OCT-24 11.48.34.781000 PM
,Dettaglio elenco Cedolini e CU disponibili al download,23-OCT-24 12.12.11.165000 PM
5664.0,Normal user enters the Provvidenza Figli page,23-OCT-24 11.33.20.128000 AM
6817.0,Recupero dettagli utente per Scelta orario di lavoro,29-OCT-24 11.28.08.887000 AM
7572.0,Recupero dettagliutente per Scelta Welfare,23-OCT-24 12.28.48.102000 PM
5724.0,Dettaglio elenco Cedolini e CU disponibili al download,31-OCT-24 10.03.26.974000 AM
5783.0,HR/Normal user tries to update the answer,03-OCT-24 11.47.52.324000 PM
7508.0,HR user tries to load Funzioni Batch,09-OCT-24 10.20.48.494000 AM
,Dettaglio elenco Cedolini e CU disponibili al download,11-OCT-24 11.18.59.406000 AM
5662.0,Normal user enters the Provvidenza Figli page,03-OCT-24 09.47.58.299000 PM
5765.0,HR/Normal user tries to update the answer,11-OCT-24 02.53.20.314000 PM
7043.0,Recupero dettagliutente per Scelta Welfare,31-OCT-24 10.56.42.350000 AM
18291.0,Normal user enters the Provvidenza Figli page,09-OCT-24 06.40.13.324000 AM
18431.0,Dettaglio elenco Cedolini e CU disponibili al download,07-OCT-24 07.01.28.938000 PM
6872.0,Normal / HR user updates the answer,11-OCT-24 04.16.40.610000 PM
,Download PDF dalla sezione Cedolini,11-OCT-24 03.38.34.100000 PM
7455.0,Recupero dettagli utente per Scelta orario di lavoro,31-OCT-24 10.48.18.928000 AM
6233.0,HR/Normal user tries to update the answer,03-OCT-24 04.25.35.587000 PM
7071.0,Normal user assign new grade for the child while creating a request,03-OCT-24 04.25.28.161000 PM
5836.0,Normal user enters the Provvidenza Figli page,11-OCT-24 04.03.42.327000 PM
7554.0,HR/Normal user tries to update the answer,03-OCT-24 04.12.47.563000 PM
,Dettaglio elenco Cedolini e CU disponibili al download,23-OCT-24 12.29.11.270000 PM
5812.0,Normal user tries to create new Provvidenza request for a child,03-OCT-24 04.27.03.079000 PM
6233.0,Normal user enters the Provvidenza Figli page,03-OCT-24 04.25.16.480000 PM
,Dettaglio elenco Cedolini e CU disponibili al download,28-OCT-24 11.00.07.067000 AM
,Dettaglio elenco Cedolini e CU disponibili al download,11-OCT-24 11.18.49.663000 AM
18618.0,Verifica possibilità di accesso a fondo pensione per Scelta Welfare,23-OCT-24 01.55.34.433000 PM
6872.0,Normal user enters the Provvidenza Figli page,11-OCT-24 04.15.49.991000 PM
5273.0,Normal user enters the Provvidenza Figli page,03-OCT-24 04.13.08.626000 PM
7173.0,HR/Normal user tries to update the answer,03-OCT-24 04.26.37.595000 PM
,Download PDF dalla sezione Cedolini,28-OCT-24 10.30.48.021000 AM
5879.0,Normal user assign new grade for the child while creating a request,03-OCT-24 04.24.05.414000 PM
,Dettaglio elenco Cedolini e CU disponibili al download,21-OCT-24 10.47.06.486000 AM
8136.0,HR/Normal user tries to update the answer,03-OCT-24 04.35.16.729000 PM
5901.0,Recupero dettagliutente per Scelta Welfare,21-OCT-24 10.17.49.240000 AM
,Download PDF dalla sezione Cedolini,31-OCT-24 01.44.15.057000 PM
5197.0,Normal / HR user updates the answer,03-OCT-24 04.28.01.958000 PM
7173.0,HR/Normal user tries to update the answer,03-OCT-24 04.26.33.787000 PM
5552.0,Normal user enters the Provvidenza Figli page,21-OCT-24 10.06.42.301000 AM
5630.0,HR/Normal user tries to update the answer,03-OCT-24 04.32.49.628000 PM
,Download PDF dalla sezione Cedolini,01-OCT-24 02.47.54.490000 PM
6641.0,HR/Normal user tries to update the answer,03-OCT-24 04.53.23.123000 PM
6621.0,HR/Normal user tries to update the answer,03-OCT-24 04.24.08.593000 PM
6665.0,HR/Normal user tries to update the answer,09-OCT-24 10.45.21.210000 AM
6397.0,HR/Normal user tries to update the answer,03-OCT-24 04.30.51.907000 PM
7170.0,HR/Normal user tries to update the answer,03-OCT-24 04.12.20.931000 PM
13001767.0,Normal user update grade for a child,07-OCT-24 07.25.26.721000 AM
7303.0,Normal user tries to create new Provvidenza request for a child,03-OCT-24 04.55.37.498000 PM
7147.0,Normal user enters the Provvidenza Figli page,03-OCT-24 04.29.21.141000 PM
6925.0,HR/Normal user tries to update the answer,03-OCT-24 04.20.58.260000 PM
,Download PDF dalla sezione Cedolini,31-OCT-24 01.47.22.667000 PM
,Dettaglio elenco Cedolini e CU disponibili al download,15-OCT-24 10.53.21.066000 AM
,Download PDF dalla sezione Cedolini,26-OCT-24 06.11.20.298000 PM
13002222.0,Recupero dettagli utente per Scelta orario di lavoro,29-OCT-24 02.39.58.003000 PM
,Dettaglio elenco Cedolini e CU disponibili al download,25-OCT-24 05.37.57.104000 PM
6183.0,HR/Normal user tries to update the answer,03-OCT-24 04.20.22.034000 PM
,Download PDF dalla sezione Cedolini,25-OCT-24 05.37.59.281000 PM
,Download PDF dalla sezione Cedolini,17-OCT-24 11.53.01.951000 AM
6681.0,Dettaglio elenco Cedolini e CU disponibili al download,14-OCT-24 04.04.06.896000 PM
4977.0,Recupero dettagliutente per Scelta Welfare,23-OCT-24 04.33.33.614000 PM
,Download PDF dalla sezione Cedolini,01-OCT-24 06.03.13.283000 PM
6881.0,Normal user update grade for a child,02-OCT-24 02.45.05.204000 PM
7762.0,Normal user enters the Provvidenza Figli page,07-OCT-24 09.57.20.386000 AM
,Download PDF dalla sezione Cedolini,03-OCT-24 05.39.14.465000 PM
5712.0,Normal user assign new grade for the child while creating a request,03-OCT-24 05.32.16.304000 PM
6147.0,Normal user assign new grade for the child while creating a request,07-OCT-24 09.52.03.527000 AM
8969.0,HR/Normal user tries to update the answer,04-OCT-24 06.18.34.265000 PM
,Download PDF dalla sezione Cedolini,25-OCT-24 06.02.06.818000 PM
17329.0,Dettaglio elenco Cedolini e CU disponibili al download,16-OCT-24 12.21.45.416000 PM
6828.0,Normal user enters the Provvidenza Figli page,03-OCT-24 05.31.57.175000 PM
8015.0,HR/Normal user tries to update the answer,03-OCT-24 05.27.52.488000 PM
7726.0,Normal user tries to create new Provvidenza request for a child,03-OCT-24 04.33.35.271000 PM
5771.0,Normal user assign new grade for the child while creating a request,04-OCT-24 06.39.03.248000 PM
6942.0,HR/Normal user tries to update the answer,15-OCT-24 11.16.38.517000 AM
5715.0,Dettaglio elenco Cedolini e CU disponibili al download,15-OCT-24 11.24.04.778000 AM
18260.0,Normal / HR user updates the answer,04-OCT-24 05.52.15.212000 PM
7375.0,Normal user enters the Provvidenza Figli page,03-OCT-24 05.29.13.997000 PM
5738.0,HR/Normal user tries to update the answer,04-OCT-24 04.30.24.165000 PM
8264.0,Normal / HR user updates the answer,03-OCT-24 05.44.29.632000 PM
,Download PDF dalla sezione Cedolini,26-OCT-24 06.11.19.335000 PM
6163.0,Normal user tries to create new Provvidenza request for a child,04-OCT-24 06.51.31.147000 PM
,Download PDF dalla sezione Cedolini,01-OCT-24 06.04.00.942000 PM
,Download PDF dalla sezione Cedolini,04-OCT-24 04.43.42.317000 PM
,Dettaglio elenco Cedolini e CU disponibili al download,04-OCT-24 04.42.22.346000 PM
5817.0,HR/Normal user tries to update the answer,03-OCT-24 05.47.42.438000 PM
18618.0,Recupero dettagliutente per Scelta Welfare,03-OCT-24 05.30.17.045000 PM
,Dettaglio elenco Cedolini e CU disponibili al download,25-OCT-24 05.49.29.081000 PM
6551.0,Normal user enters the Provvidenza Figli page,03-OCT-24 05.54.06.821000 PM
7900.0,HR/Normal user tries to update the answer,14-OCT-24 03.08.11.323000 PM
7446.0,Normal user assign new grade for the child while creating a request,08-OCT-24 08.14.06.829000 AM
13002446.0,Recupero dettagliutente per Scelta Welfare,14-OCT-24 04.29.32.319000 PM
,Lettura e accettazione dell'accordo di smartworking,03-OCT-24 05.30.14.622000 PM
6161.0,HR tried to update grade,04-OCT-24 05.26.02.511000 PM
6924.0,HR/Normal user tries to update the answer,08-OCT-24 05.10.28.116000 PM
6713.0,Normal / HR user updates the answer,04-OCT-24 05.06.20.097000 PM
13002975.0,HR/Normal user tries to update the answer,22-OCT-24 08.32.27.649000 AM
5601.0,HR/Normal user tries to update the answer,03-OCT-24 05.20.42.568000 PM
5678.0,Normal user assign new grade for the child while creating a request,07-OCT-24 10.37.43.154000 AM
6188.0,Normal user tries to create new Provvidenza request for a child,04-OCT-24 05.22.21.246000 PM
,Download PDF dalla sezione Cedolini,04-OCT-24 06.51.53.438000 PM
5712.0,Normal user enters the Provvidenza Figli page,03-OCT-24 05.32.19.992000 PM
6713.0,HR/Normal user tries to update the answer,04-OCT-24 05.06.31.263000 PM
5095.0,Normal user enters the Provvidenza Figli page,08-OCT-24 04.37.02.888000 PM
7446.0,HR/Normal user tries to update the answer,08-OCT-24 08.14.31.295000 AM
6396.0,HR/Normal user tries to update the answer,08-OCT-24 08.59.55.349000 AM
6924.0,HR/Normal user tries to update the answer,08-OCT-24 05.11.43.761000 PM
6163.0,HR/Normal user tries to update the answer,04-OCT-24 06.50.57.829000 PM
5885.0,Normal user enters the Provvidenza Figli page,08-OCT-24 04.44.14.437000 PM
13002682.0,Recupero dettagli utente per Scelta orario di lavoro,03-OCT-24 11.37.31.634000 AM
11253.0,HR/Normal user tries to update the answer,04-OCT-24 05.04.25.546000 PM
18260.0,Normal user enters the Provvidenza Figli page,04-OCT-24 05.49.10.756000 PM
6396.0,HR tried to update grade,08-OCT-24 08.58.22.124000 AM
,Download PDF dalla sezione Cedolini,02-OCT-24 12.25.07.444000 PM
7941.0,HR/Normal user tries to update the answer,04-OCT-24 05.02.22.666000 PM
13001490.0,HR/Normal user tries to update the answer,04-OCT-24 05.25.47.071000 PM
6058.0,Recupero dettagli utente per Scelta orario di lavoro,02-OCT-24 12.37.05.618000 PM
13002539.0,Recupero dettagliutente per Scelta Welfare,28-OCT-24 04.28.15.497000 PM
19359.0,Normal user enters the Provvidenza Figli page,28-OCT-24 04.15.27.015000 PM
,Download PDF dalla sezione Cedolini,23-OCT-24 10.33.54.427000 AM
,Download PDF dalla sezione Cedolini,28-OCT-24 04.16.50.024000 PM
,Dettaglio elenco Cedolini e CU disponibili al download,28-OCT-24 04.58.12.446000 PM
13002972.0,Recupero dettagliutente per Scelta Welfare,28-OCT-24 04.47.29.738000 PM
7307.0,Dettaglio elenco Cedolini e CU disponibili al download,28-OCT-24 04.14.31.106000 PM
6188.0,Normal user enters the Provvidenza Figli page,01-OCT-24 12.03.10.371000 AM
,Dettaglio elenco Cedolini e CU disponibili al download,28-OCT-24 04.39.25.497000 PM
13002929.0,Verifica possibilità di accesso a fondo pensione per Scelta Welfare,03-OCT-24 11.43.29.309000 AM
,Dettaglio elenco Cedolini e CU disponibili al download,28-OCT-24 04.14.00.716000 PM
6199.0,Normal user enters the Provvidenza Figli page,28-OCT-24 04.50.05.799000 PM
,Dettaglio elenco Cedolini e CU disponibili al download,01-OCT-24 09.02.25.737000 AM
13002973.0,Recupero dettagli utente per Scelta orario di lavoro,28-OCT-24 04.15.59.535000 PM
,Download PDF dalla sezione Cedolini,23-OCT-24 10.36.22.502000 AM
,Dettaglio elenco Cedolini e CU disponibili al download,01-OCT-24 08.29.10.092000 AM
7659.0,Download PDF dalla sezione Cedolini,28-OCT-24 04.12.50.017000 PM
,Dettaglio elenco Cedolini e CU disponibili al download,22-OCT-24 04.52.48.555000 PM
,Download PDF dalla sezione Cedolini,28-OCT-24 04.32.31.555000 PM
7659.0,Download PDF dalla sezione Cedolini,28-OCT-24 04.12.28.877000 PM
,Dettaglio elenco Cedolini e CU disponibili al download,01-OCT-24 09.08.00.342000 AM
15798.0,Download PDF dalla sezione Cedolini,28-OCT-24 04.18.32.579000 PM
7953.0,Download PDF dalla sezione Cedolini,28-OCT-24 04.44.15.889000 PM
7690.0,Dettaglio elenco Cedolini e CU disponibili al download,28-OCT-24 05.04.03.403000 PM
13002224.0,Recupero dettagli utente per Scelta orario di lavoro,01-OCT-24 08.54.56.450000 AM
,Download PDF dalla sezione Cedolini,28-OCT-24 04.10.59.320000 PM
8126.0,Download PDF dalla sezione Cedolini,29-OCT-24 01.46.04.253000 PM
6547.0,Verifica possibilità di accesso a fondo pensione per Scelta Welfare,28-OCT-24 04.57.15.949000 PM
,Download PDF dalla sezione Cedolini,28-OCT-24 04.18.50.714000 PM
,Download PDF dalla sezione Cedolini,15-OCT-24 12.44.14.036000 PM
13001210.0,Verifica possibilità di accesso a fondo pensione per Scelta Welfare,28-OCT-24 04.22.40.774000 PM
8264.0,Normal user enters the Provvidenza Figli page,01-OCT-24 08.47.29.902000 AM
,Download PDF dalla sezione Cedolini,23-OCT-24 10.32.35.688000 AM
,Download PDF dalla sezione Cedolini,23-OCT-24 10.31.57.936000 AM
13001785.0,HR tried to update grade,28-OCT-24 04.56.46.447000 PM
9223.0,Verifica possibilità di accesso a fondo pensione per Scelta Welfare,28-OCT-24 04.18.06.891000 PM
,Dettaglio elenco Cedolini e CU disponibili al download,28-OCT-24 04.52.04.849000 PM
16487.0,Verifica possibilità di accesso a fondo pensione per Scelta Welfare,28-OCT-24 04.26.16.485000 PM
5252.0,Dettaglio elenco Cedolini e CU disponibili al download,28-OCT-24 04.26.54.943000 PM
5448.0,HR/Normal user tries to update the answer,09-OCT-24 08.41.06.190000 AM
6877.0,Dettaglio elenco Cedolini e CU disponibili al download,28-OCT-24 04.49.32.537000 PM
13002224.0,Recupero dettagli utente per invio adesione Fondo Nazionale,01-OCT-24 08.55.34.293000 AM
5929.0,Recupero dettagliutente per Scelta Welfare,28-OCT-24 04.23.18.771000 PM
5266.0,Recupero dettagli utente per invio adesione Fondo Nazionale,28-OCT-24 04.50.00.872000 PM
,Dettaglio elenco Cedolini e CU disponibili al download,25-OCT-24 11.59.20.065000 AM
,Download PDF dalla sezione Cedolini,29-OCT-24 12.54.35.366000 PM
,Download PDF dalla sezione Cedolini,25-OCT-24 11.52.49.207000 AM
7658.0,Dettaglio elenco Cedolini e CU disponibili al download,28-OCT-24 04.23.08.017000 PM
,Dettaglio elenco Cedolini e CU disponibili al download,24-OCT-24 11.13.42.809000 AM
,Dettaglio elenco Cedolini e CU disponibili al download,25-OCT-24 11.40.35.209000 AM
8126.0,Download PDF dalla sezione Cedolini,29-OCT-24 01.41.39.365000 PM
,Download PDF dalla sezione Cedolini,25-OCT-24 12.12.03.596000 PM
13000848.0,Verifica possibilità di accesso a fondo pensione per Scelta Welfare,29-OCT-24 12.48.06.671000 PM
,Dettaglio elenco Cedolini e CU disponibili al download,28-OCT-24 04.42.34.368000 PM
5934.0,HR/Normal user tries to update the answer,07-OCT-24 02.13.20.862000 PM
,Dettaglio elenco Cedolini e CU disponibili al download,24-OCT-24 07.19.10.834000 PM
,Dettaglio elenco Cedolini e CU disponibili al download,25-OCT-24 11.40.45.685000 AM
5533.0,Download PDF dalla sezione Cedolini,09-OCT-24 09.30.04.246000 AM
8126.0,Download PDF dalla sezione Cedolini,29-OCT-24 01.41.52.450000 PM
,Dettaglio elenco Cedolini e CU disponibili al download,07-OCT-24 02.15.34.378000 PM
,Download PDF dalla sezione Cedolini,07-OCT-24 02.28.24.012000 PM
,Dettaglio elenco Cedolini e CU disponibili al download,29-OCT-24 12.34.05.863000 PM
5537.0,Dettaglio elenco Cedolini e CU disponibili al download,29-OCT-24 12.39.10.192000 PM
13002986.0,Verifica possibilità di accesso a fondo pensione per Scelta Welfare,22-OCT-24 05.09.47.527000 PM
7684.0,Recupero dettagliutente per Scelta Welfare,21-OCT-24 08.59.04.030000 AM
6258.0,Recupero dettagliutente per Scelta Welfare,03-OCT-24 11.37.42.163000 AM
6199.0,Normal user enters the Provvidenza Figli page,10-OCT-24 04.27.08.570000 PM
5487.0,Normal user enters the Provvidenza Figli page,09-OCT-24 08.58.26.991000 AM
,Download PDF dalla sezione Cedolini,25-OCT-24 08.34.08.454000 AM
13002972.0,Recupero dettagliutente per Scelta Welfare,21-OCT-24 02.41.22.112000 PM
9049.0,Normal user enters the Provvidenza Figli page,09-OCT-24 09.21.06.883000 AM
15048.0,HR user tries to load Funzioni Batch,25-OCT-24 12.44.03.494000 PM
,Dettaglio elenco Cedolini e CU disponibili al download,25-OCT-24 09.02.36.811000 AM
,Dettaglio elenco Cedolini e CU disponibili al download,09-OCT-24 08.35.13.991000 AM
,Download PDF dalla sezione Cedolini,24-OCT-24 05.51.02.924000 PM
7852.0,Normal user assign new grade for the child while creating a request,07-OCT-24 02.29.59.664000 PM
5524.0,Normal user assign new grade for the child while creating a request,14-OCT-24 09.09.48.847000 AM
13002843.0,Normal user assign new grade for the child while creating a request,30-OCT-24 03.37.03.921000 PM
13002843.0,HR/Normal user tries to update the answer,30-OCT-24 03.37.29.164000 PM
6860.0,Normal user tries to create new Provvidenza request for a child,07-OCT-24 08.21.07.646000 PM
,Dettaglio elenco Cedolini e CU disponibili al download,29-OCT-24 04.56.14.077000 PM
16786.0,Download PDF dalla sezione Cedolini,11-OCT-24 08.52.29.080000 AM
5487.0,HR/Normal user tries to update the answer,09-OCT-24 08.58.04.463000 AM
,Dettaglio elenco Cedolini e CU disponibili al download,14-OCT-24 09.53.55.013000 AM
13002972.0,Verifica possibilità di accesso a fondo pensione per Scelta Welfare,21-OCT-24 02.41.22.584000 PM
,Download PDF dalla sezione Cedolini,06-OCT-24 10.17.39.447000 AM
7382.0,Verifica possibilità di accesso a fondo pensione per Scelta Welfare,14-OCT-24 08.51.58.082000 AM
13002169.0,Normal user enters the Provvidenza Figli page,30-OCT-24 03.57.19.757000 PM
,Download PDF dalla sezione Cedolini,30-OCT-24 04.02.59.428000 PM
5336.0,Normal user enters the Provvidenza Figli page,03-OCT-24 02.36.05.552000 PM
18381.0,Recupero dettagli utente per Scelta orario di lavoro,25-OCT-24 12.14.53.386000 PM
7199.0,HR tried to update grade,03-OCT-24 01.30.44.746000 PM
7199.0,Normal user tries to create new Provvidenza request for a child,03-OCT-24 01.29.47.518000 PM
7193.0,Normal user assign new grade for the child while creating a request,03-OCT-24 02.36.08.701000 PM
5725.0,HR/Normal user tries to update the answer,03-OCT-24 02.02.16.056000 PM
13002843.0,Normal user tries to create new Provvidenza request for a child,30-OCT-24 03.37.03.788000 PM
9407.0,HR/Normal user tries to update the answer,03-OCT-24 01.36.26.756000 PM
,Dettaglio elenco Cedolini e CU disponibili al download,25-OCT-24 11.43.45.754000 AM
8350.0,HR/Normal user tries to update the answer,03-OCT-24 01.22.59.920000 PM
6850.0,HR/Normal user tries to update the answer,03-OCT-24 01.27.06.805000 PM
,Download PDF dalla sezione Cedolini,06-OCT-24 01.36.25.361000 AM
6389.0,HR/Normal user tries to update the answer,08-OCT-24 10.36.47.619000 AM
,Dettaglio elenco Cedolini e CU disponibili al download,25-OCT-24 11.52.37.809000 AM
5840.0,Normal user enters the Provvidenza Figli page,03-OCT-24 02.08.55.050000 PM
9774.0,HR tried to update grade,03-OCT-24 02.08.29.307000 PM
,Dettaglio elenco Cedolini e CU disponibili al download,30-OCT-24 02.44.42.704000 PM
9368.0,HR/Normal user tries to update the answer,03-OCT-24 01.33.03.908000 PM
9098.0,HR/Normal user tries to update the answer,03-OCT-24 01.24.43.552000 PM
6372.0,HR/Normal user tries to update the answer,03-OCT-24 01.26.11.159000 PM
7207.0,Normal user enters the Provvidenza Figli page,03-OCT-24 01.25.54.741000 PM
5920.0,HR/Normal user tries to update the answer,03-OCT-24 02.25.56.252000 PM
9098.0,Normal user enters the Provvidenza Figli page,03-OCT-24 01.25.20.144000 PM
7207.0,Verifica possibilità di accesso a fondo pensione per Scelta Welfare,03-OCT-24 01.30.14.174000 PM
16786.0,Dettaglio elenco Cedolini e CU disponibili al download,25-OCT-24 11.31.18.734000 AM
,Download PDF dalla sezione Cedolini,25-OCT-24 08.22.14.715000 AM
7047.0,HR/Normal user tries to update the answer,03-OCT-24 01.28.38.116000 PM
13001175.0,HR/Normal user tries to update the answer,03-OCT-24 01.30.59.092000 PM
5622.0,Normal user tries to create new Provvidenza request for a child,17-OCT-24 08.10.51.114000 AM
13000760.0,HR/Normal user tries to update the answer,03-OCT-24 01.36.13.360000 PM
13001862.0,HR/Normal user tries to update the answer,03-OCT-24 01.35.08.614000 PM
7989.0,HR/Normal user tries to update the answer,03-OCT-24 02.28.34.575000 PM
9846.0,HR/Normal user tries to update the answer,03-OCT-24 02.25.55.120000 PM
5704.0,HR/Normal user tries to update the answer,03-OCT-24 01.28.06.843000 PM
7034.0,HR/Normal user tries to update the answer,03-OCT-24 02.08.02.841000 PM
6736.0,Normal user enters the Provvidenza Figli page,03-OCT-24 02.08.14.427000 PM
15872.0,Normal user enters the Provvidenza Figli page,09-OCT-24 09.58.51.990000 AM
7185.0,HR/Normal user tries to update the answer,03-OCT-24 02.28.15.454000 PM
5993.0,Recupero dettagli utente per Scelta orario di lavoro,03-OCT-24 01.24.56.868000 PM
5736.0,HR/Normal user tries to update the answer,03-OCT-24 02.26.05.182000 PM
6778.0,HR/Normal user tries to update the answer,03-OCT-24 01.32.34.942000 PM
5920.0,HR/Normal user tries to update the answer,03-OCT-24 02.25.39.294000 PM
5994.0,Normal user update grade for a child,03-OCT-24 01.46.36.654000 PM
,Download PDF dalla sezione Cedolini,25-OCT-24 11.40.36.447000 AM
5689.0,HR/Normal user tries to update the answer,03-OCT-24 02.16.05.761000 PM
,Download PDF dalla sezione Cedolini,25-OCT-24 11.22.50.435000 AM
5575.0,Normal user enters the Provvidenza Figli page,03-OCT-24 01.44.39.893000 PM
6206.0,Normal user assign new grade for the child while creating a request,03-OCT-24 01.26.36.229000 PM
5607.0,Normal user enters the Provvidenza Figli page,08-OCT-24 10.10.11.918000 AM
6778.0,Normal user assign new grade for the child while creating a request,03-OCT-24 01.31.53.475000 PM
7199.0,HR/Normal user tries to update the answer,03-OCT-24 01.30.48.044000 PM
6243.0,Dettaglio elenco Cedolini e CU disponibili al download,03-OCT-24 02.14.55.850000 PM
6258.0,HR/Normal user tries to update the answer,03-OCT-24 01.23.06.408000 PM
,Dettaglio elenco Cedolini e CU disponibili al download,03-OCT-24 01.27.42.690000 PM
9223.0,Normal user assign new grade for the child while creating a request,03-OCT-24 02.05.58.040000 PM
7111.0,Normal user enters the Provvidenza Figli page,03-OCT-24 02.29.37.228000 PM
5694.0,Normal user assign new grade for the child while creating a request,03-OCT-24 02.05.15.958000 PM
6243.0,Normal user enters the Provvidenza Figli page,03-OCT-24 02.10.42.452000 PM
,Download PDF dalla sezione Cedolini,25-OCT-24 08.08.56.634000 AM
5977.0,Normal user assign new grade for the child while creating a request,03-OCT-24 01.34.56.908000 PM
7926.0,Normal user tries to create new Provvidenza request for a child,03-OCT-24 02.35.54.217000 PM
8079.0,HR/Normal user tries to update the answer,03-OCT-24 02.23.23.540000 PM
6770.0,Normal user enters the Provvidenza Figli page,03-OCT-24 02.30.44.047000 PM
5527.0,Normal user enters the Provvidenza Figli page,08-OCT-24 10.10.14.662000 AM
7268.0,HR/Normal user tries to update the answer,03-OCT-24 02.03.16.933000 PM
5891.0,Normal user enters the Provvidenza Figli page,03-OCT-24 01.26.06.535000 PM
7989.0,HR/Normal user tries to update the answer,03-OCT-24 02.26.40.449000 PM
5884.0,Recupero dettagliutente per Scelta Welfare,03-OCT-24 01.50.14.123000 PM
7876.0,HR/Normal user tries to update the answer,03-OCT-24 01.51.01.963000 PM
5562.0,Normal user enters the Provvidenza Figli page,03-OCT-24 01.28.42.324000 PM
7989.0,HR/Normal user tries to update the answer,03-OCT-24 02.29.21.904000 PM
6970.0,Recupero dettagliutente per Scelta Welfare,03-OCT-24 02.32.52.005000 PM
6578.0,HR/Normal user tries to update the answer,03-OCT-24 02.10.38.574000 PM
5683.0,Normal user enters the Provvidenza Figli page,15-OCT-24 10.36.05.944000 AM
5977.0,HR/Normal user tries to update the answer,03-OCT-24 01.35.06.080000 PM
5409.0,Normal user assign new grade for the child while creating a request,03-OCT-24 01.58.33.064000 PM
6047.0,HR/Normal user tries to update the answer,10-OCT-24 04.15.39.309000 PM
6226.0,HR/Normal user tries to update the answer,03-OCT-24 02.37.23.728000 PM
5332.0,Normal user enters the Provvidenza Figli page,03-OCT-24 02.31.58.135000 PM
7539.0,HR/Normal user tries to update the answer,03-OCT-24 01.48.02.162000 PM
7733.0,HR/Normal user tries to update the answer,03-OCT-24 02.36.57.165000 PM
16805.0,Normal user assign new grade for the child while creating a request,03-OCT-24 01.36.27.528000 PM
5725.0,HR/Normal user tries to update the answer,03-OCT-24 02.02.14.534000 PM
6021.0,Normal user enters the Provvidenza Figli page,03-OCT-24 02.18.13.619000 PM
5694.0,HR/Normal user tries to update the answer,03-OCT-24 02.06.37.748000 PM
13001053.0,HR/Normal user tries to update the answer,03-OCT-24 01.43.25.417000 PM
,Dettaglio elenco Cedolini e CU disponibili al download,15-OCT-24 09.15.51.423000 AM
7193.0,Normal user enters the Provvidenza Figli page,03-OCT-24 02.36.52.938000 PM
6150.0,HR/Normal user tries to update the answer,03-OCT-24 02.21.48.682000 PM
17119.0,HR/Normal user tries to update the answer,03-OCT-24 02.07.45.129000 PM
5336.0,HR/Normal user tries to update the answer,03-OCT-24 02.35.23.209000 PM
5918.0,HR/Normal user tries to update the answer,03-OCT-24 01.55.28.294000 PM
5875.0,Normal user enters the Provvidenza Figli page,03-OCT-24 01.47.11.754000 PM
10644.0,HR/Normal user tries to update the answer,03-OCT-24 02.30.15.303000 PM
5657.0,Normal user enters the Provvidenza Figli page,03-OCT-24 02.17.20.264000 PM
7932.0,Normal user enters the Provvidenza Figli page,03-OCT-24 01.45.59.290000 PM
6450.0,HR/Normal user tries to update the answer,03-OCT-24 01.26.30.514000 PM
6531.0,HR/Normal user tries to update the answer,03-OCT-24 02.33.46.558000 PM
7733.0,Dettaglio elenco Cedolini e CU disponibili al download,03-OCT-24 02.37.42.879000 PM
6815.0,HR/Normal user tries to update the answer,03-OCT-24 02.27.08.963000 PM
7047.0,Normal / HR user updates the answer,03-OCT-24 01.28.47.463000 PM
7185.0,Normal user enters the Provvidenza Figli page,03-OCT-24 02.27.28.914000 PM
7040.0,Normal user tries to create new Provvidenza request for a child,03-OCT-24 02.06.21.546000 PM
6787.0,HR/Normal user tries to update the answer,03-OCT-24 01.44.40.435000 PM
6685.0,Normal user assign new grade for the child while creating a request,03-OCT-24 02.13.09.507000 PM
6183.0,HR/Normal user tries to update the answer,03-OCT-24 04.20.27.534000 PM
7123.0,Normal user enters the Provvidenza Figli page,03-OCT-24 01.58.28.367000 PM
,Dettaglio elenco Cedolini e CU disponibili al download,25-OCT-24 08.12.54.281000 AM
6179.0,Dettaglio elenco Cedolini e CU disponibili al download,03-OCT-24 01.25.54.691000 PM
6226.0,HR/Normal user tries to update the answer,03-OCT-24 02.37.31.167000 PM
5975.0,Normal user enters the Provvidenza Figli page,03-OCT-24 01.58.33.675000 PM
6763.0,HR/Normal user tries to update the answer,03-OCT-24 01.26.30.765000 PM
7331.0,HR/Normal user tries to update the answer,03-OCT-24 02.05.54.699000 PM
7123.0,Normal user enters the Provvidenza Figli page,03-OCT-24 01.55.26.774000 PM
9223.0,Dettaglio elenco Cedolini e CU disponibili al download,03-OCT-24 02.09.02.149000 PM
7989.0,HR/Normal user tries to update the answer,03-OCT-24 02.26.35.190000 PM
7876.0,HR/Normal user tries to update the answer,03-OCT-24 01.51.15.897000 PM
6221.0,HR/Normal user tries to update the answer,03-OCT-24 02.28.52.382000 PM
6024.0,Normal user tries to create new Provvidenza request for a child,08-OCT-24 10.07.44.513000 AM
6135.0,Normal user enters the Provvidenza Figli page,03-OCT-24 02.37.38.372000 PM
6059.0,HR/Normal user tries to update the answer,03-OCT-24 01.30.07.729000 PM
7002.0,Normal user assign new grade for the child while creating a request,03-OCT-24 01.31.14.455000 PM
8274.0,Normal user tries to create new Provvidenza request for a child,03-OCT-24 02.14.47.728000 PM
8305.0,HR/Normal user tries to update the answer,03-OCT-24 02.04.59.424000 PM
16786.0,Normal user tries to create new Provvidenza request for a child,03-OCT-24 01.48.24.333000 PM
7539.0,HR/Normal user tries to update the answer,03-OCT-24 01.48.05.390000 PM
5336.0,HR/Normal user tries to update the answer,03-OCT-24 02.35.48.491000 PM
6844.0,Normal user assign new grade for the child while creating a request,03-OCT-24 01.31.30.813000 PM
7173.0,Normal user assign new grade for the child while creating a request,03-OCT-24 04.26.28.940000 PM
13001928.0,Normal / HR user updates the answer,03-OCT-24 04.35.03.836000 PM
,Dettaglio elenco Cedolini e CU disponibili al download,25-OCT-24 08.10.01.164000 AM
5869.0,HR/Normal user tries to update the answer,03-OCT-24 02.32.39.872000 PM
9543.0,Verifica possibilità di accesso a fondo pensione per Scelta Welfare,03-OCT-24 01.41.34.230000 PM
6364.0,Normal user enters the Provvidenza Figli page,03-OCT-24 01.30.24.214000 PM
5994.0,Normal / HR user updates the answer,03-OCT-24 01.46.41.087000 PM
7499.0,HR/Normal user tries to update the answer,03-OCT-24 02.34.24.034000 PM
6144.0,HR/Normal user tries to update the answer,03-OCT-24 02.19.22.855000 PM
6131.0,Normal user enters the Provvidenza Figli page,03-OCT-24 01.41.27.674000 PM
5725.0,Normal user assign new grade for the child while creating a request,03-OCT-24 02.00.31.244000 PM
7487.0,Normal user enters the Provvidenza Figli page,03-OCT-24 01.26.20.757000 PM
8116.0,Normal user tries to create new Provvidenza request for a child,03-OCT-24 01.30.28.541000 PM
6582.0,Normal user enters the Provvidenza Figli page,03-OCT-24 02.05.20.706000 PM
7034.0,HR/Normal user tries to update the answer,03-OCT-24 02.08.32.424000 PM
7256.0,Normal user enters the Provvidenza Figli page,03-OCT-24 05.03.01.697000 PM
6582.0,HR/Normal user tries to update the answer,03-OCT-24 02.04.47.450000 PM
9098.0,Normal user assign new grade for the child while creating a request,03-OCT-24 01.23.46.167000 PM
6081.0,Normal user assign new grade for the child while creating a request,03-OCT-24 02.31.25.322000 PM
7637.0,Dettaglio elenco Cedolini e CU disponibili al download,03-OCT-24 01.27.08.311000 PM
7637.0,HR/Normal user tries to update the answer,03-OCT-24 01.26.32.809000 PM
17151.0,Normal user enters the Provvidenza Figli page,11-OCT-24 06.12.07.606000 PM
16895.0,Normal user enters the Provvidenza Figli page,03-OCT-24 01.24.48.969000 PM
5366.0,HR/Normal user tries to update the answer,21-OCT-24 01.12.56.449000 PM
6844.0,HR/Normal user tries to update the answer,03-OCT-24 01.31.49.877000 PM
9473.0,HR/Normal user tries to update the answer,03-OCT-24 01.25.25.159000 PM
5227.0,Normal user tries to create new Provvidenza request for a child,03-OCT-24 01.25.37.487000 PM
6367.0,Normal user enters the Provvidenza Figli page,03-OCT-24 01.24.45.263000 PM
5659.0,Normal user tries to create new Provvidenza request for a child,03-OCT-24 02.18.50.853000 PM
5957.0,HR/Normal user tries to update the answer,03-OCT-24 01.36.21.485000 PM
6059.0,Normal user enters the Provvidenza Figli page,03-OCT-24 01.36.47.775000 PM
7436.0,HR/Normal user tries to update the answer,03-OCT-24 02.16.30.020000 PM
,Dettaglio elenco Cedolini e CU disponibili al download,03-OCT-24 01.49.11.192000 PM
5920.0,Normal user enters the Provvidenza Figli page,03-OCT-24 02.27.01.678000 PM
,Download PDF dalla sezione Cedolini,11-OCT-24 07.04.58.595000 PM
7819.0,HR/Normal user tries to update the answer,03-OCT-24 01.47.33.606000 PM
6561.0,Normal user enters the Provvidenza Figli page,03-OCT-24 02.03.13.606000 PM
6980.0,HR/Normal user tries to update the answer,03-OCT-24 01.38.04.072000 PM
5775.0,Normal user enters the Provvidenza Figli page,03-OCT-24 02.21.28.245000 PM
7331.0,HR/Normal user tries to update the answer,03-OCT-24 02.05.59.445000 PM
7689.0,HR/Normal user tries to update the answer,03-OCT-24 02.31.46.092000 PM
13000484.0,Normal user enters the Provvidenza Figli page,03-OCT-24 02.16.34.093000 PM
9887.0,Verifica possibilità di accesso a fondo pensione per Scelta Welfare,22-OCT-24 01.49.56.232000 PM
5843.0,Normal user tries to create new Provvidenza request for a child,08-OCT-24 03.02.02.776000 PM
7836.0,HR/Normal user tries to update the answer,03-OCT-24 01.23.33.165000 PM
10644.0,HR/Normal user tries to update the answer,03-OCT-24 02.30.22.532000 PM
8049.0,HR/Normal user tries to update the answer,03-OCT-24 02.32.18.563000 PM
13002733.0,HR tried to update grade,03-OCT-24 02.31.14.356000 PM
6080.0,Normal user tries to create new Provvidenza request for a child,03-OCT-24 02.32.08.077000 PM
17151.0,HR/Normal user tries to update the answer,11-OCT-24 06.12.56.885000 PM
6827.0,Normal user assign new grade for the child while creating a request,03-OCT-24 01.55.10.154000 PM
6531.0,HR/Normal user tries to update the answer,03-OCT-24 02.33.30.222000 PM
6154.0,Normal user tries to create new Provvidenza request for a child,03-OCT-24 02.34.22.560000 PM
5616.0,HR/Normal user tries to update the answer,03-OCT-24 02.34.19.434000 PM
13000760.0,HR/Normal user tries to update the answer,03-OCT-24 01.36.15.544000 PM
6021.0,HR/Normal user tries to update the answer,03-OCT-24 02.18.51.599000 PM
5995.0,HR/Normal user tries to update the answer,03-OCT-24 02.33.09.057000 PM
7949.0,HR/Normal user tries to update the answer,03-OCT-24 01.35.59.311000 PM
,Download PDF dalla sezione Cedolini,08-OCT-24 03.24.52.692000 PM
8287.0,HR/Normal user tries to update the answer,03-OCT-24 02.33.27.042000 PM
8730.0,Normal user enters the Provvidenza Figli page,18-OCT-24 02.10.36.899000 PM
6528.0,HR/Normal user tries to update the answer,03-OCT-24 02.31.19.085000 PM
5840.0,Normal user tries to create new Provvidenza request for a child,03-OCT-24 02.19.28.950000 PM
,Download PDF dalla sezione Cedolini,28-OCT-24 11.59.23.608000 AM
5351.0,HR/Normal user tries to update the answer,04-OCT-24 11.24.58.963000 AM
13002840.0,HR/Normal user tries to update the answer,08-OCT-24 03.02.59.370000 PM
6887.0,Normal / HR user updates the answer,08-OCT-24 02.58.52.349000 PM
,Download PDF dalla sezione Cedolini,28-OCT-24 11.58.35.186000 AM
13002973.0,Verifica possibilità di accesso a fondo pensione per Scelta Welfare,17-OCT-24 05.32.52.306000 PM
,Dettaglio elenco Cedolini e CU disponibili al download,23-OCT-24 05.23.56.794000 PM
17188.0,Normal user enters the Provvidenza Figli page,04-OCT-24 11.36.44.258000 AM
,Dettaglio elenco Cedolini e CU disponibili al download,01-OCT-24 09.54.30.466000 AM
,Dettaglio elenco Cedolini e CU disponibili al download,28-OCT-24 11.31.29.620000 AM
7371.0,Normal user tries to create new Provvidenza request for a child,18-OCT-24 03.18.41.163000 PM
7718.0,Normal user tries to create new Provvidenza request for a child,03-OCT-24 02.08.48.547000 PM
,Dettaglio elenco Cedolini e CU disponibili al download,09-OCT-24 08.45.47.539000 AM
,Dettaglio elenco Cedolini e CU disponibili al download,28-OCT-24 11.59.54.703000 AM
13001053.0,Normal user enters the Provvidenza Figli page,03-OCT-24 01.44.27.120000 PM
7564.0,Normal user tries to create new Provvidenza request for a child,08-OCT-24 06.58.58.918000 AM
5487.0,Normal user enters the Provvidenza Figli page,09-OCT-24 08.56.47.602000 AM
6380.0,HR/Normal user tries to update the answer,03-OCT-24 05.12.11.594000 PM
17151.0,HR/Normal user tries to update the answer,11-OCT-24 06.09.40.826000 PM
5448.0,HR tried to update grade,09-OCT-24 08.40.56.960000 AM
6895.0,Normal user enters the Provvidenza Figli page,08-OCT-24 11.33.48.280000 AM
6843.0,HR/Normal user tries to update the answer,04-OCT-24 12.21.15.879000 PM
5302.0,HR tried to update grade,03-OCT-24 01.25.35.243000 PM
6895.0,HR/Normal user tries to update the answer,08-OCT-24 11.34.18.164000 AM
6154.0,Normal user tries to create new Provvidenza request for a child,03-OCT-24 02.33.45.343000 PM
7342.0,HR/Normal user tries to update the answer,03-OCT-24 01.16.12.044000 PM
7296.0,Normal user enters the Provvidenza Figli page,03-OCT-24 01.15.30.109000 PM
6367.0,HR/Normal user tries to update the answer,03-OCT-24 01.24.19.601000 PM
13001303.0,Normal user assign new grade for the child while creating a request,08-OCT-24 11.18.43.187000 AM
18134.0,Normal user tries to create new Provvidenza request for a child,08-OCT-24 03.33.05.565000 PM
7243.0,HR/Normal user tries to update the answer,03-OCT-24 01.24.32.919000 PM
13001767.0,HR/Normal user tries to update the answer,03-OCT-24 01.30.24.644000 PM
7296.0,HR/Normal user tries to update the answer,03-OCT-24 01.16.04.244000 PM
8350.0,HR/Normal user tries to update the answer,03-OCT-24 01.21.45.440000 PM
9407.0,HR/Normal user tries to update the answer,03-OCT-24 01.36.08.768000 PM
15870.0,Normal user update grade for a child,03-OCT-24 01.18.25.173000 PM
6597.0,HR/Normal user tries to update the answer,03-OCT-24 01.17.18.566000 PM
6839.0,Normal user enters the Provvidenza Figli page,03-OCT-24 01.18.09.510000 PM
8453.0,HR/Normal user tries to update the answer,03-OCT-24 01.18.45.682000 PM
6164.0,Normal user assign new grade for the child while creating a request,03-OCT-24 01.15.38.458000 PM
6992.0,HR/Normal user tries to update the answer,03-OCT-24 01.16.13.851000 PM
5130.0,HR/Normal user tries to update the answer,03-OCT-24 01.20.35.269000 PM
7016.0,Normal user assign new grade for the child while creating a request,03-OCT-24 01.19.19.591000 PM
,Lettura e accettazione dell'accordo di smartworking,08-OCT-24 11.09.28.955000 AM
,Dettaglio elenco Cedolini e CU disponibili al download,24-OCT-24 02.48.46.247000 PM
6374.0,Normal / HR user updates the answer,08-OCT-24 11.34.57.602000 AM
5494.0,Normal / HR user updates the answer,03-OCT-24 05.17.37.651000 PM
16672.0,Normal user tries to create new Provvidenza request for a child,09-OCT-24 03.21.33.887000 PM
,Dettaglio elenco Cedolini e CU disponibili al download,08-OCT-24 10.00.12.027000 PM
,Dettaglio elenco Cedolini e CU disponibili al download,01-OCT-24 03.23.20.112000 PM
,Dettaglio elenco Cedolini e CU disponibili al download,01-OCT-24 03.33.44.809000 PM
,Dettaglio elenco Cedolini e CU disponibili al download,08-OCT-24 11.05.30.984000 AM
6169.0,Normal user tries to create new Provvidenza request for a child,04-OCT-24 05.46.39.513000 PM
,Download PDF dalla sezione Cedolini,24-OCT-24 09.29.58.791000 PM
,Download PDF dalla sezione Cedolini,24-OCT-24 09.00.14.923000 PM
6713.0,Normal user enters the Provvidenza Figli page,04-OCT-24 05.08.25.728000 PM
13001303.0,HR/Normal user tries to update the answer,08-OCT-24 11.20.20.789000 AM
6161.0,HR/Normal user tries to update the answer,04-OCT-24 05.27.23.411000 PM
9049.0,HR/Normal user tries to update the answer,09-OCT-24 09.22.14.431000 AM
6188.0,Normal user assign new grade for the child while creating a request,04-OCT-24 05.22.21.337000 PM
7816.0,Recupero dettagliutente per Scelta Welfare,02-OCT-24 03.14.46.642000 PM
6199.0,Normal user enters the Provvidenza Figli page,29-OCT-24 12.07.10.553000 PM
6161.0,HR/Normal user tries to update the answer,04-OCT-24 05.26.09.679000 PM
6422.0,Normal user assign new grade for the child while creating a request,09-OCT-24 04.24.19.449000 PM
6058.0,Normal user enters the Provvidenza Figli page,09-OCT-24 03.54.11.009000 PM
6422.0,HR/Normal user tries to update the answer,09-OCT-24 04.22.11.727000 PM
5324.0,Recupero dettagli utente per Scelta orario di lavoro,09-OCT-24 08.35.05.272000 AM
6169.0,Normal user assign new grade for the child while creating a request,04-OCT-24 05.46.39.652000 PM
,Dettaglio elenco Cedolini e CU disponibili al download,04-OCT-24 05.18.50.083000 PM
6246.0,Recupero dettagliutente per Scelta Welfare,29-OCT-24 11.02.25.070000 AM
,Dettaglio elenco Cedolini e CU disponibili al download,29-OCT-24 11.32.30.337000 AM
,Download PDF dalla sezione Cedolini,30-OCT-24 11.28.24.856000 AM
8324.0,Download PDF dalla sezione Cedolini,02-OCT-24 07.28.45.223000 PM
6188.0,Normal user enters the Provvidenza Figli page,04-OCT-24 05.20.57.951000 PM
,Accesso alle funzionalità BackOffice di Cedolini e CU per dettaglio PDF caricati per società,24-OCT-24 04.58.25.394000 PM
,Dettaglio elenco Cedolini e CU disponibili al download,24-OCT-24 05.08.18.368000 PM
,Download PDF dalla sezione Cedolini,24-OCT-24 09.55.36.056000 PM
18260.0,Normal / HR user updates the answer,04-OCT-24 05.51.31.993000 PM
,Accesso alle funzionalità BackOffice di Cedolini e CU per dettaglio PDF caricati per società,24-OCT-24 04.57.29.130000 PM
5432.0,HR/Normal user tries to update the answer,11-OCT-24 08.46.08.847000 AM
5849.0,Normal user tries to create new Provvidenza request for a child,03-OCT-24 07.19.39.026000 PM
5565.0,Dettaglio elenco Cedolini e CU disponibili al download,02-OCT-24 09.12.43.399000 AM
14621.0,HR/Normal user tries to update the answer,04-OCT-24 12.30.46.062000 PM
6479.0,HR/Normal user tries to update the answer,11-OCT-24 09.13.52.544000 AM
,Dettaglio elenco Cedolini e CU disponibili al download,01-OCT-24 07.19.39.804000 PM
6479.0,HR/Normal user tries to update the answer,11-OCT-24 09.14.30.680000 AM
7044.0,Normal user enters the Provvidenza Figli page,03-OCT-24 07.35.36.233000 PM
6371.0,Normal user assign new grade for the child while creating a request,03-OCT-24 06.36.24.555000 PM
7703.0,Normal user assign new grade for the child while creating a request,04-OCT-24 12.43.12.956000 PM
13002971.0,Recupero dettagli utente per Scelta orario di lavoro,30-OCT-24 01.22.35.003000 PM
6479.0,HR/Normal user tries to update the answer,11-OCT-24 09.14.37.315000 AM
13001668.0,HR tried to update grade,08-OCT-24 09.52.53.941000 AM
,Dettaglio elenco Cedolini e CU disponibili al download,24-OCT-24 04.59.04.501000 PM
13001081.0,Normal user enters the Provvidenza Figli page,04-OCT-24 12.40.08.049000 PM
6558.0,HR/Normal user tries to update the answer,03-OCT-24 05.10.26.250000 PM
16786.0,Dettaglio elenco Cedolini e CU disponibili al download,11-OCT-24 08.53.06.079000 AM
7325.0,Normal user enters the Provvidenza Figli page,04-OCT-24 01.04.31.178000 PM
5613.0,Normal user enters the Provvidenza Figli page,04-OCT-24 12.26.46.372000 PM
7998.0,HR/Normal user tries to update the answer,03-OCT-24 05.04.57.734000 PM
6479.0,HR/Normal user tries to update the answer,11-OCT-24 09.14.10.050000 AM
7256.0,HR/Normal user tries to update the answer,03-OCT-24 05.03.10.630000 PM
7044.0,Normal user assign new grade for the child while creating a request,03-OCT-24 07.35.53.061000 PM
6484.0,HR/Normal user tries to update the answer,08-OCT-24 08.13.36.910000 PM
7044.0,HR/Normal user tries to update the answer,03-OCT-24 07.36.23.239000 PM
6558.0,HR/Normal user tries to update the answer,03-OCT-24 05.09.38.320000 PM
,Dettaglio elenco Cedolini e CU disponibili al download,28-OCT-24 02.26.18.048000 PM
7000.0,Normal user enters the Provvidenza Figli page,03-OCT-24 06.57.37.244000 PM
6843.0,Normal user enters the Provvidenza Figli page,04-OCT-24 12.22.53.023000 PM
7998.0,Normal user assign new grade for the child while creating a request,03-OCT-24 05.04.35.008000 PM
,Download PDF dalla sezione Cedolini,22-OCT-24 09.31.40.132000 PM
6529.0,Normal / HR user updates the answer,10-OCT-24 08.34.21.126000 AM
6479.0,Normal user enters the Provvidenza Figli page,11-OCT-24 09.12.50.326000 AM
5577.0,HR/Normal user tries to update the answer,04-OCT-24 12.56.25.713000 PM
6181.0,HR/Normal user tries to update the answer,11-OCT-24 12.24.35.032000 PM
6558.0,HR/Normal user tries to update the answer,03-OCT-24 05.07.19.651000 PM
,Dettaglio elenco Cedolini e CU disponibili al download,04-OCT-24 12.39.05.412000 PM
6484.0,HR/Normal user tries to update the answer,08-OCT-24 08.14.53.116000 PM
5651.0,Normal user assign new grade for the child while creating a request,03-OCT-24 02.44.41.078000 PM
6118.0,Normal user assign new grade for the child while creating a request,08-OCT-24 07.13.35.624000 PM
,Dettaglio elenco Cedolini e CU disponibili al download,28-OCT-24 08.58.10.628000 AM
6617.0,HR/Normal user tries to update the answer,03-OCT-24 02.37.58.482000 PM
6118.0,HR/Normal user tries to update the answer,08-OCT-24 07.14.02.417000 PM
5746.0,Normal user assign new grade for the child while creating a request,04-OCT-24 10.17.01.615000 AM
,Download PDF dalla sezione Cedolini,15-OCT-24 03.00.58.389000 PM
,Download PDF dalla sezione Cedolini,04-OCT-24 01.32.51.247000 PM
,Download PDF dalla sezione Cedolini,28-OCT-24 03.05.25.491000 PM
,Dettaglio elenco Cedolini e CU disponibili al download,15-OCT-24 03.28.22.260000 PM
6529.0,Normal user update grade for a child,10-OCT-24 08.33.51.551000 AM
,Download PDF dalla sezione Cedolini,28-OCT-24 02.56.36.334000 PM
13002288.0,Verifica possibilità di accesso a fondo pensione per Scelta Welfare,15-OCT-24 03.29.08.587000 PM
8203.0,Recupero dettagliutente per Scelta Welfare,28-OCT-24 02.52.27.122000 PM
8622.0,HR/Normal user tries to update the answer,04-OCT-24 10.18.08.820000 AM
,Dettaglio elenco Cedolini e CU disponibili al download,28-OCT-24 02.31.59.889000 PM
14647.0,Normal user assign new grade for the child while creating a request,04-OCT-24 10.15.59.144000 AM
,Dettaglio elenco Cedolini e CU disponibili al download,28-OCT-24 02.13.49.799000 PM
7234.0,HR/Normal user tries to update the answer,04-OCT-24 10.30.37.730000 AM
5633.0,HR/Normal user tries to update the answer,04-OCT-24 10.13.54.147000 AM
6122.0,HR/Normal user tries to update the answer,03-OCT-24 02.58.09.138000 PM
7073.0,HR/Normal user tries to update the answer,04-OCT-24 11.06.30.336000 AM
,Download PDF dalla sezione Cedolini,10-OCT-24 09.03.53.065000 AM
6363.0,Normal user assign new grade for the child while creating a request,04-OCT-24 10.40.09.112000 AM
7564.0,HR/Normal user tries to update the answer,08-OCT-24 06.58.39.070000 AM
5746.0,Normal user enters the Provvidenza Figli page,04-OCT-24 10.15.29.250000 AM
17897.0,Normal user enters the Provvidenza Figli page,04-OCT-24 10.23.04.456000 AM
6764.0,Normal user enters the Provvidenza Figli page,04-OCT-24 10.23.24.416000 AM
,Dettaglio elenco Cedolini e CU disponibili al download,02-OCT-24 04.04.33.934000 PM
6672.0,HR/Normal user tries to update the answer,04-OCT-24 11.15.53.598000 AM
6355.0,Normal / HR user updates the answer,10-OCT-24 03.58.02.152000 PM
,Download PDF dalla sezione Cedolini,28-OCT-24 08.36.47.311000 AM
7564.0,Normal user assign new grade for the child while creating a request,08-OCT-24 06.58.59.054000 AM
,Download PDF dalla sezione Cedolini,23-OCT-24 02.23.31.475000 PM
5238.0,Normal user assign new grade for the child while creating a request,04-OCT-24 10.12.04.678000 AM
5746.0,HR/Normal user tries to update the answer,04-OCT-24 10.17.04.562000 AM
,Dettaglio elenco Cedolini e CU disponibili al download,04-OCT-24 10.29.27.575000 AM
5139.0,HR/Normal user tries to update the answer,04-OCT-24 11.18.52.262000 AM
,Download PDF dalla sezione Cedolini,02-OCT-24 04.04.28.426000 PM
6047.0,Normal user tries to create new Provvidenza request for a child,10-OCT-24 04.15.19.131000 PM
8979.0,Recupero dettagli utente per invio adesione Fondo Nazionale,24-OCT-24 12.28.08.363000 PM
7593.0,Normal user enters the Provvidenza Figli page,09-OCT-24 11.25.03.108000 AM
16786.0,Dettaglio elenco Cedolini e CU disponibili al download,23-OCT-24 02.40.08.166000 PM
,Download PDF dalla sezione Cedolini,02-OCT-24 10.34.59.773000 AM
7234.0,Normal user enters the Provvidenza Figli page,04-OCT-24 10.44.30.882000 AM
5746.0,HR/Normal user tries to update the answer,04-OCT-24 10.17.07.853000 AM
18173.0,Normal user enters the Provvidenza Figli page,12-OCT-24 12.30.27.345000 PM
7515.0,HR/Normal user tries to update the answer,04-OCT-24 10.27.10.244000 AM
14647.0,Normal user enters the Provvidenza Figli page,04-OCT-24 10.17.29.640000 AM
7593.0,Normal user update grade for a child,09-OCT-24 11.26.18.424000 AM
,Dettaglio elenco Cedolini e CU disponibili al download,14-OCT-24 11.36.39.632000 AM
5906.0,HR/Normal user tries to update the answer,04-OCT-24 10.25.45.848000 AM
13002560.0,Recupero dettagliutente per Scelta Welfare,23-OCT-24 02.31.37.263000 PM
13002130.0,Verifica possibilità di accesso a fondo pensione per Scelta Welfare,04-OCT-24 10.53.10.030000 AM
,Dettaglio elenco Cedolini e CU disponibili al download,10-OCT-24 03.55.21.230000 PM
13002130.0,HR/Normal user tries to update the answer,04-OCT-24 10.54.04.585000 AM
7234.0,Normal user enters the Provvidenza Figli page,04-OCT-24 10.33.34.521000 AM
,Dettaglio elenco Cedolini e CU disponibili al download,28-OCT-24 05.16.43.062000 PM
,Dettaglio elenco Cedolini e CU disponibili al download,27-OCT-24 11.26.43.391000 AM
,Download PDF dalla sezione Cedolini,01-OCT-24 09.27.30.533000 AM
,Dettaglio elenco Cedolini e CU disponibili al download,02-OCT-24 01.25.54.992000 PM
17696.0,Recupero dettagliutente per Scelta Welfare,22-OCT-24 02.49.55.601000 PM
,Download PDF dalla sezione Cedolini,23-OCT-24 02.27.59.144000 PM
,Dettaglio elenco Cedolini e CU disponibili al download,02-OCT-24 01.25.15.354000 PM
5238.0,HR/Normal user tries to update the answer,04-OCT-24 10.10.31.755000 AM
6199.0,Normal user enters the Provvidenza Figli page,14-OCT-24 04.19.56.247000 PM
,Download PDF dalla sezione Cedolini,27-OCT-24 11.22.59.311000 AM
9737.0,Normal user enters the Provvidenza Figli page,09-OCT-24 11.27.10.229000 AM
6355.0,Normal / HR user updates the answer,10-OCT-24 03.58.38.074000 PM
7442.0,Dettaglio elenco Cedolini e CU disponibili al download,28-OCT-24 05.04.11.350000 PM
6143.0,Normal user enters the Provvidenza Figli page,17-OCT-24 04.41.37.467000 PM
5906.0,Normal user enters the Provvidenza Figli page,04-OCT-24 10.26.30.801000 AM
7175.0,Normal user assign new grade for the child while creating a request,04-OCT-24 11.16.38.081000 AM
,Lettura e accettazione dell'accordo di smartworking,14-OCT-24 04.28.53.675000 PM
5182.0,Normal user enters the Provvidenza Figli page,09-OCT-24 12.13.58.832000 PM
5378.0,HR/Normal user tries to update the answer,09-OCT-24 05.37.30.529000 PM
8454.0,HR/Normal user tries to update the answer,04-OCT-24 07.39.31.347000 AM
8464.0,Normal user enters the Provvidenza Figli page,14-OCT-24 04.56.03.062000 PM
6199.0,Normal user enters the Provvidenza Figli page,09-OCT-24 05.19.04.805000 PM
6947.0,HR/Normal user tries to update the answer,09-OCT-24 05.27.03.001000 PM
6014.0,Normal user enters the Provvidenza Figli page,04-OCT-24 08.16.39.234000 AM
10864.0,HR/Normal user tries to update the answer,04-OCT-24 08.00.14.558000 AM
6376.0,Normal user enters the Provvidenza Figli page,04-OCT-24 07.28.08.200000 AM
6376.0,Normal user enters the Provvidenza Figli page,04-OCT-24 07.29.55.766000 AM
5647.0,Normal user enters the Provvidenza Figli page,07-OCT-24 01.00.49.684000 PM
13002342.0,HR/Normal user tries to update the answer,04-OCT-24 08.33.15.941000 AM
6049.0,HR/Normal user tries to update the answer,04-OCT-24 10.55.25.704000 AM
,Dettaglio elenco Cedolini e CU disponibili al download,28-OCT-24 04.55.26.994000 PM
5646.0,Recupero dettagli utente per invio adesione Fondo Nazionale,04-OCT-24 08.18.40.560000 AM
13001738.0,Normal user enters the Provvidenza Figli page,07-OCT-24 01.59.09.647000 PM
7075.0,Normal user enters the Provvidenza Figli page,14-OCT-24 12.09.02.515000 PM
6376.0,Normal user tries to create new Provvidenza request for a child,04-OCT-24 07.28.35.920000 AM
5636.0,Normal user enters the Provvidenza Figli page,04-OCT-24 08.17.20.903000 AM
8244.0,Normal user enters the Provvidenza Figli page,04-OCT-24 06.49.03.403000 AM
7593.0,Normal user update grade for a child,09-OCT-24 11.26.25.358000 AM
5274.0,Download PDF dalla sezione Cedolini,14-OCT-24 11.38.49.058000 AM
5646.0,Normal user tries to create new Provvidenza request for a child,04-OCT-24 08.12.50.953000 AM
,Download PDF dalla sezione Cedolini,28-OCT-24 09.13.58.233000 AM
,Dettaglio elenco Cedolini e CU disponibili al download,04-OCT-24 07.32.41.217000 AM
6039.0,Normal user assign new grade for the child while creating a request,09-OCT-24 12.04.55.861000 PM
6947.0,Normal user assign new grade for the child while creating a request,09-OCT-24 05.27.44.302000 PM
5335.0,Normal user assign new grade for the child while creating a request,04-OCT-24 09.27.27.876000 PM
,Dettaglio elenco Cedolini e CU disponibili al download,16-OCT-24 04.00.33.660000 PM
,Dettaglio elenco Cedolini e CU disponibili al download,14-OCT-24 12.09.44.358000 PM
,Download PDF dalla sezione Cedolini,25-OCT-24 09.16.16.914000 AM
,Download PDF dalla sezione Cedolini,14-OCT-24 05.24.31.347000 PM
,Dettaglio elenco Cedolini e CU disponibili al download,31-OCT-24 08.59.44.375000 AM
7312.0,HR/Normal user tries to update the answer,04-OCT-24 08.22.32.983000 AM
,Dettaglio elenco Cedolini e CU disponibili al download,25-OCT-24 08.45.49.522000 AM
6039.0,Normal user enters the Provvidenza Figli page,09-OCT-24 12.07.45.726000 PM
13001738.0,HR/Normal user tries to update the answer,07-OCT-24 01.58.41.354000 PM
,Dettaglio elenco Cedolini e CU disponibili al download,28-OCT-24 09.13.30.599000 AM
6085.0,Normal user enters the Provvidenza Figli page,04-OCT-24 08.08.34.103000 AM
7312.0,Normal user enters the Provvidenza Figli page,04-OCT-24 08.19.38.609000 AM
13001313.0,HR/Normal user tries to update the answer,25-OCT-24 09.15.39.580000 AM
,Download PDF dalla sezione Cedolini,25-OCT-24 08.48.32.596000 AM
5335.0,Normal user enters the Provvidenza Figli page,04-OCT-24 09.27.13.132000 PM
7398.0,Normal user enters the Provvidenza Figli page,09-OCT-24 05.52.42.347000 PM
,Dettaglio elenco Cedolini e CU disponibili al download,25-OCT-24 09.53.06.837000 AM
6093.0,HR/Normal user tries to update the answer,04-OCT-24 09.17.36.104000 AM
,Dettaglio elenco Cedolini e CU disponibili al download,21-OCT-24 10.31.46.504000 AM
,Download PDF dalla sezione Cedolini,25-OCT-24 09.18.46.607000 AM
,Download PDF dalla sezione Cedolini,25-OCT-24 09.25.31.919000 AM
15452.0,HR/Normal user tries to update the answer,04-OCT-24 09.00.05.780000 AM
,Dettaglio elenco Cedolini e CU disponibili al download,21-OCT-24 04.39.32.211000 PM
7984.0,Normal user enters the Provvidenza Figli page,04-OCT-24 09.03.34.477000 AM
9093.0,Normal user assign new grade for the child while creating a request,04-OCT-24 09.33.27.856000 AM
5837.0,HR/Normal user tries to update the answer,04-OCT-24 08.56.39.142000 AM
,Dettaglio elenco Cedolini e CU disponibili al download,04-OCT-24 08.41.17.058000 AM
9528.0,Recupero dettagliutente per Scelta Welfare,31-OCT-24 08.53.02.401000 AM
5327.0,Normal user enters the Provvidenza Figli page,25-OCT-24 09.46.14.081000 AM
6089.0,Normal user enters the Provvidenza Figli page,04-OCT-24 08.48.48.093000 AM
5488.0,Normal user assign new grade for the child while creating a request,04-OCT-24 08.44.01.899000 AM
,Download PDF dalla sezione Cedolini,25-OCT-24 09.10.53.537000 AM
,Dettaglio elenco Cedolini e CU disponibili al download,25-OCT-24 08.58.28.532000 AM
6093.0,Normal user enters the Provvidenza Figli page,04-OCT-24 09.19.19.033000 AM
13002957.0,Recupero dettagli utente per Scelta orario di lavoro,25-OCT-24 08.56.49.343000 AM
,Download PDF dalla sezione Cedolini,25-OCT-24 09.28.45.417000 AM
,Dettaglio elenco Cedolini e CU disponibili al download,25-OCT-24 08.45.01.509000 AM
7312.0,Normal user enters the Provvidenza Figli page,04-OCT-24 08.17.47.509000 AM
,Dettaglio elenco Cedolini e CU disponibili al download,25-OCT-24 09.33.20.465000 AM
6906.0,Normal user tries to create new Provvidenza request for a child,04-OCT-24 08.49.34.242000 AM
,Download PDF dalla sezione Cedolini,25-OCT-24 08.43.51.370000 AM
6933.0,HR/Normal user tries to update the answer,25-OCT-24 08.58.14.431000 AM
,Download PDF dalla sezione Cedolini,25-OCT-24 08.36.12.452000 AM
,Download PDF dalla sezione Cedolini,25-OCT-24 09.40.16.543000 AM
,Dettaglio elenco Cedolini e CU disponibili al download,25-OCT-24 08.40.16.074000 AM
5524.0,HR/Normal user tries to update the answer,14-OCT-24 09.09.55.416000 AM
6632.0,Normal user tries to create new Provvidenza request for a child,10-OCT-24 05.49.42.569000 PM
13002831.0,Normal user enters the Provvidenza Figli page,04-OCT-24 09.16.22.134000 AM
,Download PDF dalla sezione Cedolini,25-OCT-24 09.05.33.266000 AM
6933.0,Normal user assign new grade for the child while creating a request,25-OCT-24 08.58.42.502000 AM
6359.0,HR/Normal user tries to update the answer,04-OCT-24 09.25.18.754000 AM
6359.0,Normal user enters the Provvidenza Figli page,04-OCT-24 09.26.25.311000 AM
5853.0,HR/Normal user tries to update the answer,04-OCT-24 09.08.14.446000 AM
,Download PDF dalla sezione Cedolini,28-OCT-24 09.39.12.347000 AM
7607.0,Normal user tries to create new Provvidenza request for a child,04-OCT-24 09.51.50.121000 AM
,Download PDF dalla sezione Cedolini,10-OCT-24 05.53.24.206000 PM
7672.0,Normal user assign new grade for the child while creating a request,28-OCT-24 09.19.04.845000 AM
9093.0,HR/Normal user tries to update the answer,04-OCT-24 09.33.57.634000 AM
6908.0,HR/Normal user tries to update the answer,04-OCT-24 08.31.23.160000 AM
,Download PDF dalla sezione Cedolini,25-OCT-24 09.04.55.658000 AM
,Download PDF dalla sezione Cedolini,25-OCT-24 09.53.17.789000 AM
6734.0,Normal user tries to create new Provvidenza request for a child,04-OCT-24 08.40.44.890000 AM
8085.0,HR/Normal user tries to update the answer,04-OCT-24 09.10.58.049000 AM
7068.0,Download PDF dalla sezione Cedolini,04-OCT-24 08.58.40.609000 AM
,Download PDF dalla sezione Cedolini,04-OCT-24 09.02.38.223000 AM
5662.0,HR/Normal user tries to update the answer,03-OCT-24 09.46.08.410000 PM
13000159.0,Normal user assign new grade for the child while creating a request,04-OCT-24 08.42.01.189000 AM
7377.0,HR/Normal user tries to update the answer,05-OCT-24 04.14.32.057000 PM
,Download PDF dalla sezione Cedolini,25-OCT-24 09.36.28.110000 AM
,Dettaglio elenco Cedolini e CU disponibili al download,16-OCT-24 02.46.36.962000 PM
,Dettaglio elenco Cedolini e CU disponibili al download,25-OCT-24 08.53.32.390000 AM
,Dettaglio elenco Cedolini e CU disponibili al download,31-OCT-24 09.43.50.158000 AM
6146.0,HR/Normal user tries to update the answer,05-OCT-24 05.28.33.348000 PM
9077.0,HR/Normal user tries to update the answer,04-OCT-24 08.56.05.931000 AM
7201.0,HR/Normal user tries to update the answer,04-OCT-24 09.01.23.581000 AM
5350.0,HR/Normal user tries to update the answer,04-OCT-24 09.16.01.052000 AM
,Dettaglio elenco Cedolini e CU disponibili al download,25-OCT-24 09.11.01.160000 AM
,Download PDF dalla sezione Cedolini,16-OCT-24 05.34.25.923000 PM
,Download PDF dalla sezione Cedolini,25-OCT-24 09.16.47.588000 AM
6677.0,Normal user update grade for a child,04-OCT-24 09.07.44.931000 AM
,Download PDF dalla sezione Cedolini,16-OCT-24 05.14.05.256000 PM
5946.0,HR/Normal user tries to update the answer,16-OCT-24 05.32.55.540000 PM
13002169.0,HR/Normal user tries to update the answer,04-OCT-24 09.21.39.361000 AM
9093.0,HR/Normal user tries to update the answer,04-OCT-24 09.34.29.671000 AM
,Dettaglio elenco Cedolini e CU disponibili al download,25-OCT-24 09.28.39.098000 AM
,Dettaglio elenco Cedolini e CU disponibili al download,25-OCT-24 09.38.54.202000 AM
9077.0,HR/Normal user tries to update the answer,04-OCT-24 08.56.22.699000 AM
5749.0,HR/Normal user tries to update the answer,04-OCT-24 09.53.24.579000 AM
13002831.0,HR/Normal user tries to update the answer,04-OCT-24 09.16.12.542000 AM
,Download PDF dalla sezione Cedolini,14-OCT-24 10.09.39.960000 AM
7401.0,HR/Normal user tries to update the answer,04-OCT-24 08.46.59.657000 AM
19449.0,Download PDF dalla sezione Cedolini,14-OCT-24 10.22.07.585000 AM
,A valid user enters the MIFID page details of the user would be logged,31-OCT-24 09.49.31.279000 AM
,Dettaglio elenco Cedolini e CU disponibili al download,24-OCT-24 03.33.33.239000 PM
,Download PDF dalla sezione Cedolini,25-OCT-24 08.43.25.134000 AM
,Dettaglio elenco Cedolini e CU disponibili al download,29-OCT-24 01.54.54.103000 PM
15452.0,Normal user assign new grade for the child while creating a request,04-OCT-24 09.00.49.776000 AM
7063.0,HR/Normal user tries to update the answer,04-OCT-24 09.05.31.647000 AM
7267.0,HR/Normal user tries to update the answer,04-OCT-24 09.01.17.209000 AM
16786.0,Dettaglio elenco Cedolini e CU disponibili al download,10-OCT-24 07.13.31.578000 PM
,Download PDF dalla sezione Cedolini,25-OCT-24 09.20.10.278000 AM
5749.0,Normal user tries to create new Provvidenza request for a child,04-OCT-24 09.53.08.173000 AM
,Download PDF dalla sezione Cedolini,04-OCT-24 09.34.28.111000 AM
5350.0,Normal user enters the Provvidenza Figli page,04-OCT-24 09.17.00.709000 AM
,Dettaglio elenco Cedolini e CU disponibili al download,22-OCT-24 10.55.31.525000 AM
13002972.0,Normal user enters the Provvidenza Figli page,18-OCT-24 11.22.09.132000 AM
6359.0,Normal user assign new grade for the child while creating a request,04-OCT-24 09.24.44.008000 AM
13002840.0,Normal user enters the Provvidenza Figli page,08-OCT-24 03.10.50.792000 PM
,Download PDF dalla sezione Cedolini,29-OCT-24 01.13.52.988000 PM
5196.0,Normal user enters the Provvidenza Figli page,04-OCT-24 07.22.06.828000 AM
,Download PDF dalla sezione Cedolini,04-OCT-24 09.33.58.423000 AM
10864.0,HR/Normal user tries to update the answer,04-OCT-24 07.54.48.100000 AM
5188.0,Normal user enters the Provvidenza Figli page,04-OCT-24 09.35.00.854000 AM
5827.0,Normal user enters the Provvidenza Figli page,10-OCT-24 02.16.44.392000 PM
6906.0,Dettaglio elenco Cedolini e CU disponibili al download,22-OCT-24 10.47.38.276000 AM
,Dettaglio elenco Cedolini e CU disponibili al download,24-OCT-24 12.10.53.982000 PM
7088.0,Normal user enters the Provvidenza Figli page,04-OCT-24 08.20.58.754000 AM
5488.0,HR/Normal user tries to update the answer,04-OCT-24 08.44.25.626000 AM
5982.0,HR tried to update grade,04-OCT-24 08.39.37.835000 AM
13002342.0,Normal user enters the Provvidenza Figli page,04-OCT-24 08.32.52.005000 AM
,Dettaglio elenco Cedolini e CU disponibili al download,25-OCT-24 04.42.52.330000 PM
,Dettaglio elenco Cedolini e CU disponibili al download,24-OCT-24 03.21.16.228000 PM
,Download PDF dalla sezione Cedolini,16-OCT-24 05.34.32.732000 PM
6014.0,HR/Normal user tries to update the answer,04-OCT-24 08.17.38.615000 AM
5756.0,Normal user assign new grade for the child while creating a request,04-OCT-24 08.19.16.562000 AM
5843.0,Normal user assign new grade for the child while creating a request,08-OCT-24 03.02.39.819000 PM
10864.0,Normal user update grade for a child,04-OCT-24 07.59.48.198000 AM
,Download PDF dalla sezione Cedolini,04-OCT-24 08.32.49.643000 AM
13002972.0,Recupero dettagliutente per Scelta Welfare,18-OCT-24 11.21.10.961000 AM
,Dettaglio elenco Cedolini e CU disponibili al download,10-OCT-24 09.36.17.100000 PM
,Download PDF dalla sezione Cedolini,25-OCT-24 04.29.21.123000 PM
6194.0,HR/Normal user tries to update the answer,04-OCT-24 08.42.50.478000 AM
7477.0,HR/Normal user tries to update the answer,08-OCT-24 09.27.51.080000 AM
5827.0,Normal user enters the Provvidenza Figli page,10-OCT-24 02.15.52.323000 PM
,Dettaglio elenco Cedolini e CU disponibili al download,08-OCT-24 10.00.03.170000 AM
13001737.0,Verifica possibilità di accesso a fondo pensione per Scelta Welfare,04-OCT-24 07.32.11.616000 AM
13002972.0,Verifica possibilità di accesso a fondo pensione per Scelta Welfare,17-OCT-24 10.38.34.772000 AM
6925.0,Dettaglio elenco Cedolini e CU disponibili al download,08-OCT-24 10.26.30.401000 AM
7035.0,Normal user enters the Provvidenza Figli page,08-OCT-24 09.26.28.931000 AM
,Dettaglio elenco Cedolini e CU disponibili al download,25-OCT-24 04.52.09.352000 PM
,Dettaglio elenco Cedolini e CU disponibili al download,08-OCT-24 03.11.33.200000 PM
13001737.0,Recupero dettagliutente per Scelta Welfare,04-OCT-24 07.32.10.521000 AM
5607.0,HR/Normal user tries to update the answer,08-OCT-24 10.09.06.241000 AM
,Dettaglio elenco Cedolini e CU disponibili al download,25-OCT-24 04.33.47.705000 PM
,Download PDF dalla sezione Cedolini,17-OCT-24 11.27.35.474000 AM
13002342.0,Normal user assign new grade for the child while creating a request,04-OCT-24 08.32.54.879000 AM
,Download PDF dalla sezione Cedolini,24-OCT-24 05.17.26.744000 PM
,Dettaglio elenco Cedolini e CU disponibili al download,04-OCT-24 08.34.14.795000 AM
7713.0,HR/Normal user tries to update the answer,04-OCT-24 08.37.10.631000 AM
19481.0,HR/Normal user tries to update the answer,04-OCT-24 02.54.18.268000 PM
17160.0,Recupero dettagli utente per Scelta orario di lavoro,25-OCT-24 04.29.56.506000 PM
,Download PDF dalla sezione Cedolini,10-OCT-24 02.40.18.438000 PM
15772.0,Normal / HR user updates the answer,04-OCT-24 07.57.07.011000 AM
,Dettaglio elenco Cedolini e CU disponibili al download,17-OCT-24 11.40.38.103000 AM
7427.0,Normal user tries to create new Provvidenza request for a child,04-OCT-24 02.37.27.648000 PM
5527.0,HR/Normal user tries to update the answer,08-OCT-24 10.08.47.072000 AM
18134.0,Normal user assign new grade for the child while creating a request,08-OCT-24 03.33.05.716000 PM
5982.0,Normal user enters the Provvidenza Figli page,04-OCT-24 08.40.23.655000 AM
,Dettaglio elenco Cedolini e CU disponibili al download,17-OCT-24 11.51.38.881000 AM
6925.0,Dettaglio elenco Cedolini e CU disponibili al download,08-OCT-24 10.26.19.246000 AM
5682.0,Normal user enters the Provvidenza Figli page,10-OCT-24 09.35.04.581000 PM
7713.0,Normal user enters the Provvidenza Figli page,04-OCT-24 08.39.10.204000 AM
13002972.0,Verifica possibilità di accesso a fondo pensione per Scelta Welfare,17-OCT-24 10.48.26.191000 AM
6014.0,Normal user assign new grade for the child while creating a request,04-OCT-24 08.17.14.259000 AM
7149.0,HR/Normal user tries to update the answer,04-OCT-24 03.17.08.839000 PM
13002840.0,Normal user tries to create new Provvidenza request for a child,08-OCT-24 03.02.36.573000 PM
5744.0,HR/Normal user tries to update the answer,04-OCT-24 08.24.22.368000 AM
5568.0,Normal user enters the Provvidenza Figli page,04-OCT-24 03.29.56.360000 PM
13001668.0,Normal user enters the Provvidenza Figli page,08-OCT-24 09.53.21.066000 AM
13002840.0,HR/Normal user tries to update the answer,08-OCT-24 03.10.27.121000 PM
5744.0,HR/Normal user tries to update the answer,04-OCT-24 08.23.24.633000 AM
9888.0,Recupero dettagliutente per Scelta Welfare,04-OCT-24 03.22.25.561000 PM
5913.0,Normal user enters the Provvidenza Figli page,08-OCT-24 09.59.21.468000 AM
7312.0,Normal user assign new grade for the child while creating a request,04-OCT-24 08.18.07.961000 AM
7978.0,Normal user enters the Provvidenza Figli page,04-OCT-24 08.16.18.524000 AM
7149.0,Normal user assign new grade for the child while creating a request,04-OCT-24 03.15.23.390000 PM
5568.0,HR/Normal user tries to update the answer,04-OCT-24 03.30.47.541000 PM
7231.0,HR/Normal user tries to update the answer,08-OCT-24 09.20.15.634000 AM
5568.0,Normal user assign new grade for the child while creating a request,04-OCT-24 03.31.31.974000 PM
13001141.0,Recupero dettagliutente per Scelta Welfare,06-OCT-24 01.36.07.780000 AM
,Download PDF dalla sezione Cedolini,04-OCT-24 03.33.16.235000 PM
7631.0,Normal user assign new grade for the child while creating a request,05-OCT-24 10.51.27.333000 AM
6229.0,Normal / HR user updates the answer,08-OCT-24 09.26.02.378000 AM
5568.0,HR/Normal user tries to update the answer,04-OCT-24 03.31.40.646000 PM
,Download PDF dalla sezione Cedolini,25-OCT-24 03.45.10.452000 PM
,Download PDF dalla sezione Cedolini,29-OCT-24 04.03.13.754000 PM
6900.0,Normal user tries to create new Provvidenza request for a child,04-OCT-24 03.40.05.985000 PM
,Download PDF dalla sezione Cedolini,25-OCT-24 04.16.31.692000 PM
5527.0,HR/Normal user tries to update the answer,08-OCT-24 10.12.42.372000 AM
19481.0,HR/Normal user tries to update the answer,04-OCT-24 02.55.04.400000 PM
,Dettaglio elenco Cedolini e CU disponibili al download,04-OCT-24 04.07.25.293000 PM
13000712.0,Recupero dettagliutente per Scelta Welfare,18-OCT-24 02.12.20.952000 PM
17160.0,Dettaglio elenco Cedolini e CU disponibili al download,25-OCT-24 04.29.15.738000 PM
15319.0,HR/Normal user tries to update the answer,04-OCT-24 03.14.48.121000 PM
5262.0,Normal user enters the Provvidenza Figli page,04-OCT-24 04.16.43.848000 PM
7743.0,Normal user tries to create new Provvidenza request for a child,08-OCT-24 10.33.08.716000 AM
5607.0,HR/Normal user tries to update the answer,08-OCT-24 10.09.03.907000 AM
8226.0,HR/Normal user tries to update the answer,07-OCT-24 09.01.06.167000 AM
5568.0,Normal user assign new grade for the child while creating a request,04-OCT-24 03.30.29.638000 PM
7071.0,HR/Normal user tries to update the answer,03-OCT-24 04.25.18.551000 PM
15319.0,Normal / HR user updates the answer,04-OCT-24 03.16.50.317000 PM
7071.0,HR/Normal user tries to update the answer,03-OCT-24 04.24.52.088000 PM
,Dettaglio elenco Cedolini e CU disponibili al download,09-OCT-24 10.48.49.317000 PM
,Dettaglio elenco Cedolini e CU disponibili al download,31-OCT-24 04.21.03.294000 PM
15308.0,HR/Normal user tries to update the answer,04-OCT-24 03.20.12.603000 PM
7631.0,Normal user tries to create new Provvidenza request for a child,05-OCT-24 10.51.27.148000 AM
,Download PDF dalla sezione Cedolini,29-OCT-24 04.05.09.989000 PM
7626.0,Normal user tries to create new Provvidenza request for a child,21-OCT-24 02.11.24.473000 PM
,Dettaglio elenco Cedolini e CU disponibili al download,15-OCT-24 03.52.03.763000 PM
13001060.0,Normal user tries to create new Provvidenza request for a child,04-OCT-24 04.07.49.800000 PM
6900.0,Normal user tries to create new Provvidenza request for a child,04-OCT-24 03.39.06.726000 PM
7628.0,HR/Normal user tries to update the answer,07-OCT-24 09.11.54.385000 AM
7628.0,HR/Normal user tries to update the answer,07-OCT-24 09.11.56.555000 AM
7626.0,HR/Normal user tries to update the answer,21-OCT-24 02.11.44.429000 PM
7932.0,Normal user enters the Provvidenza Figli page,04-OCT-24 04.03.44.831000 PM
13001060.0,HR/Normal user tries to update the answer,04-OCT-24 04.07.59.889000 PM
5980.0,HR/Normal user tries to update the answer,04-OCT-24 04.11.15.643000 PM
6482.0,Normal user enters the Provvidenza Figli page,04-OCT-24 04.04.22.508000 PM
13001928.0,HR/Normal user tries to update the answer,03-OCT-24 04.35.01.774000 PM
13002570.0,HR/Normal user tries to update the answer,17-OCT-24 12.28.06.279000 PM
,Download PDF dalla sezione Cedolini,23-OCT-24 04.17.57.108000 PM
,Download PDF dalla sezione Cedolini,28-OCT-24 07.44.23.020000 AM
13002570.0,Normal user enters the Provvidenza Figli page,17-OCT-24 12.27.52.863000 PM
5874.0,Normal user enters the Provvidenza Figli page,07-OCT-24 09.40.37.372000 AM
7628.0,Normal user assign new grade for the child while creating a request,07-OCT-24 09.11.45.679000 AM
5899.0,Normal user assign new grade for the child while creating a request,14-OCT-24 02.13.54.174000 PM
7885.0,HR/Normal user tries to update the answer,07-OCT-24 10.05.03.789000 AM
13002972.0,Verifica possibilità di accesso a fondo pensione per Scelta Welfare,15-OCT-24 04.25.03.465000 PM
6147.0,Normal user tries to create new Provvidenza request for a child,07-OCT-24 09.51.13.476000 AM
6525.0,Normal user tries to create new Provvidenza request for a child,07-OCT-24 09.41.06.542000 AM
5568.0,HR/Normal user tries to update the answer,04-OCT-24 03.30.58.974000 PM
,Dettaglio elenco Cedolini e CU disponibili al download,31-OCT-24 04.26.27.335000 PM
7149.0,Normal user assign new grade for the child while creating a request,04-OCT-24 03.16.53.674000 PM
7611.0,HR/Normal user tries to update the answer,04-OCT-24 01.50.39.666000 PM
4977.0,Verifica possibilità di accesso a fondo pensione per Scelta Welfare,23-OCT-24 04.33.34.220000 PM
7885.0,Normal user enters the Provvidenza Figli page,07-OCT-24 10.04.38.577000 AM
,Dettaglio elenco Cedolini e CU disponibili al download,29-OCT-24 03.50.42.098000 PM
8077.0,HR/Normal user tries to update the answer,07-OCT-24 09.08.45.889000 AM
6685.0,Normal user enters the Provvidenza Figli page,03-OCT-24 02.15.14.017000 PM
6794.0,Normal user enters the Provvidenza Figli page,03-OCT-24 01.48.29.170000 PM
5188.0,Normal user enters the Provvidenza Figli page,07-OCT-24 09.36.45.402000 AM
7819.0,Normal user enters the Provvidenza Figli page,03-OCT-24 01.48.00.625000 PM
6632.0,Normal user enters the Provvidenza Figli page,10-OCT-24 05.49.57.445000 PM
8212.0,Normal user tries to create new Provvidenza request for a child,16-OCT-24 11.33.06.370000 AM
13001231.0,Normal user tries to create new Provvidenza request for a child,03-OCT-24 01.38.48.591000 PM
5764.0,HR/Normal user tries to update the answer,03-OCT-24 01.56.46.680000 PM
9846.0,Normal user enters the Provvidenza Figli page,03-OCT-24 02.26.09.661000 PM
13000484.0,HR/Normal user tries to update the answer,03-OCT-24 02.15.49.924000 PM
9403.0,Normal user enters the Provvidenza Figli page,03-OCT-24 01.38.10.278000 PM
7819.0,Download PDF dalla sezione Cedolini,03-OCT-24 01.48.25.446000 PM
13002130.0,Normal user tries to create new Provvidenza request for a child,03-OCT-24 01.43.04.299000 PM
6113.0,HR/Normal user tries to update the answer,03-OCT-24 02.25.24.413000 PM
5846.0,Normal / HR user updates the answer,03-OCT-24 02.24.52.902000 PM
,Download PDF dalla sezione Cedolini,10-OCT-24 05.52.53.823000 PM
6199.0,Normal user enters the Provvidenza Figli page,10-OCT-24 05.24.29.775000 PM
6926.0,Normal user assign new grade for the child while creating a request,03-OCT-24 01.49.42.603000 PM
5955.0,Normal user enters the Provvidenza Figli page,03-OCT-24 01.40.12.719000 PM
9543.0,Normal user assign new grade for the child while creating a request,03-OCT-24 01.40.12.721000 PM
8274.0,Normal user enters the Provvidenza Figli page,03-OCT-24 02.14.25.706000 PM
9543.0,HR/Normal user tries to update the answer,03-OCT-24 01.40.45.321000 PM
6632.0,HR/Normal user tries to update the answer,10-OCT-24 05.49.27.692000 PM
5294.0,Normal user tries to create new Provvidenza request for a child,03-OCT-24 02.33.48.412000 PM
7436.0,HR/Normal user tries to update the answer,03-OCT-24 02.16.27.576000 PM
7828.0,HR/Normal user tries to update the answer,03-OCT-24 02.21.28.966000 PM
8866.0,Normal user enters the Provvidenza Figli page,03-OCT-24 02.02.14.587000 PM
13000881.0,HR/Normal user tries to update the answer,04-OCT-24 01.54.04.939000 PM
6170.0,Normal user enters the Provvidenza Figli page,03-OCT-24 02.37.17.480000 PM
5409.0,Normal user tries to create new Provvidenza request for a child,03-OCT-24 01.58.32.972000 PM
5672.0,HR/Normal user tries to update the answer,03-OCT-24 02.36.44.997000 PM
6021.0,Normal user assign new grade for the child while creating a request,03-OCT-24 02.18.33.244000 PM
6712.0,Normal user tries to create new Provvidenza request for a child,03-OCT-24 02.22.05.850000 PM
9097.0,Normal user enters the Provvidenza Figli page,03-OCT-24 01.56.34.971000 PM
5788.0,HR/Normal user tries to update the answer,03-OCT-24 01.38.46.637000 PM
8277.0,Normal user enters the Provvidenza Figli page,03-OCT-24 02.38.00.053000 PM
6952.0,HR/Normal user tries to update the answer,03-OCT-24 02.05.11.565000 PM
13001798.0,Normal user enters the Provvidenza Figli page,03-OCT-24 01.49.10.397000 PM
16786.0,HR/Normal user tries to update the answer,03-OCT-24 01.48.49.105000 PM
6150.0,Normal user enters the Provvidenza Figli page,03-OCT-24 02.22.29.087000 PM
7165.0,HR/Normal user tries to update the answer,03-OCT-24 02.16.44.625000 PM
6692.0,Normal user enters the Provvidenza Figli page,03-OCT-24 01.41.00.337000 PM
6170.0,HR/Normal user tries to update the answer,03-OCT-24 02.38.44.826000 PM
6113.0,Normal user tries to create new Provvidenza request for a child,03-OCT-24 02.24.14.192000 PM
5725.0,Normal user enters the Provvidenza Figli page,03-OCT-24 02.02.36.729000 PM
7885.0,Normal user tries to create new Provvidenza request for a child,07-OCT-24 10.04.54.619000 AM
5575.0,Normal user tries to create new Provvidenza request for a child,03-OCT-24 01.44.45.872000 PM
17731.0,Normal user enters the Provvidenza Figli page,14-OCT-24 03.52.57.596000 PM
5864.0,HR/Normal user tries to update the answer,10-OCT-24 06.28.54.554000 PM
7111.0,HR/Normal user tries to update the answer,03-OCT-24 02.30.19.025000 PM
6582.0,HR tried to update grade,03-OCT-24 02.04.34.454000 PM
6631.0,HR/Normal user tries to update the answer,03-OCT-24 02.54.11.998000 PM
7616.0,Normal user enters the Provvidenza Figli page,04-OCT-24 02.21.15.934000 PM
5297.0,Verifica possibilità di accesso a fondo pensione per Scelta Welfare,03-OCT-24 02.52.48.746000 PM
6823.0,Normal user enters the Provvidenza Figli page,03-OCT-24 02.27.36.559000 PM
5875.0,Normal user assign new grade for the child while creating a request,03-OCT-24 01.45.17.443000 PM
5600.0,Normal user enters the Provvidenza Figli page,03-OCT-24 02.37.16.959000 PM
5651.0,HR/Normal user tries to update the answer,03-OCT-24 02.45.10.751000 PM
6017.0,HR/Normal user tries to update the answer,03-OCT-24 02.53.13.819000 PM
5484.0,HR/Normal user tries to update the answer,03-OCT-24 02.22.35.573000 PM
6021.0,HR/Normal user tries to update the answer,03-OCT-24 02.19.24.552000 PM
,Dettaglio elenco Cedolini e CU disponibili al download,07-OCT-24 09.03.13.033000 AM
14297.0,Normal user enters the Provvidenza Figli page,03-OCT-24 02.37.50.603000 PM
7628.0,HR/Normal user tries to update the answer,07-OCT-24 09.11.52.923000 AM
16074.0,HR/Normal user tries to update the answer,03-OCT-24 02.49.18.515000 PM
7221.0,Normal user enters the Provvidenza Figli page,03-OCT-24 02.43.04.099000 PM
9097.0,HR/Normal user tries to update the answer,03-OCT-24 01.58.13.962000 PM
5821.0,Normal user enters the Provvidenza Figli page,03-OCT-24 02.31.04.710000 PM
13002833.0,Normal user assign new grade for the child while creating a request,03-OCT-24 02.52.55.602000 PM
8028.0,Normal user enters the Provvidenza Figli page,03-OCT-24 02.32.35.483000 PM
7283.0,Normal user update grade for a child,04-OCT-24 02.34.57.212000 PM
8040.0,Normal user enters the Provvidenza Figli page,03-OCT-24 01.57.38.215000 PM
6970.0,HR/Normal user tries to update the answer,03-OCT-24 02.23.29.760000 PM
8031.0,HR tried to update grade,03-OCT-24 02.53.06.939000 PM
7762.0,HR/Normal user tries to update the answer,07-OCT-24 09.58.16.215000 AM
6017.0,HR/Normal user tries to update the answer,03-OCT-24 02.53.26.998000 PM
6599.0,Normal user enters the Provvidenza Figli page,03-OCT-24 02.49.02.339000 PM
9223.0,Normal user tries to create new Provvidenza request for a child,03-OCT-24 02.04.50.588000 PM
5409.0,HR/Normal user tries to update the answer,03-OCT-24 01.58.40.157000 PM
8028.0,Normal user update grade for a child,03-OCT-24 02.29.54.200000 PM
7185.0,HR/Normal user tries to update the answer,03-OCT-24 02.28.44.712000 PM
5481.0,HR/Normal user tries to update the answer,03-OCT-24 02.26.59.162000 PM
6631.0,HR/Normal user tries to update the answer,03-OCT-24 02.53.46.961000 PM
6807.0,HR/Normal user tries to update the answer,03-OCT-24 02.49.50.299000 PM
7081.0,Recupero dettagliutente per Scelta Welfare,03-OCT-24 01.41.03.146000 PM
6238.0,HR/Normal user tries to update the answer,03-OCT-24 02.04.06.495000 PM
,Dettaglio elenco Cedolini e CU disponibili al download,14-OCT-24 05.59.36.263000 PM
5619.0,HR/Normal user tries to update the answer,03-OCT-24 02.30.27.323000 PM
8372.0,Normal user enters the Provvidenza Figli page,03-OCT-24 02.41.20.551000 PM
5884.0,HR/Normal user tries to update the answer,03-OCT-24 01.52.17.816000 PM
,Download PDF dalla sezione Cedolini,11-OCT-24 07.28.41.427000 AM
6980.0,HR/Normal user tries to update the answer,03-OCT-24 01.38.44.741000 PM
5332.0,Normal user assign new grade for the child while creating a request,03-OCT-24 02.32.04.935000 PM
6583.0,Normal user assign new grade for the child while creating a request,03-OCT-24 02.38.35.057000 PM
8516.0,HR/Normal user tries to update the answer,03-OCT-24 02.23.50.539000 PM
6113.0,HR/Normal user tries to update the answer,03-OCT-24 02.24.44.993000 PM
5994.0,HR/Normal user tries to update the answer,03-OCT-24 01.45.04.026000 PM
7040.0,HR/Normal user tries to update the answer,03-OCT-24 02.05.14.525000 PM
6854.0,Normal user enters the Provvidenza Figli page,03-OCT-24 02.14.26.389000 PM
5918.0,Normal user tries to create new Provvidenza request for a child,03-OCT-24 01.55.18.468000 PM
6582.0,Normal user assign new grade for the child while creating a request,03-OCT-24 02.02.43.429000 PM
5788.0,Download PDF dalla sezione Cedolini,03-OCT-24 01.39.49.366000 PM
7675.0,Normal user update grade for a child,03-OCT-24 02.01.49.931000 PM
6582.0,Normal user tries to create new Provvidenza request for a child,03-OCT-24 02.02.43.281000 PM
6559.0,HR/Normal user tries to update the answer,03-OCT-24 02.03.32.115000 PM
17731.0,Normal user enters the Provvidenza Figli page,14-OCT-24 03.54.05.622000 PM
7262.0,Dettaglio elenco Cedolini e CU disponibili al download,04-OCT-24 02.43.41.496000 PM
8516.0,HR/Normal user tries to update the answer,03-OCT-24 02.23.56.603000 PM
5901.0,HR/Normal user tries to update the answer,03-OCT-24 02.03.39.956000 PM
5975.0,HR/Normal user tries to update the answer,03-OCT-24 01.58.40.030000 PM
5708.0,HR/Normal user tries to update the answer,03-OCT-24 02.52.21.706000 PM
5775.0,HR/Normal user tries to update the answer,03-OCT-24 02.20.54.844000 PM
8516.0,HR/Normal user tries to update the answer,03-OCT-24 02.23.52.347000 PM
7900.0,Normal user enters the Provvidenza Figli page,14-OCT-24 03.10.25.411000 PM
6113.0,HR/Normal user tries to update the answer,03-OCT-24 02.24.27.173000 PM
5686.0,Normal user assign new grade for the child while creating a request,03-OCT-24 02.49.59.626000 PM
7926.0,Normal user assign new grade for the child while creating a request,03-OCT-24 02.35.00.108000 PM
6150.0,Normal user tries to create new Provvidenza request for a child,03-OCT-24 02.21.14.385000 PM
6601.0,Normal user enters the Provvidenza Figli page,03-OCT-24 02.52.14.811000 PM
6089.0,Normal user enters the Provvidenza Figli page,04-OCT-24 08.49.19.474000 AM
,Dettaglio elenco Cedolini e CU disponibili al download,10-OCT-24 11.14.51.188000 AM
7313.0,HR/Normal user tries to update the answer,09-OCT-24 12.40.21.733000 PM
5659.0,HR/Normal user tries to update the answer,03-OCT-24 02.20.34.063000 PM
9223.0,HR/Normal user tries to update the answer,03-OCT-24 02.06.22.405000 PM
10678.0,HR/Normal user tries to update the answer,03-OCT-24 02.44.30.256000 PM
,Download PDF dalla sezione Cedolini,28-OCT-24 02.53.10.237000 PM
5336.0,HR/Normal user tries to update the answer,03-OCT-24 02.35.46.313000 PM
13000695.0,Normal user assign new grade for the child while creating a request,03-OCT-24 02.38.00.249000 PM
13002978.0,Normal user tries to create new Provvidenza request for a child,28-OCT-24 03.21.33.138000 PM
5875.0,Normal user tries to create new Provvidenza request for a child,03-OCT-24 01.47.13.552000 PM
8399.0,HR/Normal user tries to update the answer,03-OCT-24 02.36.54.452000 PM
5619.0,Normal user tries to create new Provvidenza request for a child,03-OCT-24 02.25.12.211000 PM
7099.0,Normal user enters the Provvidenza Figli page,03-OCT-24 01.55.44.643000 PM
8031.0,HR/Normal user tries to update the answer,03-OCT-24 02.53.19.214000 PM
5657.0,HR/Normal user tries to update the answer,03-OCT-24 02.21.00.905000 PM
6340.0,HR/Normal user tries to update the answer,03-OCT-24 02.54.05.270000 PM
7313.0,Normal user enters the Provvidenza Figli page,09-OCT-24 12.42.34.292000 PM
7302.0,Normal user enters the Provvidenza Figli page,03-OCT-24 02.38.54.927000 PM
16664.0,Verifica possibilità di accesso a fondo pensione per Scelta Welfare,28-OCT-24 03.01.59.954000 PM
7689.0,Normal / HR user updates the answer,03-OCT-24 02.31.56.113000 PM
5332.0,HR/Normal user tries to update the answer,03-OCT-24 02.32.24.337000 PM
9543.0,Normal user tries to create new Provvidenza request for a child,03-OCT-24 01.41.06.243000 PM
6631.0,HR/Normal user tries to update the answer,03-OCT-24 02.54.06.307000 PM
17474.0,HR/Normal user tries to update the answer,03-OCT-24 02.30.29.156000 PM
7068.0,Dettaglio elenco Cedolini e CU disponibili al download,04-OCT-24 09.00.03.276000 AM
5953.0,HR/Normal user tries to update the answer,03-OCT-24 02.41.06.855000 PM
6631.0,Normal user enters the Provvidenza Figli page,03-OCT-24 02.52.03.835000 PM
17474.0,HR/Normal user tries to update the answer,03-OCT-24 02.26.53.226000 PM
19217.0,Normal user assign new grade for the child while creating a request,03-OCT-24 02.28.15.830000 PM
7221.0,Normal user enters the Provvidenza Figli page,03-OCT-24 02.42.31.289000 PM
13002179.0,Normal user enters the Provvidenza Figli page,03-OCT-24 02.48.26.042000 PM
6813.0,HR tried to update grade,03-OCT-24 02.54.46.982000 PM
,Dettaglio elenco Cedolini e CU disponibili al download,31-OCT-24 02.49.52.138000 PM
7185.0,HR/Normal user tries to update the answer,03-OCT-24 02.28.09.820000 PM
8287.0,Normal user enters the Provvidenza Figli page,03-OCT-24 02.32.34.568000 PM
5689.0,Normal user enters the Provvidenza Figli page,03-OCT-24 02.16.26.137000 PM
7689.0,HR/Normal user tries to update the answer,03-OCT-24 02.32.13.409000 PM
9543.0,HR/Normal user tries to update the answer,03-OCT-24 01.41.13.510000 PM
6238.0,HR/Normal user tries to update the answer,03-OCT-24 02.04.24.474000 PM
7733.0,Normal user enters the Provvidenza Figli page,03-OCT-24 02.41.27.356000 PM
5481.0,Normal user assign new grade for the child while creating a request,03-OCT-24 02.26.29.928000 PM
13002184.0,HR/Normal user tries to update the answer,04-OCT-24 02.13.08.832000 PM
,Download PDF dalla sezione Cedolini,31-OCT-24 03.19.51.300000 PM
9097.0,HR/Normal user tries to update the answer,03-OCT-24 01.58.32.510000 PM
5294.0,HR/Normal user tries to update the answer,03-OCT-24 02.34.16.594000 PM
7733.0,Normal user enters the Provvidenza Figli page,03-OCT-24 02.38.22.229000 PM
8277.0,Normal user enters the Provvidenza Figli page,03-OCT-24 02.40.01.876000 PM
6170.0,Normal user enters the Provvidenza Figli page,03-OCT-24 02.39.11.139000 PM
13002179.0,HR/Normal user tries to update the answer,03-OCT-24 02.47.59.978000 PM
5686.0,HR/Normal user tries to update the answer,03-OCT-24 02.50.08.272000 PM
,Dettaglio elenco Cedolini e CU disponibili al download,01-OCT-24 06.03.02.708000 PM
,Dettaglio elenco Cedolini e CU disponibili al download,03-OCT-24 02.37.24.957000 PM
6180.0,HR/Normal user tries to update the answer,04-OCT-24 08.57.15.043000 AM
7040.0,Normal user assign new grade for the child while creating a request,03-OCT-24 02.06.21.723000 PM
7067.0,HR/Normal user tries to update the answer,04-OCT-24 08.57.46.763000 AM
17731.0,Normal user tries to create new Provvidenza request for a child,14-OCT-24 03.53.02.323000 PM
6089.0,Normal user assign new grade for the child while creating a request,04-OCT-24 08.48.06.458000 AM
8399.0,HR/Normal user tries to update the answer,03-OCT-24 02.36.47.149000 PM
7193.0,HR/Normal user tries to update the answer,03-OCT-24 02.36.14.829000 PM
5994.0,Normal / HR user updates the answer,03-OCT-24 01.46.45.955000 PM
10864.0,Normal user enters the Provvidenza Figli page,04-OCT-24 09.01.02.913000 AM
6677.0,HR/Normal user tries to update the answer,04-OCT-24 09.07.50.379000 AM
7267.0,Normal user enters the Provvidenza Figli page,04-OCT-24 09.00.57.239000 AM
7224.0,HR/Normal user tries to update the answer,03-OCT-24 02.40.31.481000 PM
,Dettaglio elenco Cedolini e CU disponibili al download,14-OCT-24 04.04.47.251000 PM
7828.0,HR/Normal user tries to update the answer,03-OCT-24 02.21.17.262000 PM
16786.0,Normal user tries to create new Provvidenza request for a child,03-OCT-24 01.49.11.503000 PM
19442.0,Normal user enters the Provvidenza Figli page,03-OCT-24 02.31.14.378000 PM
5987.0,Normal user update grade for a child,04-OCT-24 09.01.22.448000 AM
7401.0,HR tried to update grade,04-OCT-24 08.46.18.608000 AM
6089.0,HR/Normal user tries to update the answer,04-OCT-24 08.46.45.341000 AM
7068.0,Download PDF dalla sezione Cedolini,04-OCT-24 09.04.26.180000 AM
5570.0,HR/Normal user tries to update the answer,14-OCT-24 03.47.37.445000 PM
6677.0,HR/Normal user tries to update the answer,04-OCT-24 09.07.53.652000 AM
7485.0,HR/Normal user tries to update the answer,03-OCT-24 02.42.40.089000 PM
13002928.0,Normal user enters the Provvidenza Figli page,04-OCT-24 08.52.19.126000 AM
13001862.0,Normal user enters the Provvidenza Figli page,03-OCT-24 01.48.33.446000 PM
5788.0,HR/Normal user tries to update the answer,03-OCT-24 01.38.50.660000 PM
7828.0,Normal user tries to create new Provvidenza request for a child,03-OCT-24 02.19.45.529000 PM
5729.0,Normal user enters the Provvidenza Figli page,03-OCT-24 02.32.04.897000 PM
5884.0,HR/Normal user tries to update the answer,03-OCT-24 01.52.04.558000 PM
9093.0,HR/Normal user tries to update the answer,04-OCT-24 09.33.51.382000 AM
6685.0,HR/Normal user tries to update the answer,03-OCT-24 02.13.40.272000 PM
6998.0,HR/Normal user tries to update the answer,03-OCT-24 02.03.33.572000 PM
5290.0,Normal user enters the Provvidenza Figli page,03-OCT-24 02.53.08.560000 PM
8264.0,Normal user assign new grade for the child while creating a request,03-OCT-24 05.43.01.029000 PM
5725.0,Normal user enters the Provvidenza Figli page,03-OCT-24 02.00.58.868000 PM
7675.0,Normal user enters the Provvidenza Figli page,03-OCT-24 01.59.39.183000 PM
13002833.0,Normal user enters the Provvidenza Figli page,03-OCT-24 02.48.24.749000 PM
17597.0,Verifica possibilità di accesso a fondo pensione per Scelta Welfare,28-OCT-24 03.04.59.593000 PM
6815.0,HR/Normal user tries to update the answer,03-OCT-24 02.26.21.012000 PM
7689.0,Normal / HR user updates the answer,03-OCT-24 02.31.57.798000 PM
7900.0,Normal user assign new grade for the child while creating a request,14-OCT-24 03.07.43.262000 PM
6709.0,HR/Normal user tries to update the answer,03-OCT-24 02.00.29.987000 PM
,Download PDF dalla sezione Cedolini,09-OCT-24 12.23.31.590000 PM
,Dettaglio elenco Cedolini e CU disponibili al download,04-OCT-24 09.03.39.476000 AM
7900.0,Normal user enters the Provvidenza Figli page,14-OCT-24 03.08.21.171000 PM
6554.0,HR/Normal user tries to update the answer,03-OCT-24 02.05.34.751000 PM
5484.0,Normal user enters the Provvidenza Figli page,03-OCT-24 02.22.26.648000 PM
8260.0,HR/Normal user tries to update the answer,04-OCT-24 09.18.20.998000 AM
7068.0,Download PDF dalla sezione Cedolini,04-OCT-24 09.03.13.825000 AM
13001184.0,Normal user assign new grade for the child while creating a request,18-OCT-24 04.02.44.421000 PM
13002831.0,HR/Normal user tries to update the answer,04-OCT-24 09.16.06.279000 AM
9097.0,HR/Normal user tries to update the answer,03-OCT-24 01.58.18.447000 PM
5775.0,HR/Normal user tries to update the answer,03-OCT-24 02.19.50.132000 PM
5768.0,Normal user enters the Provvidenza Figli page,04-OCT-24 09.56.51.016000 AM
5953.0,Normal user assign new grade for the child while creating a request,03-OCT-24 02.40.41.831000 PM
7185.0,HR/Normal user tries to update the answer,03-OCT-24 02.28.47.075000 PM
5589.0,HR/Normal user tries to update the answer,03-OCT-24 02.28.26.601000 PM
5749.0,HR/Normal user tries to update the answer,04-OCT-24 09.53.29.919000 AM
7034.0,Normal user enters the Provvidenza Figli page,03-OCT-24 02.06.30.421000 PM
,Dettaglio elenco Cedolini e CU disponibili al download,04-OCT-24 08.49.15.470000 AM
6680.0,Normal user enters the Provvidenza Figli page,04-OCT-24 09.50.55.701000 AM
5600.0,HR/Normal user tries to update the answer,03-OCT-24 02.38.02.896000 PM
5179.0,HR/Normal user tries to update the answer,04-OCT-24 09.39.18.843000 AM
5901.0,Normal / HR user updates the answer,03-OCT-24 02.03.19.098000 PM
7312.0,Recupero dettagli utente per Scelta orario di lavoro,04-OCT-24 08.46.09.229000 AM
6093.0,Normal user enters the Provvidenza Figli page,04-OCT-24 09.21.35.840000 AM
6770.0,HR/Normal user tries to update the answer,03-OCT-24 02.30.20.732000 PM
9077.0,Normal user tries to create new Provvidenza request for a child,04-OCT-24 08.55.52.384000 AM
13002974.0,Normal user enters the Provvidenza Figli page,18-OCT-24 04.57.10.132000 PM
6733.0,Normal user enters the Provvidenza Figli page,09-OCT-24 03.30.07.957000 PM
5445.0,Normal user assign new grade for the child while creating a request,09-OCT-24 03.23.45.383000 PM
,Dettaglio elenco Cedolini e CU disponibili al download,18-OCT-24 04.36.46.022000 PM
,Dettaglio elenco Cedolini e CU disponibili al download,28-OCT-24 02.59.25.807000 PM
,Dettaglio elenco Cedolini e CU disponibili al download,28-OCT-24 03.26.18.412000 PM
6528.0,Normal user assign new grade for the child while creating a request,03-OCT-24 02.30.46.974000 PM
,Dettaglio elenco Cedolini e CU disponibili al download,09-OCT-24 03.27.57.998000 PM
7068.0,Dettaglio elenco Cedolini e CU disponibili al download,04-OCT-24 09.00.19.608000 AM
13002973.0,Verifica possibilità di accesso a fondo pensione per Scelta Welfare,18-OCT-24 04.30.51.848000 PM
,Download PDF dalla sezione Cedolini,04-OCT-24 09.33.19.798000 AM
5481.0,HR/Normal user tries to update the answer,03-OCT-24 02.26.43.714000 PM
,Dettaglio elenco Cedolini e CU disponibili al download,21-OCT-24 03.59.03.601000 PM
,Dettaglio elenco Cedolini e CU disponibili al download,01-OCT-24 06.03.41.927000 PM
5350.0,Normal user tries to create new Provvidenza request for a child,04-OCT-24 09.15.23.639000 AM
,Download PDF dalla sezione Cedolini,31-OCT-24 02.51.31.680000 PM
16672.0,Verifica possibilità di accesso a fondo pensione per Scelta Welfare,09-OCT-24 03.19.20.182000 PM
6595.0,HR/Normal user tries to update the answer,04-OCT-24 09.14.14.241000 AM
,Dettaglio elenco Cedolini e CU disponibili al download,28-OCT-24 03.38.15.736000 PM
6595.0,Normal user enters the Provvidenza Figli page,04-OCT-24 09.11.58.243000 AM
13002831.0,Normal user tries to create new Provvidenza request for a child,04-OCT-24 09.15.51.481000 AM
18291.0,Download PDF dalla sezione Cedolini,04-OCT-24 09.23.45.998000 AM
18291.0,Download PDF dalla sezione Cedolini,04-OCT-24 09.23.20.893000 AM
5179.0,HR/Normal user tries to update the answer,04-OCT-24 09.39.23.142000 AM
5179.0,Normal user enters the Provvidenza Figli page,04-OCT-24 09.38.36.052000 AM
,Dettaglio elenco Cedolini e CU disponibili al download,24-OCT-24 05.57.12.177000 PM
6076.0,HR/Normal user tries to update the answer,04-OCT-24 10.02.19.017000 AM
7446.0,Normal user tries to create new Provvidenza request for a child,08-OCT-24 08.14.06.503000 AM
,Dettaglio elenco Cedolini e CU disponibili al download,24-OCT-24 05.51.32.987000 PM
,Download PDF dalla sezione Cedolini,24-OCT-24 05.51.54.953000 PM
6532.0,Verifica possibilità di accesso a fondo pensione per Scelta Welfare,18-OCT-24 04.12.31.495000 PM
5849.0,Dettaglio elenco Cedolini e CU disponibili al download,30-OCT-24 04.16.52.789000 PM
5803.0,HR/Normal user tries to update the answer,04-OCT-24 08.56.02.803000 AM
7916.0,Recupero dettagliutente per Scelta Welfare,24-OCT-24 05.25.09.101000 PM
,Dettaglio elenco Cedolini e CU disponibili al download,24-OCT-24 05.44.03.052000 PM
5934.0,Normal user enters the Provvidenza Figli page,08-OCT-24 07.58.26.205000 AM
5188.0,HR/Normal user tries to update the answer,04-OCT-24 04.50.17.475000 PM
7506.0,HR/Normal user tries to update the answer,06-OCT-24 08.11.44.409000 PM
13002971.0,Verifica possibilità di accesso a fondo pensione per Scelta Welfare,20-OCT-24 06.27.04.551000 PM
6359.0,Normal user tries to create new Provvidenza request for a child,04-OCT-24 09.25.45.209000 AM
6076.0,Normal user assign new grade for the child while creating a request,04-OCT-24 10.01.52.408000 AM
,Dettaglio elenco Cedolini e CU disponibili al download,24-OCT-24 08.46.12.196000 AM
6316.0,Normal user assign new grade for the child while creating a request,08-OCT-24 08.28.49.154000 AM
,Dettaglio elenco Cedolini e CU disponibili al download,24-OCT-24 07.03.48.231000 PM
,Download PDF dalla sezione Cedolini,24-OCT-24 10.05.58.926000 AM
6188.0,HR/Normal user tries to update the answer,04-OCT-24 05.22.43.509000 PM
6058.0,Normal user assign new grade for the child while creating a request,07-OCT-24 10.19.33.239000 AM
5831.0,HR/Normal user tries to update the answer,06-OCT-24 07.59.07.951000 PM
13002986.0,Recupero dettagliutente per Scelta Welfare,28-OCT-24 03.38.49.809000 PM
7720.0,HR tried to update grade,04-OCT-24 09.12.30.957000 AM
7506.0,Normal user tries to create new Provvidenza request for a child,06-OCT-24 08.11.30.145000 PM
6089.0,Normal user enters the Provvidenza Figli page,04-OCT-24 08.47.23.149000 AM
13002975.0,Normal user assign new grade for the child while creating a request,22-OCT-24 08.32.17.133000 AM
8450.0,Recupero dettagliutente per Scelta Welfare,28-OCT-24 01.08.49.926000 PM
6396.0,HR/Normal user tries to update the answer,08-OCT-24 09.00.17.094000 AM
6422.0,Normal / HR user updates the answer,09-OCT-24 04.22.24.999000 PM
,Dettaglio elenco Cedolini e CU disponibili al download,24-OCT-24 09.08.58.461000 AM
,Download PDF dalla sezione Cedolini,29-OCT-24 04.56.16.310000 PM
18291.0,Download PDF dalla sezione Cedolini,04-OCT-24 09.23.19.997000 AM
16321.0,Normal user enters the Provvidenza Figli page,07-OCT-24 10.44.07.911000 AM
,Dettaglio elenco Cedolini e CU disponibili al download,08-OCT-24 07.27.53.542000 AM
,Dettaglio elenco Cedolini e CU disponibili al download,24-OCT-24 05.57.48.145000 PM
7916.0,Dettaglio elenco Cedolini e CU disponibili al download,24-OCT-24 05.24.52.003000 PM
13002973.0,Recupero dettagli utente per Scelta orario di lavoro,18-OCT-24 04.37.24.664000 PM
18291.0,Download PDF dalla sezione Cedolini,04-OCT-24 09.23.45.027000 AM
13002974.0,Recupero dettagli utente per invio adesione Fondo Nazionale,18-OCT-24 04.57.05.043000 PM
,Download PDF dalla sezione Cedolini,24-OCT-24 05.27.32.511000 PM
6561.0,Recupero dettagli utente per invio adesione Fondo Nazionale,02-OCT-24 12.31.25.804000 PM
,Download PDF dalla sezione Cedolini,24-OCT-24 05.26.30.691000 PM
6639.0,Dettaglio elenco Cedolini e CU disponibili al download,31-OCT-24 04.55.31.770000 PM
8245.0,HR/Normal user tries to update the answer,07-OCT-24 10.47.07.766000 AM
,Download PDF dalla sezione Cedolini,24-OCT-24 09.38.52.767000 AM
7114.0,Recupero dettagliutente per Scelta Welfare,29-OCT-24 05.16.03.116000 PM
13002974.0,Recupero dettagliutente per Scelta Welfare,18-OCT-24 04.57.01.075000 PM
7843.0,Normal user assign new grade for the child while creating a request,07-OCT-24 10.46.53.495000 AM
8245.0,HR tried to update grade,07-OCT-24 10.46.11.446000 AM
13002986.0,Normal user enters the Provvidenza Figli page,29-OCT-24 05.31.07.734000 PM
6130.0,Dettaglio elenco Cedolini e CU disponibili al download,08-OCT-24 12.31.50.641000 PM
8388.0,Normal user update grade for a child,07-OCT-24 10.41.20.985000 AM
6174.0,HR/Normal user tries to update the answer,07-OCT-24 10.42.22.955000 AM
7182.0,HR/Normal user tries to update the answer,08-OCT-24 12.32.05.656000 PM
9953.0,Download PDF dalla sezione Cedolini,24-OCT-24 06.15.46.941000 PM
6047.0,Normal user tries to create new Provvidenza request for a child,10-OCT-24 04.14.35.014000 PM
8245.0,HR/Normal user tries to update the answer,07-OCT-24 10.47.10.803000 AM
13002786.0,Recupero dettagliutente per Scelta Welfare,16-OCT-24 10.03.27.146000 AM
6598.0,HR/Normal user tries to update the answer,07-OCT-24 10.30.17.240000 AM
,Dettaglio elenco Cedolini e CU disponibili al download,01-OCT-24 01.48.08.139000 PM
7843.0,HR/Normal user tries to update the answer,07-OCT-24 10.46.28.835000 AM
,Download PDF dalla sezione Cedolini,01-OCT-24 01.35.08.319000 PM
,Download PDF dalla sezione Cedolini,23-OCT-24 10.33.17.388000 AM
,Dettaglio elenco Cedolini e CU disponibili al download,28-OCT-24 12.03.43.121000 PM
6509.0,Normal user update grade for a child,10-OCT-24 01.53.47.060000 PM
,Dettaglio elenco Cedolini e CU disponibili al download,08-OCT-24 12.49.31.104000 PM
,Download PDF dalla sezione Cedolini,17-OCT-24 09.51.05.186000 AM
5827.0,HR/Normal user tries to update the answer,10-OCT-24 01.10.49.308000 PM
5467.0,Normal user enters the Provvidenza Figli page,08-OCT-24 12.35.19.063000 PM
,Download PDF dalla sezione Cedolini,23-OCT-24 10.32.50.003000 AM
6694.0,Recupero dettagli utente per invio adesione Fondo Nazionale,28-OCT-24 09.16.30.251000 PM
13002974.0,Recupero dettagli utente per Scelta orario di lavoro,17-OCT-24 09.31.45.865000 AM
5827.0,HR/Normal user tries to update the answer,10-OCT-24 01.11.04.132000 PM
,Download PDF dalla sezione Cedolini,16-OCT-24 05.39.40.094000 PM
7205.0,Normal user assign new grade for the child while creating a request,08-OCT-24 12.24.51.450000 PM
6199.0,Normal user enters the Provvidenza Figli page,10-OCT-24 03.01.36.692000 PM
5361.0,HR/Normal user tries to update the answer,09-OCT-24 01.06.54.819000 PM
13002972.0,Recupero dettagliutente per Scelta Welfare,17-OCT-24 10.17.39.290000 AM
7348.0,HR/Normal user tries to update the answer,09-OCT-24 01.22.50.253000 PM
,Download PDF dalla sezione Cedolini,16-OCT-24 05.34.31.780000 PM
6199.0,HR user update the status from Back office,09-OCT-24 01.09.58.109000 PM
,Dettaglio elenco Cedolini e CU disponibili al download,01-OCT-24 01.34.37.556000 PM
,Dettaglio elenco Cedolini e CU disponibili al download,18-OCT-24 09.57.29.036000 AM
,Download PDF dalla sezione Cedolini,16-OCT-24 05.39.15.608000 PM
13002974.0,Normal user enters the Provvidenza Figli page,17-OCT-24 02.32.44.838000 PM
,Download PDF dalla sezione Cedolini,16-OCT-24 05.34.24.866000 PM
13002972.0,Normal user enters the Provvidenza Figli page,17-OCT-24 10.31.28.400000 AM
5878.0,HR tried to update grade,17-OCT-24 10.24.49.878000 AM
6238.0,Recupero dettagli utente per invio adesione Fondo Nazionale,28-OCT-24 04.19.29.284000 PM
,Dettaglio elenco Cedolini e CU disponibili al download,08-OCT-24 12.03.53.452000 PM
,Dettaglio elenco Cedolini e CU disponibili al download,30-OCT-24 04.29.30.072000 PM
6252.0,HR/Normal user tries to update the answer,07-OCT-24 08.13.41.145000 AM
,Download PDF dalla sezione Cedolini,30-OCT-24 05.25.36.344000 PM
13002972.0,Recupero dettagli utente per Scelta orario di lavoro,17-OCT-24 10.31.32.467000 AM
,Download PDF dalla sezione Cedolini,22-OCT-24 03.45.43.482000 PM
6282.0,HR/Normal user tries to update the answer,07-OCT-24 12.11.22.263000 PM
13002972.0,Verifica possibilità di accesso a fondo pensione per Scelta Welfare,17-OCT-24 10.17.40.046000 AM
13002865.0,Normal user enters the Provvidenza Figli page,07-OCT-24 08.52.15.276000 AM
5878.0,HR/Normal user tries to update the answer,17-OCT-24 10.24.03.344000 AM
6371.0,Normal user enters the Provvidenza Figli page,03-OCT-24 06.33.46.390000 PM
,Dettaglio elenco Cedolini e CU disponibili al download,30-OCT-24 04.37.19.909000 PM
7348.0,Normal user enters the Provvidenza Figli page,09-OCT-24 01.23.31.998000 PM
6252.0,Normal user enters the Provvidenza Figli page,07-OCT-24 08.12.31.254000 AM
,Download PDF dalla sezione Cedolini,17-OCT-24 09.51.34.853000 AM
,Download PDF dalla sezione Cedolini,29-OCT-24 09.58.31.705000 AM
13002865.0,Verifica possibilità di accesso a fondo pensione per Scelta Welfare,07-OCT-24 08.53.33.896000 AM
,Download PDF dalla sezione Cedolini,29-OCT-24 10.45.41.765000 AM
13002865.0,Recupero dettagli utente per invio adesione Fondo Nazionale,07-OCT-24 08.53.06.370000 AM
13002978.0,HR/Normal user tries to update the answer,28-OCT-24 03.21.50.558000 PM
13002408.0,Normal user enters the Provvidenza Figli page,29-OCT-24 05.23.23.428000 PM
,Dettaglio elenco Cedolini e CU disponibili al download,28-OCT-24 11.14.01.685000 PM
7377.0,Normal user enters the Provvidenza Figli page,05-OCT-24 04.14.38.041000 PM
7563.0,HR/Normal user tries to update the answer,21-OCT-24 02.40.20.573000 PM
13002993.0,Recupero dettagliutente per Scelta Welfare,29-OCT-24 08.56.30.911000 AM
19201.0,Normal user enters the Provvidenza Figli page,07-OCT-24 12.23.39.944000 PM
6251.0,Dettaglio elenco Cedolini e CU disponibili al download,28-OCT-24 03.20.27.919000 PM
7313.0,Normal user assign new grade for the child while creating a request,07-OCT-24 11.58.54.304000 AM
,Lettura e accettazione dell'accordo di smartworking,08-OCT-24 11.03.55.351000 AM
5555.0,Normal / HR user updates the answer,07-OCT-24 12.27.22.257000 PM
,Download PDF dalla sezione Cedolini,25-OCT-24 05.07.46.094000 PM
8077.0,HR/Normal user tries to update the answer,07-OCT-24 09.07.52.094000 AM
6895.0,HR/Normal user tries to update the answer,08-OCT-24 11.34.35.613000 AM
13001302.0,Verifica possibilità di accesso a fondo pensione per Scelta Welfare,29-OCT-24 09.05.16.353000 AM
,Dettaglio elenco Cedolini e CU disponibili al download,07-OCT-24 11.49.50.342000 AM
8220.0,Dettaglio elenco Cedolini e CU disponibili al download,28-OCT-24 03.21.51.680000 PM
7380.0,Normal user update grade for a child,07-OCT-24 12.39.24.789000 PM
10871.0,HR/Normal user tries to update the answer,03-OCT-24 06.20.16.328000 PM
5262.0,Download PDF dalla sezione Cedolini,29-OCT-24 08.37.54.889000 AM
5945.0,Normal user assign new grade for the child while creating a request,07-OCT-24 12.48.39.316000 PM
,Download PDF dalla sezione Cedolini,25-OCT-24 06.07.18.228000 PM
5927.0,Normal user enters the Provvidenza Figli page,07-OCT-24 08.39.58.720000 AM
6352.0,Normal user enters the Provvidenza Figli page,04-OCT-24 01.14.19.941000 PM
7216.0,HR/Normal user tries to update the answer,07-OCT-24 11.44.25.203000 AM
5590.0,Normal user enters the Provvidenza Figli page,07-OCT-24 08.29.06.359000 AM
,Download PDF dalla sezione Cedolini,18-OCT-24 09.59.55.410000 AM
,Download PDF dalla sezione Cedolini,30-OCT-24 04.50.31.253000 PM
6130.0,Dettaglio elenco Cedolini e CU disponibili al download,08-OCT-24 11.40.00.202000 AM
16787.0,Dettaglio elenco Cedolini e CU disponibili al download,04-OCT-24 01.01.39.671000 PM
7703.0,HR/Normal user tries to update the answer,04-OCT-24 12.43.01.267000 PM
7216.0,HR/Normal user tries to update the answer,07-OCT-24 11.44.42.439000 AM
5927.0,HR/Normal user tries to update the answer,07-OCT-24 08.39.10.529000 AM
7325.0,Normal user update grade for a child,04-OCT-24 01.03.15.819000 PM
,Dettaglio elenco Cedolini e CU disponibili al download,02-OCT-24 09.25.21.487000 AM
,Download PDF dalla sezione Cedolini,29-OCT-24 10.55.13.910000 AM
13002832.0,Verifica possibilità di accesso a fondo pensione per Scelta Welfare,04-OCT-24 01.05.14.961000 PM
5367.0,Normal user enters the Provvidenza Figli page,06-OCT-24 11.35.56.338000 AM
7313.0,Normal user update grade for a child,07-OCT-24 12.03.20.094000 PM
5781.0,Normal user enters the Provvidenza Figli page,04-OCT-24 01.10.28.024000 PM
5945.0,Normal user tries to create new Provvidenza request for a child,07-OCT-24 12.47.16.062000 PM
19201.0,HR/Normal user tries to update the answer,07-OCT-24 12.23.04.848000 PM
5781.0,Normal / HR user updates the answer,04-OCT-24 01.10.49.223000 PM
9405.0,Normal user assign new grade for the child while creating a request,07-OCT-24 12.19.34.508000 PM
,Download PDF dalla sezione Cedolini,25-OCT-24 09.58.43.934000 AM
,Dettaglio elenco Cedolini e CU disponibili al download,25-OCT-24 09.50.35.602000 AM
13002993.0,Recupero dettagliutente per Scelta Welfare,29-OCT-24 08.56.46.000000 AM
5555.0,HR/Normal user tries to update the answer,07-OCT-24 12.27.18.570000 PM
19201.0,HR/Normal user tries to update the answer,07-OCT-24 12.23.23.028000 PM
,Dettaglio elenco Cedolini e CU disponibili al download,21-OCT-24 08.25.53.907000 AM
6146.0,HR/Normal user tries to update the answer,05-OCT-24 05.28.29.811000 PM
13002604.0,Recupero dettagli utente per Scelta orario di lavoro,08-OCT-24 12.09.50.473000 PM
13002993.0,Recupero dettagliutente per Scelta Welfare,29-OCT-24 08.58.17.973000 AM
,Download PDF dalla sezione Cedolini,25-OCT-24 05.49.29.801000 PM
,Download PDF dalla sezione Cedolini,25-OCT-24 10.37.29.246000 AM
13002994.0,Recupero dettagliutente per Scelta Welfare,25-OCT-24 10.23.27.785000 AM
,Download PDF dalla sezione Cedolini,25-OCT-24 06.01.36.639000 PM
,Download PDF dalla sezione Cedolini,25-OCT-24 10.49.28.578000 AM
,Download PDF dalla sezione Cedolini,25-OCT-24 10.59.16.535000 AM
,Download PDF dalla sezione Cedolini,25-OCT-24 11.08.15.912000 AM
,Download PDF dalla sezione Cedolini,25-OCT-24 11.08.44.845000 AM
5781.0,HR/Normal user tries to update the answer,04-OCT-24 01.09.04.591000 PM
5421.0,Normal user enters the Provvidenza Figli page,28-OCT-24 03.22.26.171000 PM
,Download PDF dalla sezione Cedolini,25-OCT-24 10.11.30.176000 AM
7325.0,Normal user tries to create new Provvidenza request for a child,04-OCT-24 01.02.54.200000 PM
,Download PDF dalla sezione Cedolini,25-OCT-24 09.57.22.970000 AM
5727.0,HR/Normal user tries to update the answer,09-OCT-24 08.04.10.363000 AM
,Download PDF dalla sezione Cedolini,25-OCT-24 10.09.05.950000 AM
13000882.0,Normal user enters the Provvidenza Figli page,01-OCT-24 11.24.52.339000 AM
5524.0,Dettaglio elenco Cedolini e CU disponibili al download,14-OCT-24 09.10.46.122000 AM
,Download PDF dalla sezione Cedolini,25-OCT-24 10.01.24.002000 AM
11511.0,Recupero dettagli utente per Scelta orario di lavoro,08-OCT-24 11.28.04.056000 AM
13002935.0,Normal user enters the Provvidenza Figli page,04-OCT-24 01.54.57.905000 PM
,Download PDF dalla sezione Cedolini,23-OCT-24 10.33.04.422000 AM
7012.0,Normal user assign new grade for the child while creating a request,04-OCT-24 01.26.35.838000 PM
,Dettaglio elenco Cedolini e CU disponibili al download,25-OCT-24 10.11.00.291000 AM
,Download PDF dalla sezione Cedolini,25-OCT-24 10.22.21.847000 AM
,Download PDF dalla sezione Cedolini,25-OCT-24 10.58.22.613000 AM
5757.0,HR/Normal user tries to update the answer,07-OCT-24 12.54.43.319000 PM
5592.0,Normal user tries to create new Provvidenza request for a child,17-OCT-24 03.27.18.826000 PM
,Download PDF dalla sezione Cedolini,25-OCT-24 10.08.56.055000 AM
5367.0,HR/Normal user tries to update the answer,06-OCT-24 11.35.21.586000 AM
,Dettaglio elenco Cedolini e CU disponibili al download,25-OCT-24 01.49.21.788000 PM
,Dettaglio elenco Cedolini e CU disponibili al download,23-OCT-24 10.33.14.132000 AM
,Dettaglio elenco Cedolini e CU disponibili al download,23-OCT-24 10.32.58.499000 AM
,Download PDF dalla sezione Cedolini,23-OCT-24 10.32.54.670000 AM
,Download PDF dalla sezione Cedolini,23-OCT-24 10.33.16.142000 AM
5848.0,HR/Normal user tries to update the answer,04-OCT-24 01.39.14.683000 PM
,Download PDF dalla sezione Cedolini,25-OCT-24 01.50.28.151000 PM
,Download PDF dalla sezione Cedolini,25-OCT-24 02.12.26.125000 PM
,Download PDF dalla sezione Cedolini,25-OCT-24 10.46.50.663000 AM
,Dettaglio elenco Cedolini e CU disponibili al download,25-OCT-24 12.49.02.621000 PM
,Dettaglio elenco Cedolini e CU disponibili al download,25-OCT-24 01.54.11.323000 PM
,Download PDF dalla sezione Cedolini,25-OCT-24 01.06.27.373000 PM
6199.0,Normal user enters the Provvidenza Figli page,10-OCT-24 04.56.40.282000 PM
6047.0,HR/Normal user tries to update the answer,10-OCT-24 04.15.08.701000 PM
7843.0,Normal user enters the Provvidenza Figli page,07-OCT-24 10.45.54.375000 AM
,Download PDF dalla sezione Cedolini,25-OCT-24 02.05.45.559000 PM
5556.0,HR/Normal user tries to update the answer,07-OCT-24 10.49.15.346000 AM
,Dettaglio elenco Cedolini e CU disponibili al download,25-OCT-24 01.49.31.074000 PM
7530.0,HR/Normal user tries to update the answer,07-OCT-24 11.10.54.303000 AM
13002986.0,Recupero dettagliutente per Scelta Welfare,22-OCT-24 07.50.24.627000 PM
7216.0,Normal user tries to create new Provvidenza request for a child,07-OCT-24 11.44.19.809000 AM
6057.0,HR/Normal user tries to update the answer,07-OCT-24 11.17.51.811000 AM
16321.0,Normal user tries to create new Provvidenza request for a child,07-OCT-24 10.44.20.144000 AM
5828.0,HR/Normal user tries to update the answer,07-OCT-24 10.50.27.816000 AM
5556.0,HR/Normal user tries to update the answer,07-OCT-24 10.49.40.522000 AM
,Dettaglio elenco Cedolini e CU disponibili al download,07-OCT-24 11.08.41.859000 AM
6709.0,Normal user enters the Provvidenza Figli page,02-OCT-24 10.40.17.220000 AM
5854.0,HR/Normal user tries to update the answer,03-OCT-24 01.31.44.153000 PM
7530.0,Normal / HR user updates the answer,07-OCT-24 11.11.23.109000 AM
8019.0,Normal user tries to create new Provvidenza request for a child,03-OCT-24 01.28.25.493000 PM
5254.0,Normal user assign new grade for the child while creating a request,03-OCT-24 01.24.57.943000 PM
5562.0,Normal user enters the Provvidenza Figli page,03-OCT-24 01.25.07.399000 PM
9774.0,Normal user update grade for a child,03-OCT-24 02.09.13.448000 PM
7034.0,Normal user assign new grade for the child while creating a request,03-OCT-24 02.09.14.471000 PM
9407.0,HR/Normal user tries to update the answer,03-OCT-24 01.35.27.869000 PM
6980.0,HR/Normal user tries to update the answer,03-OCT-24 01.38.53.056000 PM
6764.0,Normal user enters the Provvidenza Figli page,03-OCT-24 01.22.37.880000 PM
6811.0,HR/Normal user tries to update the answer,03-OCT-24 01.22.56.719000 PM
17324.0,HR/Normal user tries to update the answer,03-OCT-24 02.14.41.047000 PM
7595.0,Dettaglio elenco Cedolini e CU disponibili al download,03-OCT-24 01.33.44.723000 PM
6024.0,HR/Normal user tries to update the answer,08-OCT-24 10.08.51.710000 AM
6708.0,HR/Normal user tries to update the answer,03-OCT-24 01.28.01.772000 PM
5607.0,Normal user enters the Provvidenza Figli page,08-OCT-24 10.06.03.683000 AM
16805.0,Normal user enters the Provvidenza Figli page,03-OCT-24 01.36.15.713000 PM
7989.0,Normal user tries to create new Provvidenza request for a child,03-OCT-24 02.26.07.871000 PM
6926.0,Normal user tries to create new Provvidenza request for a child,03-OCT-24 01.50.25.459000 PM
5689.0,HR/Normal user tries to update the answer,03-OCT-24 02.16.01.838000 PM
7237.0,HR/Normal user tries to update the answer,03-OCT-24 01.47.06.123000 PM
5369.0,HR tried to update grade,03-OCT-24 01.58.14.564000 PM
5535.0,Normal user enters the Provvidenza Figli page,03-OCT-24 02.06.34.502000 PM
7237.0,HR/Normal user tries to update the answer,03-OCT-24 01.47.14.034000 PM
5901.0,Normal user tries to create new Provvidenza request for a child,03-OCT-24 02.02.53.171000 PM
,Download PDF dalla sezione Cedolini,25-OCT-24 10.58.00.834000 AM
13002986.0,Recupero dettagli utente per invio adesione Fondo Nazionale,25-OCT-24 11.05.15.854000 AM
,Dettaglio elenco Cedolini e CU disponibili al download,25-OCT-24 11.10.18.399000 AM
5689.0,HR/Normal user tries to update the answer,03-OCT-24 02.15.22.538000 PM
8042.0,HR/Normal user tries to update the answer,03-OCT-24 02.14.36.570000 PM
,Download PDF dalla sezione Cedolini,25-OCT-24 11.10.47.187000 AM
,Dettaglio elenco Cedolini e CU disponibili al download,07-OCT-24 11.11.14.614000 AM
5746.0,Normal / HR user updates the answer,04-OCT-24 10.16.23.379000 AM
5768.0,Normal user enters the Provvidenza Figli page,04-OCT-24 10.02.29.492000 AM
6076.0,HR/Normal user tries to update the answer,04-OCT-24 10.01.56.515000 AM
,Download PDF dalla sezione Cedolini,25-OCT-24 11.10.21.235000 AM
5954.0,Normal user enters the Provvidenza Figli page,01-OCT-24 08.19.44.428000 AM
5746.0,HR/Normal user tries to update the answer,04-OCT-24 10.16.39.666000 AM
,Dettaglio elenco Cedolini e CU disponibili al download,01-OCT-24 07.53.38.650000 AM
5784.0,Normal user tries to create new Provvidenza request for a child,03-OCT-24 02.31.13.883000 PM
8866.0,HR/Normal user tries to update the answer,03-OCT-24 02.02.03.446000 PM
5297.0,Recupero dettagliutente per Scelta Welfare,04-OCT-24 10.18.38.323000 AM
,Download PDF dalla sezione Cedolini,25-OCT-24 11.03.49.070000 AM
,Dettaglio elenco Cedolini e CU disponibili al download,25-OCT-24 11.27.47.367000 AM
7234.0,HR/Normal user tries to update the answer,04-OCT-24 10.28.42.026000 AM
,Download PDF dalla sezione Cedolini,25-OCT-24 11.30.20.812000 AM
13002986.0,Verifica possibilità di accesso a fondo pensione per Scelta Welfare,25-OCT-24 11.07.04.448000 AM
8622.0,Normal user assign new grade for the child while creating a request,04-OCT-24 10.17.52.569000 AM
5540.0,HR/Normal user tries to update the answer,04-OCT-24 10.18.24.617000 AM
8062.0,Normal user assign new grade for the child while creating a request,04-OCT-24 10.17.27.032000 AM
8062.0,Normal user tries to create new Provvidenza request for a child,04-OCT-24 10.17.26.946000 AM
,Download PDF dalla sezione Cedolini,25-OCT-24 11.16.35.039000 AM
5906.0,Normal user tries to create new Provvidenza request for a child,04-OCT-24 10.24.14.290000 AM
,Download PDF dalla sezione Cedolini,25-OCT-24 11.18.44.855000 AM
7073.0,HR/Normal user tries to update the answer,04-OCT-24 11.06.59.829000 AM
5906.0,Normal / HR user updates the answer,04-OCT-24 10.26.46.264000 AM
6246.0,Normal user enters the Provvidenza Figli page,03-OCT-24 01.53.21.530000 PM
,Dettaglio elenco Cedolini e CU disponibili al download,15-OCT-24 03.46.20.764000 PM
,Download PDF dalla sezione Cedolini,25-OCT-24 11.23.58.260000 AM
,Download PDF dalla sezione Cedolini,29-OCT-24 04.46.07.355000 PM
13002733.0,Normal user enters the Provvidenza Figli page,01-OCT-24 08.28.33.733000 AM
7234.0,Normal user enters the Provvidenza Figli page,04-OCT-24 10.35.26.306000 AM
5238.0,Normal user enters the Provvidenza Figli page,04-OCT-24 10.11.31.387000 AM
5906.0,Normal user enters the Provvidenza Figli page,04-OCT-24 10.23.36.383000 AM
13002130.0,Normal user enters the Provvidenza Figli page,04-OCT-24 10.54.30.737000 AM
8062.0,Normal user assign new grade for the child while creating a request,04-OCT-24 10.13.59.843000 AM
,Download PDF dalla sezione Cedolini,04-OCT-24 10.52.15.875000 AM
6363.0,HR/Normal user tries to update the answer,04-OCT-24 10.40.28.478000 AM
5906.0,Normal user assign new grade for the child while creating a request,04-OCT-24 10.24.14.782000 AM
6049.0,HR/Normal user tries to update the answer,04-OCT-24 10.55.28.605000 AM
7175.0,HR/Normal user tries to update the answer,04-OCT-24 11.15.31.963000 AM
7107.0,Normal user enters the Provvidenza Figli page,04-OCT-24 11.03.58.018000 AM
7468.0,Normal user enters the Provvidenza Figli page,04-OCT-24 10.29.33.311000 AM
5843.0,Normal / HR user updates the answer,08-OCT-24 03.03.17.747000 PM
6135.0,Normal user assign new grade for the child while creating a request,03-OCT-24 02.33.45.094000 PM
,Dettaglio elenco Cedolini e CU disponibili al download,22-OCT-24 02.29.38.149000 PM
7492.0,Normal user enters the Provvidenza Figli page,08-OCT-24 11.01.53.349000 AM
13001303.0,HR/Normal user tries to update the answer,08-OCT-24 11.20.09.066000 AM
,Download PDF dalla sezione Cedolini,29-OCT-24 11.42.59.628000 AM
5432.0,HR/Normal user tries to update the answer,11-OCT-24 08.34.56.402000 AM
7810.0,Normal user enters the Provvidenza Figli page,04-OCT-24 01.03.48.861000 PM
,Dettaglio elenco Cedolini e CU disponibili al download,03-OCT-24 07.23.11.169000 PM
13002692.0,Recupero dettagli utente per Scelta orario di lavoro,04-OCT-24 12.45.31.995000 PM
7012.0,HR/Normal user tries to update the answer,04-OCT-24 01.27.43.373000 PM
,Download PDF dalla sezione Cedolini,28-OCT-24 08.22.08.694000 AM
7107.0,Normal user enters the Provvidenza Figli page,04-OCT-24 11.02.22.935000 AM
,Dettaglio elenco Cedolini e CU disponibili al download,01-OCT-24 09.22.07.274000 AM
6049.0,Normal / HR user updates the answer,04-OCT-24 10.55.20.408000 AM
8088.0,Normal user enters the Provvidenza Figli page,28-OCT-24 08.48.42.288000 AM
,Dettaglio elenco Cedolini e CU disponibili al download,14-OCT-24 05.03.06.766000 PM
6199.0,Normal user enters the Provvidenza Figli page,28-OCT-24 05.22.32.175000 PM
6039.0,Normal user enters the Provvidenza Figli page,09-OCT-24 12.06.44.391000 PM
13001785.0,HR/Normal user tries to update the answer,28-OCT-24 04.57.08.315000 PM
5744.0,Normal user tries to create new Provvidenza request for a child,04-OCT-24 08.22.36.239000 AM
6704.0,HR/Normal user tries to update the answer,04-OCT-24 08.15.50.940000 AM
,Dettaglio elenco Cedolini e CU disponibili al download,31-OCT-24 08.44.49.617000 AM
6654.0,HR/Normal user tries to update the answer,04-OCT-24 08.57.37.180000 AM
6093.0,HR/Normal user tries to update the answer,04-OCT-24 09.19.44.653000 AM
,Download PDF dalla sezione Cedolini,25-OCT-24 08.51.42.914000 AM
6632.0,Normal user tries to create new Provvidenza request for a child,10-OCT-24 05.48.59.857000 PM
,Download PDF dalla sezione Cedolini,25-OCT-24 09.12.19.847000 AM
5488.0,Normal user enters the Provvidenza Figli page,04-OCT-24 08.53.48.900000 AM
,Download PDF dalla sezione Cedolini,25-OCT-24 09.55.55.109000 AM
13000565.0,HR/Normal user tries to update the answer,04-OCT-24 09.35.56.269000 AM
7035.0,Normal user assign new grade for the child while creating a request,08-OCT-24 09.25.23.227000 AM
,Download PDF dalla sezione Cedolini,24-OCT-24 05.18.58.321000 PM
5756.0,Normal user enters the Provvidenza Figli page,04-OCT-24 08.19.59.815000 AM
8189.0,Normal user assign new grade for the child while creating a request,10-OCT-24 02.46.01.335000 PM
,Dettaglio elenco Cedolini e CU disponibili al download,22-OCT-24 11.40.53.619000 AM
5568.0,HR/Normal user tries to update the answer,04-OCT-24 03.31.45.922000 PM
5825.0,HR/Normal user tries to update the answer,04-OCT-24 02.46.51.718000 PM
7149.0,HR/Normal user tries to update the answer,04-OCT-24 03.17.10.440000 PM
5980.0,Normal user tries to create new Provvidenza request for a child,04-OCT-24 04.11.11.233000 PM
7932.0,HR/Normal user tries to update the answer,04-OCT-24 04.01.53.789000 PM
17471.0,Recupero dettagliutente per Scelta Welfare,07-OCT-24 09.57.10.480000 AM
5994.0,Normal / HR user updates the answer,03-OCT-24 01.46.47.052000 PM
7662.0,HR/Normal user tries to update the answer,03-OCT-24 02.01.15.894000 PM
,Download PDF dalla sezione Cedolini,21-OCT-24 03.01.12.749000 PM
7123.0,HR/Normal user tries to update the answer,03-OCT-24 01.55.53.107000 PM
5369.0,HR/Normal user tries to update the answer,03-OCT-24 01.56.40.491000 PM
8226.0,Normal user assign new grade for the child while creating a request,07-OCT-24 09.01.57.214000 AM
6823.0,Normal user enters the Provvidenza Figli page,03-OCT-24 02.28.41.075000 PM
,Dettaglio elenco Cedolini e CU disponibili al download,03-OCT-24 02.39.29.648000 PM
7302.0,HR/Normal user tries to update the answer,03-OCT-24 02.39.37.621000 PM
13002130.0,HR tried to update grade,03-OCT-24 01.43.08.230000 PM
8330.0,HR/Normal user tries to update the answer,03-OCT-24 02.21.32.692000 PM
6601.0,Normal user assign new grade for the child while creating a request,03-OCT-24 02.52.16.490000 PM
9208.0,HR/Normal user tries to update the answer,03-OCT-24 02.43.08.197000 PM
5884.0,Normal user enters the Provvidenza Figli page,03-OCT-24 01.47.52.964000 PM
6559.0,Normal user enters the Provvidenza Figli page,03-OCT-24 02.03.52.607000 PM
5320.0,Normal user tries to create new Provvidenza request for a child,03-OCT-24 02.37.45.985000 PM
5327.0,Dettaglio elenco Cedolini e CU disponibili al download,28-OCT-24 03.34.15.203000 PM
7733.0,HR/Normal user tries to update the answer,03-OCT-24 02.36.59.370000 PM
15452.0,HR/Normal user tries to update the answer,04-OCT-24 09.01.00.663000 AM
5639.0,HR/Normal user tries to update the answer,03-OCT-24 02.13.56.058000 PM
13002935.0,Normal user enters the Provvidenza Figli page,03-OCT-24 02.11.44.717000 PM
6154.0,HR/Normal user tries to update the answer,03-OCT-24 02.34.05.391000 PM
5332.0,HR/Normal user tries to update the answer,03-OCT-24 02.32.49.479000 PM
7926.0,HR/Normal user tries to update the answer,03-OCT-24 02.36.05.769000 PM
5484.0,HR/Normal user tries to update the answer,03-OCT-24 02.22.48.463000 PM
7331.0,HR tried to update grade,03-OCT-24 02.04.53.241000 PM
5589.0,Normal user enters the Provvidenza Figli page,03-OCT-24 02.28.11.416000 PM
13002831.0,HR/Normal user tries to update the answer,04-OCT-24 09.16.16.128000 AM
,Dettaglio elenco Cedolini e CU disponibili al download,28-OCT-24 01.44.14.030000 PM
7067.0,HR/Normal user tries to update the answer,04-OCT-24 08.57.34.677000 AM
5483.0,Normal user tries to create new Provvidenza request for a child,04-OCT-24 10.00.23.380000 AM
7265.0,Normal user assign new grade for the child while creating a request,04-OCT-24 09.24.22.006000 AM
13002926.0,Recupero dettagli utente per invio adesione Fondo Nazionale,04-OCT-24 08.47.24.816000 AM
6089.0,HR/Normal user tries to update the answer,04-OCT-24 08.48.10.827000 AM
16672.0,Normal user enters the Provvidenza Figli page,09-OCT-24 03.22.30.220000 PM
5678.0,Normal user enters the Provvidenza Figli page,07-OCT-24 10.37.35.664000 AM
6058.0,HR/Normal user tries to update the answer,07-OCT-24 10.20.25.141000 AM
5271.0,Normal user tries to create new Provvidenza request for a child,21-OCT-24 09.50.02.613000 AM
,Dettaglio elenco Cedolini e CU disponibili al download,10-OCT-24 02.56.19.793000 PM
16321.0,Normal user enters the Provvidenza Figli page,07-OCT-24 10.45.48.972000 AM
7446.0,Normal user enters the Provvidenza Figli page,08-OCT-24 08.15.18.379000 AM
6749.0,Dettaglio elenco Cedolini e CU disponibili al download,07-OCT-24 11.32.17.437000 AM
5467.0,HR/Normal user tries to update the answer,08-OCT-24 12.36.35.003000 PM
8438.0,Dettaglio elenco Cedolini e CU disponibili al download,05-OCT-24 07.37.08.649000 PM
6001.0,Normal user enters the Provvidenza Figli page,17-OCT-24 02.06.48.262000 PM
,Dettaglio elenco Cedolini e CU disponibili al download,07-OCT-24 08.42.25.677000 AM
,Download PDF dalla sezione Cedolini,16-OCT-24 05.39.37.523000 PM
13002974.0,Recupero dettagliutente per Scelta Welfare,17-OCT-24 10.07.39.320000 AM
6982.0,HR/Normal user tries to update the answer,07-OCT-24 08.10.36.856000 AM
,Download PDF dalla sezione Cedolini,25-OCT-24 10.09.17.969000 AM
5945.0,Normal user enters the Provvidenza Figli page,07-OCT-24 12.51.42.506000 PM
9405.0,HR/Normal user tries to update the answer,07-OCT-24 12.20.07.438000 PM
5945.0,Normal user enters the Provvidenza Figli page,07-OCT-24 12.52.34.928000 PM
7832.0,Dettaglio elenco Cedolini e CU disponibili al download,03-OCT-24 06.18.57.832000 PM
,Download PDF dalla sezione Cedolini,25-OCT-24 04.57.55.519000 PM
5555.0,HR/Normal user tries to update the answer,07-OCT-24 12.27.48.741000 PM
7313.0,HR/Normal user tries to update the answer,07-OCT-24 11.59.02.928000 AM
,Download PDF dalla sezione Cedolini,07-OCT-24 11.35.39.652000 AM
,Download PDF dalla sezione Cedolini,25-OCT-24 09.49.46.410000 AM
8226.0,HR/Normal user tries to update the answer,07-OCT-24 09.02.06.182000 AM
6246.0,Verifica possibilità di accesso a fondo pensione per Scelta Welfare,29-OCT-24 11.02.25.622000 AM
9474.0,Normal user enters the Provvidenza Figli page,25-OCT-24 10.57.05.607000 AM
,Download PDF dalla sezione Cedolini,23-OCT-24 10.34.13.666000 AM
,Download PDF dalla sezione Cedolini,25-OCT-24 10.03.55.940000 AM
,Download PDF dalla sezione Cedolini,25-OCT-24 01.24.19.346000 PM
,Download PDF dalla sezione Cedolini,15-OCT-24 03.01.28.523000 PM
5556.0,HR/Normal user tries to update the answer,07-OCT-24 10.49.17.396000 AM
14647.0,Normal / HR user updates the answer,04-OCT-24 10.16.50.658000 AM
5297.0,Verifica possibilità di accesso a fondo pensione per Scelta Welfare,04-OCT-24 10.18.38.772000 AM
,Download PDF dalla sezione Cedolini,22-OCT-24 11.56.17.707000 AM
5365.0,Normal user enters the Provvidenza Figli page,08-OCT-24 01.50.14.215000 PM
,Download PDF dalla sezione Cedolini,22-OCT-24 10.48.10.812000 AM
5463.0,Normal user tries to create new Provvidenza request for a child,03-OCT-24 10.48.42.728000 AM
17329.0,A valid user enters the MIFID page details of the user would be logged,31-OCT-24 08.57.09.514000 AM
,Download PDF dalla sezione Cedolini,08-OCT-24 02.28.03.900000 PM
,Download PDF dalla sezione Cedolini,25-OCT-24 10.04.44.759000 AM
,Dettaglio elenco Cedolini e CU disponibili al download,08-OCT-24 02.27.52.804000 PM
,Dettaglio elenco Cedolini e CU disponibili al download,22-OCT-24 12.51.46.202000 PM
6199.0,Normal user enters the Provvidenza Figli page,08-OCT-24 02.37.30.202000 PM
,Download PDF dalla sezione Cedolini,25-OCT-24 10.04.45.789000 AM
,Dettaglio elenco Cedolini e CU disponibili al download,03-OCT-24 10.55.45.922000 AM
,Download PDF dalla sezione Cedolini,03-OCT-24 10.36.57.993000 AM
5621.0,HR/Normal user tries to update the answer,30-OCT-24 03.25.25.556000 PM
5463.0,Normal user assign new grade for the child while creating a request,03-OCT-24 10.48.42.878000 AM
,Download PDF dalla sezione Cedolini,25-OCT-24 10.05.00.294000 AM
,Dettaglio elenco Cedolini e CU disponibili al download,03-OCT-24 10.45.50.494000 AM
6529.0,Normal user enters the Provvidenza Figli page,10-OCT-24 08.33.28.976000 AM
7486.0,Normal user enters the Provvidenza Figli page,03-OCT-24 01.20.40.769000 PM
13002994.0,Recupero dettagliutente per Scelta Welfare,25-OCT-24 10.21.57.177000 AM
7636.0,HR/Normal user tries to update the answer,03-OCT-24 01.21.50.571000 PM
,Dettaglio elenco Cedolini e CU disponibili al download,30-OCT-24 02.10.07.284000 PM
8263.0,Normal / HR user updates the answer,03-OCT-24 01.21.47.014000 PM
5927.0,Normal user enters the Provvidenza Figli page,03-OCT-24 01.22.27.275000 PM
6802.0,Normal user assign new grade for the child while creating a request,03-OCT-24 01.19.47.443000 PM
6088.0,Normal user enters the Provvidenza Figli page,03-OCT-24 01.15.38.202000 PM
6529.0,Normal user enters the Provvidenza Figli page,10-OCT-24 08.34.44.462000 AM
5731.0,HR/Normal user tries to update the answer,03-OCT-24 01.18.16.003000 PM
,Download PDF dalla sezione Cedolini,26-OCT-24 11.10.50.719000 AM
13002972.0,Recupero dettagliutente per Scelta Welfare,25-OCT-24 10.20.45.729000 AM
7816.0,Normal user enters the Provvidenza Figli page,03-OCT-24 01.16.15.702000 PM
7081.0,Normal user enters the Provvidenza Figli page,03-OCT-24 01.18.13.452000 PM
8708.0,HR/Normal user tries to update the answer,03-OCT-24 01.21.15.897000 PM
,Download PDF dalla sezione Cedolini,25-OCT-24 10.04.55.031000 AM
,Dettaglio elenco Cedolini e CU disponibili al download,03-OCT-24 01.21.48.364000 PM
,Dettaglio elenco Cedolini e CU disponibili al download,22-OCT-24 12.53.21.203000 PM
7868.0,Normal / HR user updates the answer,03-OCT-24 01.20.30.327000 PM
8453.0,Normal user enters the Provvidenza Figli page,03-OCT-24 01.19.13.241000 PM
,Dettaglio elenco Cedolini e CU disponibili al download,25-OCT-24 09.59.37.857000 AM
7205.0,Normal user enters the Provvidenza Figli page,08-OCT-24 12.26.38.696000 PM
,Download PDF dalla sezione Cedolini,26-OCT-24 07.59.27.313000 AM
,Dettaglio elenco Cedolini e CU disponibili al download,25-OCT-24 10.27.23.152000 AM
13002734.0,Verifica possibilità di accesso a fondo pensione per Scelta Welfare,25-OCT-24 10.44.09.116000 AM
5721.0,Normal user enters the Provvidenza Figli page,03-OCT-24 01.21.34.207000 PM
6915.0,HR/Normal user tries to update the answer,03-OCT-24 01.16.26.880000 PM
6556.0,HR tried to update grade,03-OCT-24 01.17.22.199000 PM
6852.0,HR/Normal user tries to update the answer,03-OCT-24 01.17.55.463000 PM
8088.0,HR/Normal user tries to update the answer,25-OCT-24 10.23.14.388000 AM
6852.0,Normal user tries to create new Provvidenza request for a child,03-OCT-24 01.17.42.512000 PM
5690.0,HR/Normal user tries to update the answer,08-OCT-24 12.40.03.624000 PM
,Download PDF dalla sezione Cedolini,25-OCT-24 10.27.33.373000 AM
5666.0,Normal user enters the Provvidenza Figli page,03-OCT-24 01.16.14.085000 PM
,Dettaglio elenco Cedolini e CU disponibili al download,18-OCT-24 09.23.24.876000 AM
7928.0,Dettaglio elenco Cedolini e CU disponibili al download,25-OCT-24 10.17.58.611000 AM
6669.0,HR/Normal user tries to update the answer,03-OCT-24 01.20.20.645000 PM
8023.0,HR/Normal user tries to update the answer,03-OCT-24 01.18.27.484000 PM
5219.0,HR/Normal user tries to update the answer,03-OCT-24 01.18.43.766000 PM
6013.0,HR/Normal user tries to update the answer,03-OCT-24 01.20.00.581000 PM
9403.0,Normal user assign new grade for the child while creating a request,03-OCT-24 01.15.07.262000 PM
9403.0,Normal user tries to create new Provvidenza request for a child,03-OCT-24 01.15.07.139000 PM
7752.0,Normal user enters the Provvidenza Figli page,03-OCT-24 01.19.39.094000 PM
7816.0,Normal / HR user updates the answer,03-OCT-24 01.15.20.367000 PM
5690.0,Recupero dettagli utente per invio adesione Fondo Nazionale,08-OCT-24 12.38.37.231000 PM
6470.0,HR/Normal user tries to update the answer,03-OCT-24 01.20.21.884000 PM
5467.0,HR/Normal user tries to update the answer,08-OCT-24 12.36.13.753000 PM
6915.0,Normal user enters the Provvidenza Figli page,03-OCT-24 01.15.15.099000 PM
,Dettaglio elenco Cedolini e CU disponibili al download,25-OCT-24 10.36.13.418000 AM
8023.0,HR/Normal user tries to update the answer,03-OCT-24 01.18.55.642000 PM
6035.0,Dettaglio elenco Cedolini e CU disponibili al download,03-OCT-24 01.17.21.492000 PM
7016.0,HR/Normal user tries to update the answer,03-OCT-24 01.19.46.510000 PM
8225.0,Normal user enters the Provvidenza Figli page,03-OCT-24 01.17.05.881000 PM
5868.0,Normal user enters the Provvidenza Figli page,03-OCT-24 01.19.45.285000 PM
5687.0,HR/Normal user tries to update the answer,03-OCT-24 01.17.38.452000 PM
7434.0,HR/Normal user tries to update the answer,03-OCT-24 01.16.46.511000 PM
8061.0,HR/Normal user tries to update the answer,03-OCT-24 01.18.53.602000 PM
7601.0,HR/Normal user tries to update the answer,03-OCT-24 01.21.53.468000 PM
8410.0,HR/Normal user tries to update the answer,03-OCT-24 01.19.27.060000 PM
5993.0,HR/Normal user tries to update the answer,03-OCT-24 01.20.10.501000 PM
,Download PDF dalla sezione Cedolini,03-OCT-24 01.21.12.226000 PM
6035.0,HR/Normal user tries to update the answer,03-OCT-24 01.18.58.379000 PM
8023.0,Normal user enters the Provvidenza Figli page,03-OCT-24 01.19.00.089000 PM
6915.0,Normal user tries to create new Provvidenza request for a child,03-OCT-24 01.16.15.271000 PM
7961.0,HR/Normal user tries to update the answer,03-OCT-24 01.17.11.473000 PM
9359.0,Normal user enters the Provvidenza Figli page,03-OCT-24 01.18.24.807000 PM
8309.0,Normal user tries to create new Provvidenza request for a child,03-OCT-24 01.15.00.290000 PM
7263.0,HR/Normal user tries to update the answer,03-OCT-24 01.21.54.643000 PM
,Dettaglio elenco Cedolini e CU disponibili al download,03-OCT-24 01.21.51.951000 PM
6915.0,Normal / HR user updates the answer,03-OCT-24 01.16.30.630000 PM
6669.0,Normal user assign new grade for the child while creating a request,03-OCT-24 01.19.16.708000 PM
6529.0,Normal / HR user updates the answer,10-OCT-24 08.33.57.095000 AM
8088.0,HR/Normal user tries to update the answer,25-OCT-24 10.22.39.480000 AM
5847.0,Normal user assign new grade for the child while creating a request,03-OCT-24 01.22.23.684000 PM
,Download PDF dalla sezione Cedolini,30-OCT-24 09.39.45.647000 AM
,Download PDF dalla sezione Cedolini,25-OCT-24 10.13.44.278000 AM
6882.0,Normal / HR user updates the answer,03-OCT-24 01.21.18.737000 PM
7486.0,HR/Normal user tries to update the answer,03-OCT-24 01.20.49.051000 PM
6894.0,Normal user assign new grade for the child while creating a request,03-OCT-24 01.16.35.228000 PM
6008.0,HR/Normal user tries to update the answer,03-OCT-24 01.17.41.297000 PM
6082.0,Normal user enters the Provvidenza Figli page,03-OCT-24 01.16.42.279000 PM
5666.0,HR/Normal user tries to update the answer,03-OCT-24 01.17.04.246000 PM
6035.0,HR/Normal user tries to update the answer,03-OCT-24 01.18.44.671000 PM
6008.0,HR/Normal user tries to update the answer,03-OCT-24 01.18.19.259000 PM
,Dettaglio elenco Cedolini e CU disponibili al download,08-OCT-24 12.53.46.619000 PM
14669.0,Normal user tries to create new Provvidenza request for a child,03-OCT-24 01.20.36.268000 PM
6132.0,Normal user enters the Provvidenza Figli page,03-OCT-24 01.19.33.474000 PM
7016.0,Dettaglio elenco Cedolini e CU disponibili al download,03-OCT-24 01.22.12.519000 PM
7868.0,HR/Normal user tries to update the answer,03-OCT-24 01.20.33.923000 PM
13000340.0,Normal user enters the Provvidenza Figli page,03-OCT-24 01.16.30.849000 PM
5721.0,Normal user tries to create new Provvidenza request for a child,03-OCT-24 01.16.24.463000 PM
6013.0,HR/Normal user tries to update the answer,03-OCT-24 01.19.52.585000 PM
6164.0,HR/Normal user tries to update the answer,03-OCT-24 01.16.19.392000 PM
5710.0,Normal user enters the Provvidenza Figli page,03-OCT-24 01.15.22.556000 PM
6224.0,Normal user enters the Provvidenza Figli page,03-OCT-24 01.14.54.126000 PM
6164.0,HR tried to update grade,03-OCT-24 01.16.34.074000 PM
17394.0,HR/Normal user tries to update the answer,03-OCT-24 01.16.23.531000 PM
7205.0,Normal user tries to create new Provvidenza request for a child,08-OCT-24 12.24.51.299000 PM
8192.0,Normal user enters the Provvidenza Figli page,03-OCT-24 01.18.03.579000 PM
8309.0,Normal user enters the Provvidenza Figli page,03-OCT-24 01.16.22.751000 PM
8061.0,HR/Normal user tries to update the answer,03-OCT-24 01.18.44.028000 PM
6882.0,Normal / HR user updates the answer,03-OCT-24 01.20.30.939000 PM
6088.0,HR/Normal user tries to update the answer,03-OCT-24 01.18.12.578000 PM
7124.0,HR/Normal user tries to update the answer,03-OCT-24 01.19.06.851000 PM
5219.0,Normal user tries to create new Provvidenza request for a child,03-OCT-24 01.17.43.514000 PM
6360.0,Normal user enters the Provvidenza Figli page,03-OCT-24 01.17.33.597000 PM
7752.0,HR/Normal user tries to update the answer,03-OCT-24 01.22.34.003000 PM
6195.0,HR/Normal user tries to update the answer,03-OCT-24 01.21.30.593000 PM
6132.0,HR/Normal user tries to update the answer,03-OCT-24 01.20.14.004000 PM
7311.0,HR/Normal user tries to update the answer,03-OCT-24 07.11.12.001000 PM
7311.0,Normal user update grade for a child,03-OCT-24 07.14.04.071000 PM
7044.0,HR/Normal user tries to update the answer,03-OCT-24 07.36.41.303000 PM
8410.0,Normal user assign new grade for the child while creating a request,03-OCT-24 01.17.52.813000 PM
,Dettaglio elenco Cedolini e CU disponibili al download,30-OCT-24 09.24.07.316000 AM
,Dettaglio elenco Cedolini e CU disponibili al download,24-OCT-24 02.44.36.219000 PM
7311.0,Normal user update grade for a child,03-OCT-24 07.17.30.783000 PM
,Dettaglio elenco Cedolini e CU disponibili al download,03-OCT-24 09.37.27.256000 PM
,Dettaglio elenco Cedolini e CU disponibili al download,01-OCT-24 03.00.26.549000 PM
6199.0,HR user updates the Tipo provvidenza configuration,03-OCT-24 10.41.09.034000 AM
13002349.0,Recupero dettagliutente per Scelta Welfare,24-OCT-24 03.57.33.847000 PM
9240.0,Recupero dettagliutente per Scelta Welfare,01-OCT-24 02.51.08.730000 PM
6024.0,Normal user enters the Provvidenza Figli page,01-OCT-24 03.35.13.255000 PM
7314.0,HR/Normal user tries to update the answer,10-OCT-24 08.52.52.815000 AM
6654.0,Normal user enters the Provvidenza Figli page,01-OCT-24 01.29.17.237000 PM
6199.0,HR user enters the Change Tipo Provvidenza  configuration,03-OCT-24 10.44.08.844000 AM
5367.0,HR/Normal user tries to update the answer,06-OCT-24 11.35.13.652000 AM
17860.0,Recupero dettagliutente per Scelta Welfare,26-OCT-24 04.55.37.472000 PM
5463.0,HR/Normal user tries to update the answer,03-OCT-24 10.48.36.228000 AM
,Dettaglio elenco Cedolini e CU disponibili al download,24-OCT-24 11.23.08.585000 AM
,Download PDF dalla sezione Cedolini,27-OCT-24 11.10.40.291000 AM
7036.0,Normal / HR user updates the answer,03-OCT-24 01.22.06.391000 PM
,Dettaglio elenco Cedolini e CU disponibili al download,03-OCT-24 10.36.41.319000 AM
,Dettaglio elenco Cedolini e CU disponibili al download,24-OCT-24 11.41.16.089000 AM
5463.0,Normal user enters the Provvidenza Figli page,03-OCT-24 10.48.41.106000 AM
,Dettaglio elenco Cedolini e CU disponibili al download,27-OCT-24 09.22.43.858000 AM
5721.0,HR/Normal user tries to update the answer,03-OCT-24 01.21.57.421000 PM
,Dettaglio elenco Cedolini e CU disponibili al download,25-OCT-24 10.43.46.896000 AM
,Dettaglio elenco Cedolini e CU disponibili al download,25-OCT-24 02.22.40.912000 PM
7434.0,HR/Normal user tries to update the answer,03-OCT-24 01.17.26.205000 PM
13001434.0,HR/Normal user tries to update the answer,03-OCT-24 01.19.49.536000 PM
6839.0,HR/Normal user tries to update the answer,03-OCT-24 01.17.01.112000 PM
5731.0,Normal user tries to create new Provvidenza request for a child,03-OCT-24 01.16.25.368000 PM
,Dettaglio elenco Cedolini e CU disponibili al download,01-OCT-24 01.28.45.548000 PM
6852.0,Normal user tries to create new Provvidenza request for a child,03-OCT-24 01.16.52.369000 PM
6118.0,Normal user tries to create new Provvidenza request for a child,08-OCT-24 07.13.35.272000 PM
5687.0,HR/Normal user tries to update the answer,03-OCT-24 01.17.59.270000 PM
7707.0,HR/Normal user tries to update the answer,03-OCT-24 01.21.12.915000 PM
6227.0,Normal user enters the Provvidenza Figli page,03-OCT-24 01.17.37.087000 PM
7182.0,Normal user tries to create new Provvidenza request for a child,08-OCT-24 12.31.43.024000 PM
,Dettaglio elenco Cedolini e CU disponibili al download,25-OCT-24 02.49.37.501000 PM
,Dettaglio elenco Cedolini e CU disponibili al download,28-OCT-24 10.14.03.733000 AM
,Download PDF dalla sezione Cedolini,25-OCT-24 03.30.50.402000 PM
,Download PDF dalla sezione Cedolini,25-OCT-24 02.30.57.714000 PM
,Lettura e accettazione dell'accordo di smartworking,02-OCT-24 12.07.03.714000 PM
7044.0,HR/Normal user tries to update the answer,03-OCT-24 07.35.59.682000 PM
6186.0,Normal user assign new grade for the child while creating a request,11-OCT-24 09.53.20.519000 AM
,Dettaglio elenco Cedolini e CU disponibili al download,25-OCT-24 03.17.28.312000 PM
,Dettaglio elenco Cedolini e CU disponibili al download,25-OCT-24 02.36.08.359000 PM
5391.0,Dettaglio elenco Cedolini e CU disponibili al download,28-OCT-24 10.35.10.518000 AM
,Dettaglio elenco Cedolini e CU disponibili al download,25-OCT-24 03.29.55.916000 PM
,Dettaglio elenco Cedolini e CU disponibili al download,25-OCT-24 02.57.15.555000 PM
6143.0,HR/Normal user tries to update the answer,17-OCT-24 04.43.53.950000 PM
6786.0,Recupero dettagliutente per Scelta Welfare,27-OCT-24 08.43.22.047000 AM
,Dettaglio elenco Cedolini e CU disponibili al download,27-OCT-24 09.14.33.970000 AM
,Download PDF dalla sezione Cedolini,17-OCT-24 05.48.33.566000 PM
17329.0,Dettaglio elenco Cedolini e CU disponibili al download,11-OCT-24 02.04.54.405000 PM
,Download PDF dalla sezione Cedolini,28-OCT-24 08.02.36.540000 AM
,Dettaglio elenco Cedolini e CU disponibili al download,24-OCT-24 01.09.36.501000 PM
6199.0,Normal user enters the Provvidenza Figli page,11-OCT-24 01.39.06.581000 PM
13002832.0,Normal user enters the Provvidenza Figli page,31-OCT-24 02.48.28.474000 PM
5683.0,Recupero dettagli utente per invio adesione Fondo Nazionale,31-OCT-24 11.22.52.524000 AM
5771.0,Normal user enters the Provvidenza Figli page,04-OCT-24 06.44.51.521000 PM
5622.0,Normal user assign new grade for the child while creating a request,17-OCT-24 08.12.02.773000 AM
5771.0,Normal user update grade for a child,04-OCT-24 06.44.57.763000 PM
,Dettaglio elenco Cedolini e CU disponibili al download,03-OCT-24 10.25.00.443000 PM
8781.0,Normal user tries to create new Provvidenza request for a child,07-OCT-24 05.43.17.440000 PM
5662.0,Normal user tries to create new Provvidenza request for a child,03-OCT-24 09.45.23.439000 PM
5934.0,Normal user enters the Provvidenza Figli page,07-OCT-24 02.14.39.681000 PM
5662.0,HR/Normal user tries to update the answer,03-OCT-24 09.46.30.725000 PM
6349.0,HR/Normal user tries to update the answer,03-OCT-24 09.35.14.222000 PM
,Dettaglio elenco Cedolini e CU disponibili al download,17-OCT-24 05.48.21.672000 PM
13001109.0,Normal / HR user updates the answer,03-OCT-24 10.19.49.001000 PM
6938.0,HR/Normal user tries to update the answer,03-OCT-24 09.21.08.982000 PM
,Dettaglio elenco Cedolini e CU disponibili al download,25-OCT-24 01.19.16.562000 PM
6003.0,Normal user assign new grade for the child while creating a request,03-OCT-24 10.43.46.161000 PM
8781.0,HR/Normal user tries to update the answer,07-OCT-24 05.43.38.446000 PM
,Dettaglio elenco Cedolini e CU disponibili al download,25-OCT-24 12.57.22.902000 PM
,Dettaglio elenco Cedolini e CU disponibili al download,01-OCT-24 01.17.22.699000 PM
,Download PDF dalla sezione Cedolini,25-OCT-24 02.03.31.270000 PM
,Download PDF dalla sezione Cedolini,25-OCT-24 01.55.27.935000 PM
,Download PDF dalla sezione Cedolini,25-OCT-24 01.55.39.067000 PM
6003.0,HR/Normal user tries to update the answer,03-OCT-24 10.44.57.054000 PM
6003.0,Normal user enters the Provvidenza Figli page,03-OCT-24 10.45.21.181000 PM
15649.0,HR/Normal user tries to update the answer,24-OCT-24 09.57.11.898000 AM
15649.0,HR/Normal user tries to update the answer,24-OCT-24 09.58.26.762000 AM
,Download PDF dalla sezione Cedolini,11-OCT-24 12.11.03.462000 PM
,Dettaglio elenco Cedolini e CU disponibili al download,24-OCT-24 10.48.50.688000 AM
6181.0,Normal user enters the Provvidenza Figli page,11-OCT-24 12.22.45.827000 PM
8305.0,Dettaglio elenco Cedolini e CU disponibili al download,31-OCT-24 03.59.31.669000 PM
,Dettaglio elenco Cedolini e CU disponibili al download,24-OCT-24 04.50.20.161000 PM
,Dettaglio elenco Cedolini e CU disponibili al download,24-OCT-24 04.51.51.038000 PM
6420.0,Normal user enters the Provvidenza Figli page,07-OCT-24 05.17.55.292000 PM
6420.0,HR/Normal user tries to update the answer,07-OCT-24 05.18.44.150000 PM
,Dettaglio elenco Cedolini e CU disponibili al download,24-OCT-24 10.56.40.900000 AM
,Dettaglio elenco Cedolini e CU disponibili al download,07-OCT-24 03.24.05.574000 PM
,Dettaglio elenco Cedolini e CU disponibili al download,25-OCT-24 12.58.42.645000 PM
,Download PDF dalla sezione Cedolini,30-OCT-24 04.49.22.196000 PM
6010.0,HR/Normal user tries to update the answer,07-OCT-24 03.41.01.089000 PM
8781.0,Normal user enters the Provvidenza Figli page,07-OCT-24 05.44.19.489000 PM
5502.0,HR/Normal user tries to update the answer,07-OCT-24 03.30.03.899000 PM
6964.0,Normal user enters the Provvidenza Figli page,06-OCT-24 03.42.57.010000 PM
,Dettaglio elenco Cedolini e CU disponibili al download,25-OCT-24 12.03.50.857000 AM
5972.0,HR/Normal user tries to update the answer,03-OCT-24 09.53.59.704000 PM
,Download PDF dalla sezione Cedolini,30-OCT-24 04.50.46.068000 PM
,Download PDF dalla sezione Cedolini,30-OCT-24 04.58.54.671000 PM
,Lettura e accettazione dell'accordo di smartworking,09-OCT-24 07.40.22.760000 PM
,Download PDF dalla sezione Cedolini,24-OCT-24 11.15.11.606000 PM
7066.0,HR/Normal user tries to update the answer,06-OCT-24 04.07.58.649000 PM
13001081.0,HR/Normal user tries to update the answer,04-OCT-24 12.01.22.659000 PM
13002013.0,Recupero dettagliutente per Scelta Welfare,01-OCT-24 09.56.25.154000 AM
5955.0,Dettaglio elenco Cedolini e CU disponibili al download,30-OCT-24 04.46.21.689000 PM
7266.0,HR/Normal user tries to update the answer,06-OCT-24 05.19.18.002000 PM
,Dettaglio elenco Cedolini e CU disponibili al download,30-OCT-24 05.10.28.393000 PM
13001081.0,HR/Normal user tries to update the answer,04-OCT-24 12.01.43.420000 PM
6964.0,Normal user assign new grade for the child while creating a request,06-OCT-24 03.42.28.675000 PM
13002070.0,Recupero dettagliutente per Scelta Welfare,11-OCT-24 11.18.46.415000 PM
5139.0,HR/Normal user tries to update the answer,04-OCT-24 11.18.57.950000 AM
13000916.0,Normal user enters the Provvidenza Figli page,07-OCT-24 03.18.32.833000 PM
,Download PDF dalla sezione Cedolini,07-OCT-24 03.35.37.969000 PM
13002935.0,Recupero dettagliutente per Scelta Welfare,01-OCT-24 10.05.12.694000 AM
19497.0,HR/Normal user tries to update the answer,07-OCT-24 03.27.52.611000 PM
13002829.0,Verifica possibilità di accesso a fondo pensione per Scelta Welfare,24-OCT-24 01.26.39.723000 PM
,Download PDF dalla sezione Cedolini,24-OCT-24 01.35.55.614000 PM
6482.0,Normal user tries to create new Provvidenza request for a child,04-OCT-24 03.59.46.917000 PM
17188.0,HR/Normal user tries to update the answer,04-OCT-24 11.38.44.039000 AM
6482.0,Normal user enters the Provvidenza Figli page,04-OCT-24 04.00.29.166000 PM
,Dettaglio elenco Cedolini e CU disponibili al download,24-OCT-24 01.01.00.941000 PM
5925.0,Normal user enters the Provvidenza Figli page,09-OCT-24 06.20.15.595000 PM
6843.0,HR/Normal user tries to update the answer,04-OCT-24 12.21.25.807000 PM
13001727.0,Normal user enters the Provvidenza Figli page,04-OCT-24 11.36.17.116000 AM
5979.0,HR tried to update grade,03-OCT-24 06.02.52.905000 PM
5980.0,Normal user enters the Provvidenza Figli page,04-OCT-24 04.11.09.131000 PM
,Download PDF dalla sezione Cedolini,01-OCT-24 09.40.50.710000 AM
6843.0,Normal user assign new grade for the child while creating a request,04-OCT-24 12.20.59.989000 PM
6380.0,Normal user update grade for a child,07-OCT-24 03.39.45.578000 PM
,Download PDF dalla sezione Cedolini,27-OCT-24 08.54.06.009000 AM
,Dettaglio elenco Cedolini e CU disponibili al download,23-OCT-24 09.48.11.670000 AM
,Dettaglio elenco Cedolini e CU disponibili al download,24-OCT-24 01.52.37.580000 PM
5738.0,Normal user tries to create new Provvidenza request for a child,04-OCT-24 04.29.47.045000 PM
7932.0,Normal / HR user updates the answer,04-OCT-24 04.01.32.889000 PM
,Download PDF dalla sezione Cedolini,01-OCT-24 10.16.45.087000 AM
5980.0,HR/Normal user tries to update the answer,04-OCT-24 04.11.02.736000 PM
,Dettaglio elenco Cedolini e CU disponibili al download,23-OCT-24 10.07.03.141000 AM
11253.0,Normal user update grade for a child,04-OCT-24 05.01.12.983000 PM
,Download PDF dalla sezione Cedolini,02-OCT-24 11.32.11.197000 AM
5139.0,HR/Normal user tries to update the answer,04-OCT-24 11.20.17.654000 AM
16940.0,Normal user enters the Provvidenza Figli page,04-OCT-24 04.53.53.191000 PM
5188.0,Normal user assign new grade for the child while creating a request,04-OCT-24 04.48.35.928000 PM
7932.0,HR/Normal user tries to update the answer,04-OCT-24 04.02.23.889000 PM
,Download PDF dalla sezione Cedolini,21-OCT-24 11.07.40.423000 AM
,Download PDF dalla sezione Cedolini,21-OCT-24 11.06.57.420000 AM
,Dettaglio elenco Cedolini e CU disponibili al download,21-OCT-24 11.44.54.943000 AM
,Download PDF dalla sezione Cedolini,24-OCT-24 09.07.57.698000 AM
,Download PDF dalla sezione Cedolini,25-OCT-24 06.58.45.462000 AM
16940.0,Normal user assign new grade for the child while creating a request,04-OCT-24 04.53.22.033000 PM
7319.0,Normal user enters the Provvidenza Figli page,03-OCT-24 03.08.01.248000 PM
6652.0,Normal user tries to create new Provvidenza request for a child,03-OCT-24 03.05.17.844000 PM
6103.0,HR/Normal user tries to update the answer,03-OCT-24 03.09.45.140000 PM
,Dettaglio elenco Cedolini e CU disponibili al download,03-OCT-24 12.24.53.768000 PM
,Download PDF dalla sezione Cedolini,02-OCT-24 11.26.33.119000 AM
6914.0,Normal user enters the Provvidenza Figli page,03-OCT-24 03.13.26.599000 PM
9881.0,HR/Normal user tries to update the answer,03-OCT-24 02.58.58.609000 PM
,Dettaglio elenco Cedolini e CU disponibili al download,24-OCT-24 09.24.43.331000 AM
,Dettaglio elenco Cedolini e CU disponibili al download,24-OCT-24 09.23.38.251000 AM
6121.0,Normal user tries to create new Provvidenza request for a child,03-OCT-24 03.10.31.836000 PM
13000105.0,HR/Normal user tries to update the answer,03-OCT-24 02.56.21.630000 PM
5670.0,HR/Normal user tries to update the answer,03-OCT-24 03.29.20.593000 PM
5576.0,HR/Normal user tries to update the answer,03-OCT-24 03.00.07.456000 PM
7319.0,Dettaglio elenco Cedolini e CU disponibili al download,03-OCT-24 03.08.16.786000 PM
6990.0,Normal user tries to create new Provvidenza request for a child,03-OCT-24 03.39.46.453000 PM
6400.0,Normal user tries to create new Provvidenza request for a child,03-OCT-24 03.40.03.606000 PM
13001798.0,Normal user assign new grade for the child while creating a request,03-OCT-24 03.39.44.379000 PM
,Dettaglio elenco Cedolini e CU disponibili al download,24-OCT-24 08.39.06.215000 AM
,Dettaglio elenco Cedolini e CU disponibili al download,25-OCT-24 08.12.53.537000 AM
6659.0,HR/Normal user tries to update the answer,03-OCT-24 03.23.25.615000 PM
6249.0,Normal user tries to create new Provvidenza request for a child,03-OCT-24 03.18.28.633000 PM
,Download PDF dalla sezione Cedolini,03-OCT-24 03.52.25.115000 PM
6847.0,Normal user tries to create new Provvidenza request for a child,03-OCT-24 02.58.58.897000 PM
7272.0,HR/Normal user tries to update the answer,03-OCT-24 02.59.35.302000 PM
16466.0,HR/Normal user tries to update the answer,03-OCT-24 03.07.12.554000 PM
6659.0,HR/Normal user tries to update the answer,03-OCT-24 03.22.29.127000 PM
13001798.0,HR/Normal user tries to update the answer,03-OCT-24 03.39.53.219000 PM
5718.0,Normal user enters the Provvidenza Figli page,03-OCT-24 03.16.39.171000 PM
,Download PDF dalla sezione Cedolini,25-OCT-24 06.49.38.269000 AM
5407.0,Normal user enters the Provvidenza Figli page,03-OCT-24 03.09.24.363000 PM
6465.0,Normal user update grade for a child,03-OCT-24 03.24.34.270000 PM
6281.0,Normal user enters the Provvidenza Figli page,03-OCT-24 03.01.19.823000 PM
7652.0,HR/Normal user tries to update the answer,03-OCT-24 03.00.05.541000 PM
6659.0,Normal user assign new grade for the child while creating a request,03-OCT-24 03.21.44.037000 PM
6547.0,HR/Normal user tries to update the answer,03-OCT-24 03.23.43.573000 PM
8318.0,HR/Normal user tries to update the answer,03-OCT-24 03.26.41.335000 PM
6935.0,Normal user assign new grade for the child while creating a request,03-OCT-24 04.11.51.819000 PM
6793.0,Normal user enters the Provvidenza Figli page,03-OCT-24 03.24.47.624000 PM
6677.0,HR/Normal user tries to update the answer,03-OCT-24 03.48.35.420000 PM
13002834.0,HR/Normal user tries to update the answer,03-OCT-24 03.02.41.991000 PM
6547.0,Normal user tries to create new Provvidenza request for a child,03-OCT-24 03.22.22.729000 PM
9233.0,HR/Normal user tries to update the answer,03-OCT-24 03.21.04.755000 PM
5526.0,HR/Normal user tries to update the answer,03-OCT-24 03.00.22.117000 PM
6849.0,Normal user update grade for a child,03-OCT-24 03.39.47.561000 PM
6121.0,HR tried to update grade,03-OCT-24 03.10.38.815000 PM
6788.0,HR/Normal user tries to update the answer,03-OCT-24 03.05.35.007000 PM
9438.0,Normal user enters the Provvidenza Figli page,03-OCT-24 03.05.43.539000 PM
5885.0,Normal user enters the Provvidenza Figli page,03-OCT-24 03.59.43.856000 PM
,Dettaglio elenco Cedolini e CU disponibili al download,24-OCT-24 04.14.33.308000 PM
17064.0,Verifica possibilità di accesso a fondo pensione per Scelta Welfare,03-OCT-24 11.16.45.544000 AM
13001994.0,Normal user tries to create new Provvidenza request for a child,03-OCT-24 03.56.34.228000 PM
7042.0,HR/Normal user tries to update the answer,03-OCT-24 03.16.18.788000 PM
6361.0,Normal user assign new grade for the child while creating a request,03-OCT-24 03.42.16.111000 PM
7272.0,Normal user assign new grade for the child while creating a request,03-OCT-24 02.59.15.634000 PM
6847.0,Normal user assign new grade for the child while creating a request,03-OCT-24 02.58.58.985000 PM
,Download PDF dalla sezione Cedolini,25-OCT-24 07.37.46.121000 AM
7575.0,Normal user enters the Provvidenza Figli page,03-OCT-24 02.56.35.974000 PM
5769.0,Normal user enters the Provvidenza Figli page,03-OCT-24 02.58.21.281000 PM
,Download PDF dalla sezione Cedolini,03-OCT-24 11.39.12.401000 AM
6103.0,Normal user tries to create new Provvidenza request for a child,03-OCT-24 03.09.05.289000 PM
6509.0,Normal user assign new grade for the child while creating a request,03-OCT-24 03.56.41.966000 PM
7136.0,Dettaglio elenco Cedolini e CU disponibili al download,03-OCT-24 03.00.41.143000 PM
5769.0,Recupero dettagli utente per invio adesione Fondo Nazionale,03-OCT-24 02.59.34.308000 PM
6990.0,Normal user assign new grade for the child while creating a request,03-OCT-24 03.39.46.562000 PM
7101.0,Normal user enters the Provvidenza Figli page,03-OCT-24 04.01.32.832000 PM
,Dettaglio elenco Cedolini e CU disponibili al download,07-OCT-24 05.39.46.023000 PM
6820.0,HR/Normal user tries to update the answer,03-OCT-24 04.04.27.127000 PM
6987.0,HR/Normal user tries to update the answer,03-OCT-24 03.32.32.019000 PM
7131.0,Normal user tries to create new Provvidenza request for a child,03-OCT-24 03.00.19.783000 PM
5938.0,Normal user enters the Provvidenza Figli page,03-OCT-24 03.19.31.603000 PM
,Download PDF dalla sezione Cedolini,23-OCT-24 10.02.21.232000 AM
8203.0,HR/Normal user tries to update the answer,03-OCT-24 03.21.31.533000 PM
,Download PDF dalla sezione Cedolini,03-OCT-24 03.52.30.621000 PM
6159.0,Normal user assign new grade for the child while creating a request,03-OCT-24 04.09.08.197000 PM
6082.0,Normal user assign new grade for the child while creating a request,03-OCT-24 03.42.15.493000 PM
6659.0,HR/Normal user tries to update the answer,03-OCT-24 03.22.09.401000 PM
,Dettaglio elenco Cedolini e CU disponibili al download,25-OCT-24 08.05.37.678000 AM
,Download PDF dalla sezione Cedolini,30-OCT-24 10.04.16.765000 AM
6935.0,Normal user tries to create new Provvidenza request for a child,03-OCT-24 04.11.51.733000 PM
5313.0,Normal user enters the Provvidenza Figli page,03-OCT-24 03.51.12.049000 PM
5769.0,Recupero dettagliutente per Scelta Welfare,03-OCT-24 03.00.25.141000 PM
6124.0,Normal user enters the Provvidenza Figli page,03-OCT-24 04.08.36.639000 PM
6400.0,Normal / HR user updates the answer,03-OCT-24 03.39.17.294000 PM
,Dettaglio elenco Cedolini e CU disponibili al download,24-OCT-24 09.14.04.866000 AM
6046.0,HR/Normal user tries to update the answer,03-OCT-24 03.02.07.057000 PM
,Dettaglio elenco Cedolini e CU disponibili al download,03-OCT-24 03.47.30.660000 PM
,Download PDF dalla sezione Cedolini,25-OCT-24 07.01.41.642000 AM
17731.0,Normal user tries to create new Provvidenza request for a child,14-OCT-24 03.52.27.627000 PM
,Dettaglio elenco Cedolini e CU disponibili al download,03-OCT-24 03.50.56.558000 PM
17731.0,HR/Normal user tries to update the answer,14-OCT-24 03.52.04.287000 PM
,Dettaglio elenco Cedolini e CU disponibili al download,24-OCT-24 05.25.11.393000 PM
,Download PDF dalla sezione Cedolini,24-OCT-24 05.03.43.793000 PM
13002413.0,HR/Normal user tries to update the answer,03-OCT-24 03.01.43.588000 PM
5790.0,HR/Normal user tries to update the answer,03-OCT-24 02.58.51.859000 PM
5526.0,HR/Normal user tries to update the answer,03-OCT-24 03.00.29.188000 PM
7652.0,Normal user tries to create new Provvidenza request for a child,03-OCT-24 02.59.46.270000 PM
5407.0,HR/Normal user tries to update the answer,03-OCT-24 03.09.59.892000 PM
5884.0,Dettaglio elenco Cedolini e CU disponibili al download,07-OCT-24 05.27.42.035000 PM
7131.0,HR/Normal user tries to update the answer,03-OCT-24 03.00.41.613000 PM
6547.0,Normal user assign new grade for the child while creating a request,03-OCT-24 03.22.22.826000 PM
,Dettaglio elenco Cedolini e CU disponibili al download,11-OCT-24 04.23.18.700000 PM
18173.0,Normal user assign new grade for the child while creating a request,12-OCT-24 10.04.14.841000 AM
,Dettaglio elenco Cedolini e CU disponibili al download,24-OCT-24 05.12.31.208000 PM
8016.0,Download PDF dalla sezione Cedolini,25-OCT-24 08.14.50.154000 AM
5622.0,HR/Normal user tries to update the answer,17-OCT-24 08.10.59.566000 AM
5885.0,HR/Normal user tries to update the answer,03-OCT-24 03.59.49.465000 PM
8781.0,Normal user assign new grade for the child while creating a request,07-OCT-24 05.43.17.648000 PM
8781.0,HR tried to update grade,07-OCT-24 05.44.01.181000 PM
,Dettaglio elenco Cedolini e CU disponibili al download,24-OCT-24 04.36.07.607000 PM
5274.0,Dettaglio elenco Cedolini e CU disponibili al download,14-OCT-24 11.38.20.830000 AM
5938.0,Normal user tries to create new Provvidenza request for a child,03-OCT-24 03.19.46.378000 PM
,Dettaglio elenco Cedolini e CU disponibili al download,24-OCT-24 04.58.33.496000 PM
17324.0,Normal user enters the Provvidenza Figli page,30-OCT-24 10.13.03.648000 AM
8781.0,HR/Normal user tries to update the answer,07-OCT-24 05.44.03.520000 PM
16010.0,HR/Normal user tries to update the answer,03-OCT-24 03.09.26.370000 PM
17731.0,HR/Normal user tries to update the answer,14-OCT-24 03.50.21.204000 PM
5885.0,HR/Normal user tries to update the answer,03-OCT-24 03.58.56.039000 PM
6046.0,Normal user assign new grade for the child while creating a request,03-OCT-24 03.01.43.746000 PM
6084.0,Normal user assign new grade for the child while creating a request,11-OCT-24 04.50.23.777000 PM
5526.0,HR tried to update grade,03-OCT-24 03.00.12.776000 PM
17281.0,Dettaglio elenco Cedolini e CU disponibili al download,22-OCT-24 09.37.01.298000 AM
6244.0,HR/Normal user tries to update the answer,11-OCT-24 04.31.55.717000 PM
,Download PDF dalla sezione Cedolini,24-OCT-24 05.25.10.004000 PM
,Dettaglio elenco Cedolini e CU disponibili al download,24-OCT-24 04.59.55.013000 PM
,Download PDF dalla sezione Cedolini,24-OCT-24 05.25.15.900000 PM
6159.0,HR/Normal user tries to update the answer,03-OCT-24 04.08.56.367000 PM
6199.0,Normal user enters the Provvidenza Figli page,11-OCT-24 04.46.06.483000 PM
13002533.0,Recupero dettagliutente per Scelta Welfare,14-OCT-24 10.48.26.357000 AM
,Dettaglio elenco Cedolini e CU disponibili al download,24-OCT-24 04.20.33.510000 PM
,Dettaglio elenco Cedolini e CU disponibili al download,24-OCT-24 04.28.44.496000 PM
5404.0,Normal user tries to create new Provvidenza request for a child,03-OCT-24 03.18.58.564000 PM
13000364.0,Verifica possibilità di accesso a fondo pensione per Scelta Welfare,14-OCT-24 10.42.46.089000 AM
,Download PDF dalla sezione Cedolini,14-OCT-24 10.46.03.316000 AM
,Download PDF dalla sezione Cedolini,07-OCT-24 12.11.00.194000 PM
5365.0,Normal user enters the Provvidenza Figli page,08-OCT-24 01.48.49.183000 PM
,Dettaglio elenco Cedolini e CU disponibili al download,07-OCT-24 12.35.04.983000 PM
8370.0,HR/Normal user tries to update the answer,08-OCT-24 02.03.12.702000 PM
14619.0,HR/Normal user tries to update the answer,04-OCT-24 09.17.57.280000 PM
5555.0,HR/Normal user tries to update the answer,07-OCT-24 12.27.51.111000 PM
5783.0,HR/Normal user tries to update the answer,03-OCT-24 11.48.42.360000 PM
13002305.0,Recupero dettagliutente per Scelta Welfare,09-OCT-24 07.40.30.161000 PM
,Download PDF dalla sezione Cedolini,21-OCT-24 03.14.23.455000 PM
14619.0,Normal user enters the Provvidenza Figli page,04-OCT-24 09.20.47.410000 PM
5792.0,HR/Normal user tries to update the answer,07-OCT-24 12.47.40.859000 PM
14619.0,HR tried to update grade,04-OCT-24 09.20.32.583000 PM
19201.0,Recupero dettagli utente per Scelta orario di lavoro,07-OCT-24 12.24.31.558000 PM
6979.0,HR/Normal user tries to update the answer,07-OCT-24 12.54.53.381000 PM
8166.0,HR/Normal user tries to update the answer,07-OCT-24 08.14.55.481000 AM
8166.0,Normal user enters the Provvidenza Figli page,07-OCT-24 08.14.51.541000 AM
,Download PDF dalla sezione Cedolini,07-OCT-24 01.06.37.175000 PM
13001387.0,Verifica possibilità di accesso a fondo pensione per Scelta Welfare,28-OCT-24 04.11.09.439000 PM
9405.0,HR/Normal user tries to update the answer,07-OCT-24 12.19.41.706000 PM
,Dettaglio elenco Cedolini e CU disponibili al download,21-OCT-24 04.09.11.076000 PM
5505.0,HR/Normal user tries to update the answer,07-OCT-24 08.58.39.780000 AM
16675.0,Recupero dettagliutente per Scelta Welfare,28-OCT-24 04.21.59.696000 PM
8015.0,HR tried to update grade,03-OCT-24 05.27.42.831000 PM
5757.0,Normal user tries to create new Provvidenza request for a child,07-OCT-24 12.54.12.783000 PM
5945.0,Normal user update grade for a child,07-OCT-24 12.51.16.700000 PM
5757.0,Normal / HR user updates the answer,07-OCT-24 12.54.45.257000 PM
8264.0,Normal user enters the Provvidenza Figli page,03-OCT-24 05.44.01.141000 PM
,Dettaglio elenco Cedolini e CU disponibili al download,24-OCT-24 12.16.29.065000 PM
18618.0,Verifica possibilità di accesso a fondo pensione per Scelta Welfare,03-OCT-24 05.30.17.065000 PM
,Download PDF dalla sezione Cedolini,22-OCT-24 01.45.29.433000 PM
6828.0,HR/Normal user tries to update the answer,03-OCT-24 05.30.33.058000 PM
,Dettaglio elenco Cedolini e CU disponibili al download,25-OCT-24 03.29.26.149000 PM
15706.0,Verifica possibilità di accesso a fondo pensione per Scelta Welfare,28-OCT-24 04.51.37.400000 PM
,Dettaglio elenco Cedolini e CU disponibili al download,28-OCT-24 04.18.32.182000 PM
,Download PDF dalla sezione Cedolini,25-OCT-24 03.27.43.877000 PM
,Dettaglio elenco Cedolini e CU disponibili al download,25-OCT-24 02.13.22.844000 PM
6199.0,Normal user enters the Provvidenza Figli page,21-OCT-24 03.16.55.503000 PM
6032.0,Dettaglio elenco Cedolini e CU disponibili al download,28-OCT-24 04.18.25.035000 PM
5404.0,Recupero dettagliutente per Scelta Welfare,28-OCT-24 04.14.58.376000 PM
5473.0,HR/Normal user tries to update the answer,11-OCT-24 04.24.40.601000 PM
,Dettaglio elenco Cedolini e CU disponibili al download,24-OCT-24 12.27.20.785000 PM
5811.0,HR/Normal user tries to update the answer,07-OCT-24 08.42.45.082000 AM
5817.0,HR/Normal user tries to update the answer,03-OCT-24 05.49.13.969000 PM
6551.0,HR/Normal user tries to update the answer,03-OCT-24 06.00.41.751000 PM
5647.0,Normal user enters the Provvidenza Figli page,07-OCT-24 01.00.29.294000 PM
5979.0,HR/Normal user tries to update the answer,03-OCT-24 06.02.56.636000 PM
13000120.0,Recupero dettagli utente per invio adesione Fondo Nazionale,28-OCT-24 04.40.16.758000 PM
9545.0,HR/Normal user tries to update the answer,03-OCT-24 06.10.33.122000 PM
5297.0,Verifica possibilità di accesso a fondo pensione per Scelta Welfare,03-OCT-24 06.27.34.507000 PM
5505.0,Normal / HR user updates the answer,07-OCT-24 08.58.44.603000 AM
5811.0,Normal user enters the Provvidenza Figli page,07-OCT-24 08.41.45.422000 AM
5988.0,Normal user assign new grade for the child while creating a request,11-OCT-24 04.23.27.778000 PM
6872.0,Normal / HR user updates the answer,11-OCT-24 04.17.31.093000 PM
5473.0,HR/Normal user tries to update the answer,11-OCT-24 04.24.43.903000 PM
,Download PDF dalla sezione Cedolini,28-OCT-24 04.48.32.287000 PM
19449.0,Download PDF dalla sezione Cedolini,28-OCT-24 04.10.25.427000 PM
13002729.0,HR/Normal user tries to update the answer,16-OCT-24 10.53.41.150000 AM
,Download PDF dalla sezione Cedolini,28-OCT-24 04.50.47.228000 PM
6251.0,Download PDF dalla sezione Cedolini,28-OCT-24 04.19.30.451000 PM
6371.0,Normal user enters the Provvidenza Figli page,03-OCT-24 06.35.46.381000 PM
13002729.0,HR/Normal user tries to update the answer,16-OCT-24 10.53.46.578000 AM
6199.0,Normal user enters the Provvidenza Figli page,28-OCT-24 04.45.36.937000 PM
6841.0,HR/Normal user tries to update the answer,03-OCT-24 06.35.35.162000 PM
13002729.0,Normal / HR user updates the answer,16-OCT-24 10.53.32.889000 AM
5095.0,Normal user enters the Provvidenza Figli page,01-OCT-24 12.37.39.637000 PM
15706.0,Recupero dettagliutente per Scelta Welfare,28-OCT-24 04.51.37.409000 PM
6872.0,Normal / HR user updates the answer,11-OCT-24 04.16.42.677000 PM
,Dettaglio elenco Cedolini e CU disponibili al download,03-OCT-24 06.15.11.083000 PM
7391.0,HR/Normal user tries to update the answer,03-OCT-24 06.13.58.464000 PM
13000264.0,Normal user enters the Provvidenza Figli page,24-OCT-24 12.17.52.272000 PM
,Dettaglio elenco Cedolini e CU disponibili al download,28-OCT-24 04.32.52.960000 PM
,Dettaglio elenco Cedolini e CU disponibili al download,28-OCT-24 04.33.33.091000 PM
,Download PDF dalla sezione Cedolini,29-OCT-24 12.54.22.709000 PM
13000730.0,Verifica possibilità di accesso a fondo pensione per Scelta Welfare,14-OCT-24 06.02.31.576000 PM
,Dettaglio elenco Cedolini e CU disponibili al download,28-OCT-24 04.15.35.616000 PM
7303.0,Normal user enters the Provvidenza Figli page,03-OCT-24 04.56.33.577000 PM
6199.0,Normal user enters the Provvidenza Figli page,09-OCT-24 04.54.54.968000 PM
6872.0,Normal user assign new grade for the child while creating a request,11-OCT-24 04.16.22.189000 PM
,Download PDF dalla sezione Cedolini,29-OCT-24 12.33.03.329000 PM
,Dettaglio elenco Cedolini e CU disponibili al download,29-OCT-24 12.25.51.118000 PM
,Download PDF dalla sezione Cedolini,29-OCT-24 12.34.10.787000 PM
13001545.0,Recupero dettagli utente per Scelta orario di lavoro,29-OCT-24 12.57.42.325000 PM
13002858.0,Verifica possibilità di accesso a fondo pensione per Scelta Welfare,28-OCT-24 04.37.48.831000 PM
,Download PDF dalla sezione Cedolini,29-OCT-24 12.34.08.168000 PM
8166.0,HR/Normal user tries to update the answer,07-OCT-24 08.14.12.080000 AM
6244.0,HR/Normal user tries to update the answer,11-OCT-24 04.32.36.245000 PM
,Dettaglio elenco Cedolini e CU disponibili al download,07-OCT-24 02.55.19.034000 PM
,Dettaglio elenco Cedolini e CU disponibili al download,14-OCT-24 06.03.06.192000 PM
,Download PDF dalla sezione Cedolini,02-OCT-24 04.54.48.423000 PM
5502.0,HR/Normal user tries to update the answer,07-OCT-24 03.30.17.835000 PM
,Download PDF dalla sezione Cedolini,01-OCT-24 09.47.19.728000 AM
6733.0,HR/Normal user tries to update the answer,09-OCT-24 12.00.26.696000 PM
,Dettaglio elenco Cedolini e CU disponibili al download,23-OCT-24 09.03.41.942000 AM
7632.0,Dettaglio elenco Cedolini e CU disponibili al download,29-OCT-24 08.39.45.503000 AM
13000882.0,Normal user enters the Provvidenza Figli page,06-OCT-24 05.17.27.783000 PM
6380.0,Normal user enters the Provvidenza Figli page,07-OCT-24 03.39.29.026000 PM
7599.0,HR/Normal user tries to update the answer,10-OCT-24 02.44.04.767000 PM
7593.0,Normal user enters the Provvidenza Figli page,09-OCT-24 11.23.51.488000 AM
6226.0,Verifica possibilità di accesso a fondo pensione per Scelta Welfare,16-OCT-24 09.26.28.793000 PM
,Dettaglio elenco Cedolini e CU disponibili al download,15-OCT-24 08.49.22.975000 PM
13000882.0,HR/Normal user tries to update the answer,06-OCT-24 05.17.52.071000 PM
7149.0,HR/Normal user tries to update the answer,04-OCT-24 03.15.30.335000 PM
19323.0,Normal user enters the Provvidenza Figli page,03-OCT-24 04.04.57.719000 PM
6735.0,HR/Normal user tries to update the answer,03-OCT-24 04.02.34.357000 PM
8203.0,HR/Normal user tries to update the answer,03-OCT-24 03.21.26.466000 PM
7941.0,HR/Normal user tries to update the answer,04-OCT-24 05.01.50.367000 PM
,Download PDF dalla sezione Cedolini,04-OCT-24 03.33.17.760000 PM
6547.0,Normal user enters the Provvidenza Figli page,03-OCT-24 03.23.47.353000 PM
,Download PDF dalla sezione Cedolini,04-OCT-24 03.33.20.500000 PM
7451.0,Dettaglio elenco Cedolini e CU disponibili al download,29-OCT-24 09.24.50.468000 AM
6186.0,Normal user tries to create new Provvidenza request for a child,11-OCT-24 09.52.50.768000 AM
8189.0,HR/Normal user tries to update the answer,10-OCT-24 02.46.49.620000 PM
5568.0,Normal user tries to create new Provvidenza request for a child,04-OCT-24 03.31.31.815000 PM
,Dettaglio elenco Cedolini e CU disponibili al download,29-OCT-24 08.41.14.378000 AM
5568.0,HR/Normal user tries to update the answer,04-OCT-24 03.30.53.772000 PM
6820.0,HR/Normal user tries to update the answer,03-OCT-24 04.04.59.313000 PM
,Download PDF dalla sezione Cedolini,21-OCT-24 12.14.18.474000 PM
7593.0,Normal user enters the Provvidenza Figli page,09-OCT-24 11.26.40.869000 AM
5825.0,HR/Normal user tries to update the answer,04-OCT-24 02.47.03.600000 PM
7451.0,Dettaglio elenco Cedolini e CU disponibili al download,29-OCT-24 09.24.32.697000 AM
,Dettaglio elenco Cedolini e CU disponibili al download,28-OCT-24 01.42.54.799000 PM
6793.0,Normal user tries to create new Provvidenza request for a child,03-OCT-24 03.26.22.225000 PM
6900.0,HR/Normal user tries to update the answer,04-OCT-24 03.39.18.103000 PM
7059.0,Normal user update grade for a child,10-OCT-24 02.47.30.314000 PM
17140.0,Download PDF dalla sezione Cedolini,28-OCT-24 12.34.12.652000 PM
6465.0,HR/Normal user tries to update the answer,03-OCT-24 03.21.22.986000 PM
5670.0,HR/Normal user tries to update the answer,03-OCT-24 03.29.27.059000 PM
,Dettaglio elenco Cedolini e CU disponibili al download,04-OCT-24 03.18.07.980000 PM
15308.0,Normal user assign new grade for the child while creating a request,04-OCT-24 03.20.06.609000 PM
,Download PDF dalla sezione Cedolini,28-OCT-24 12.28.54.549000 PM
6868.0,Download PDF dalla sezione Cedolini,29-OCT-24 08.56.27.837000 AM
7599.0,Normal user tries to create new Provvidenza request for a child,10-OCT-24 02.43.55.490000 PM
6400.0,Normal user assign new grade for the child while creating a request,03-OCT-24 03.40.03.729000 PM
13001316.0,Normal / HR user updates the answer,03-OCT-24 03.44.03.890000 PM
18000.0,Normal user enters the Provvidenza Figli page,09-OCT-24 10.59.59.138000 AM
,Download PDF dalla sezione Cedolini,03-OCT-24 03.49.57.448000 PM
8320.0,Normal user tries to create new Provvidenza request for a child,03-OCT-24 04.03.19.535000 PM
,Download PDF dalla sezione Cedolini,10-OCT-24 02.39.27.666000 PM
5938.0,Normal user enters the Provvidenza Figli page,03-OCT-24 03.32.32.175000 PM
5327.0,HR/Normal user tries to update the answer,11-OCT-24 10.21.59.358000 AM
,Download PDF dalla sezione Cedolini,10-OCT-24 02.58.04.038000 PM
5670.0,Normal user enters the Provvidenza Figli page,03-OCT-24 03.28.10.992000 PM
6913.0,Normal user assign new grade for the child while creating a request,03-OCT-24 03.32.30.003000 PM
6820.0,Normal user enters the Provvidenza Figli page,03-OCT-24 04.06.43.962000 PM
6733.0,HR/Normal user tries to update the answer,09-OCT-24 12.00.05.342000 PM
7149.0,HR/Normal user tries to update the answer,04-OCT-24 03.14.23.626000 PM
6987.0,HR/Normal user tries to update the answer,03-OCT-24 03.31.46.971000 PM
6880.0,HR/Normal user tries to update the answer,03-OCT-24 03.19.29.393000 PM
5670.0,Normal user tries to create new Provvidenza request for a child,03-OCT-24 03.29.14.229000 PM
,Dettaglio elenco Cedolini e CU disponibili al download,07-OCT-24 12.15.29.943000 AM
7864.0,HR/Normal user tries to update the answer,03-OCT-24 03.33.00.262000 PM
6677.0,Normal user assign new grade for the child while creating a request,03-OCT-24 03.47.58.575000 PM
6849.0,Normal / HR user updates the answer,03-OCT-24 03.38.30.264000 PM
16429.0,Verifica possibilità di accesso a fondo pensione per Scelta Welfare,28-OCT-24 12.37.19.039000 PM
6659.0,HR/Normal user tries to update the answer,03-OCT-24 03.23.23.906000 PM
9238.0,HR/Normal user tries to update the answer,03-OCT-24 03.55.31.186000 PM
,Dettaglio elenco Cedolini e CU disponibili al download,03-OCT-24 03.32.10.126000 PM
5942.0,Normal user enters the Provvidenza Figli page,03-OCT-24 03.51.00.164000 PM
,Dettaglio elenco Cedolini e CU disponibili al download,10-OCT-24 10.49.19.232000 AM
5658.0,HR/Normal user tries to update the answer,03-OCT-24 03.27.04.196000 PM
6037.0,HR tried to update grade,08-OCT-24 05.36.27.007000 PM
,Dettaglio elenco Cedolini e CU disponibili al download,23-OCT-24 12.37.37.588000 PM
,Download PDF dalla sezione Cedolini,03-OCT-24 03.54.58.173000 PM
6199.0,Normal user enters the Provvidenza Figli page,08-OCT-24 05.55.22.895000 PM
,Download PDF dalla sezione Cedolini,28-OCT-24 12.59.17.633000 PM
,Dettaglio elenco Cedolini e CU disponibili al download,03-OCT-24 12.24.52.753000 PM
6659.0,HR/Normal user tries to update the answer,03-OCT-24 03.23.19.523000 PM
,Dettaglio elenco Cedolini e CU disponibili al download,03-OCT-24 03.52.09.448000 PM
6849.0,HR/Normal user tries to update the answer,03-OCT-24 03.39.08.230000 PM
,Download PDF dalla sezione Cedolini,08-OCT-24 05.19.50.699000 PM
10389.0,HR/Normal user tries to update the answer,03-OCT-24 03.34.44.640000 PM
6914.0,HR tried to update grade,03-OCT-24 03.11.50.179000 PM
,Dettaglio elenco Cedolini e CU disponibili al download,24-OCT-24 10.08.25.901000 AM
13002734.0,Recupero dettagli utente per Scelta orario di lavoro,23-OCT-24 11.34.49.098000 AM
5850.0,HR/Normal user tries to update the answer,03-OCT-24 03.38.21.159000 PM
9438.0,Normal user assign new grade for the child while creating a request,03-OCT-24 03.02.09.167000 PM
5526.0,Normal user tries to create new Provvidenza request for a child,03-OCT-24 02.59.59.186000 PM
16010.0,HR/Normal user tries to update the answer,03-OCT-24 03.09.16.429000 PM
6037.0,HR/Normal user tries to update the answer,08-OCT-24 05.36.56.762000 PM
,Download PDF dalla sezione Cedolini,28-OCT-24 12.57.43.068000 PM
,Download PDF dalla sezione Cedolini,02-OCT-24 05.57.01.372000 PM
13002413.0,Normal user enters the Provvidenza Figli page,03-OCT-24 03.00.37.104000 PM
,Dettaglio elenco Cedolini e CU disponibili al download,03-OCT-24 03.48.33.499000 PM
6928.0,Normal user tries to create new Provvidenza request for a child,03-OCT-24 03.52.56.625000 PM
,Dettaglio elenco Cedolini e CU disponibili al download,25-OCT-24 07.39.05.991000 AM
6941.0,HR/Normal user tries to update the answer,03-OCT-24 03.26.45.106000 PM
,Dettaglio elenco Cedolini e CU disponibili al download,03-OCT-24 03.55.13.609000 PM
13002119.0,Recupero dettagliutente per Scelta Welfare,02-OCT-24 05.52.20.844000 PM
9881.0,Normal user assign new grade for the child while creating a request,03-OCT-24 02.58.22.188000 PM
7985.0,Normal user enters the Provvidenza Figli page,10-OCT-24 09.33.05.890000 AM
13001184.0,Normal user tries to create new Provvidenza request for a child,18-OCT-24 04.02.44.311000 PM
5804.0,HR/Normal user tries to update the answer,03-OCT-24 03.17.45.160000 PM
,Dettaglio elenco Cedolini e CU disponibili al download,10-OCT-24 11.58.04.667000 AM
6990.0,Normal user enters the Provvidenza Figli page,03-OCT-24 03.38.07.160000 PM
5850.0,Normal user enters the Provvidenza Figli page,03-OCT-24 03.39.41.157000 PM
10677.0,HR/Normal user tries to update the answer,07-OCT-24 09.43.36.997000 AM
5319.0,Normal user update grade for a child,18-OCT-24 04.04.15.828000 PM
,Dettaglio elenco Cedolini e CU disponibili al download,15-OCT-24 01.43.55.213000 PM
6598.0,HR/Normal user tries to update the answer,07-OCT-24 10.30.12.291000 AM
5926.0,Normal user enters the Provvidenza Figli page,10-OCT-24 09.30.41.420000 AM
,Dettaglio elenco Cedolini e CU disponibili al download,28-OCT-24 10.21.20.919000 AM
,A valid user enters the MIFID page details of the user would be logged,23-OCT-24 04.30.37.836000 PM
7658.0,Normal user enters the Provvidenza Figli page,07-OCT-24 09.29.38.271000 AM
13002975.0,HR tried to update grade,22-OCT-24 08.34.17.575000 AM
13002975.0,HR/Normal user tries to update the answer,22-OCT-24 08.32.33.188000 AM
,Download PDF dalla sezione Cedolini,29-OCT-24 10.00.40.507000 PM
,Download PDF dalla sezione Cedolini,11-OCT-24 08.00.12.931000 PM
,Dettaglio elenco Cedolini e CU disponibili al download,23-OCT-24 03.52.54.761000 PM
,Dettaglio elenco Cedolini e CU disponibili al download,01-OCT-24 04.21.03.558000 PM
,Dettaglio elenco Cedolini e CU disponibili al download,23-OCT-24 05.24.21.920000 PM
5618.0,Normal user assign new grade for the child while creating a request,07-OCT-24 10.06.20.607000 AM
6532.0,Recupero dettagli utente per invio adesione Fondo Nazionale,07-OCT-24 05.25.07.858000 PM
6335.0,Normal / HR user updates the answer,11-OCT-24 07.56.10.348000 PM
6147.0,HR/Normal user tries to update the answer,07-OCT-24 09.51.23.893000 AM
6525.0,Normal user enters the Provvidenza Figli page,07-OCT-24 09.39.39.836000 AM
6335.0,Normal user enters the Provvidenza Figli page,11-OCT-24 07.58.27.888000 PM
7658.0,Normal user enters the Provvidenza Figli page,07-OCT-24 09.26.11.369000 AM
5570.0,HR/Normal user tries to update the answer,14-OCT-24 03.47.57.774000 PM
5804.0,Normal user enters the Provvidenza Figli page,01-OCT-24 04.38.33.546000 PM
13002305.0,Normal user enters the Provvidenza Figli page,11-OCT-24 11.13.42.047000 AM
6147.0,Normal user enters the Provvidenza Figli page,07-OCT-24 09.51.56.763000 AM
6037.0,HR/Normal user tries to update the answer,08-OCT-24 05.36.07.369000 PM
7658.0,HR/Normal user tries to update the answer,07-OCT-24 09.28.26.143000 AM
13002446.0,Recupero dettagli utente per invio adesione Fondo Nazionale,14-OCT-24 04.35.18.003000 PM
6199.0,Normal user enters the Provvidenza Figli page,21-OCT-24 11.13.23.093000 AM
8163.0,HR/Normal user tries to update the answer,08-OCT-24 05.09.47.983000 PM
,Download PDF dalla sezione Cedolini,11-OCT-24 10.38.11.151000 AM
5533.0,Normal user assign new grade for the child while creating a request,08-OCT-24 05.12.32.521000 PM
5587.0,HR/Normal user tries to update the answer,10-OCT-24 10.16.52.720000 AM
13002930.0,Recupero dettagliutente per Scelta Welfare,13-OCT-24 10.55.14.724000 PM
6199.0,HR user update the status from Back office,10-OCT-24 09.34.11.065000 AM
5618.0,HR/Normal user tries to update the answer,07-OCT-24 10.06.52.903000 AM
13000909.0,Recupero dettagliutente per Scelta Welfare,22-OCT-24 04.51.33.004000 PM
8464.0,HR/Normal user tries to update the answer,14-OCT-24 04.57.49.293000 PM
,Download PDF dalla sezione Cedolini,25-OCT-24 08.31.38.591000 AM
7669.0,Dettaglio elenco Cedolini e CU disponibili al download,21-OCT-24 11.20.34.246000 AM
,Dettaglio elenco Cedolini e CU disponibili al download,16-OCT-24 04.45.05.122000 PM
17917.0,Recupero dettagli utente per invio adesione Fondo Nazionale,22-OCT-24 04.39.15.170000 PM
,Download PDF dalla sezione Cedolini,14-OCT-24 10.46.09.704000 AM
5946.0,Normal user enters the Provvidenza Figli page,16-OCT-24 05.25.36.042000 PM
8464.0,HR tried to update grade,14-OCT-24 04.56.23.906000 PM
19449.0,Download PDF dalla sezione Cedolini,14-OCT-24 10.21.06.488000 AM
,Dettaglio elenco Cedolini e CU disponibili al download,22-OCT-24 04.51.49.881000 PM
,Dettaglio elenco Cedolini e CU disponibili al download,14-OCT-24 04.43.59.013000 PM
,Dettaglio elenco Cedolini e CU disponibili al download,23-OCT-24 02.27.52.974000 PM
5199.0,HR/Normal user tries to update the answer,16-OCT-24 04.39.20.458000 PM
,Download PDF dalla sezione Cedolini,14-OCT-24 10.45.26.689000 AM
6037.0,HR/Normal user tries to update the answer,08-OCT-24 05.37.05.266000 PM
5758.0,HR/Normal user tries to update the answer,07-OCT-24 10.28.16.910000 AM
,Dettaglio elenco Cedolini e CU disponibili al download,23-OCT-24 03.27.41.769000 PM
13002446.0,Recupero dettagli utente per Scelta orario di lavoro,14-OCT-24 04.35.03.809000 PM
,Download PDF dalla sezione Cedolini,24-OCT-24 11.13.25.365000 PM
13002562.0,Verifica possibilità di accesso a fondo pensione per Scelta Welfare,16-OCT-24 04.52.35.559000 PM
,Dettaglio elenco Cedolini e CU disponibili al download,25-OCT-24 09.14.34.902000 AM
13000173.0,Dettaglio elenco Cedolini e CU disponibili al download,22-OCT-24 05.28.23.678000 PM
7018.0,Download PDF dalla sezione Cedolini,25-OCT-24 08.30.52.872000 AM
6933.0,Normal user enters the Provvidenza Figli page,25-OCT-24 08.58.38.363000 AM
,Dettaglio elenco Cedolini e CU disponibili al download,25-OCT-24 09.16.26.980000 AM
,Download PDF dalla sezione Cedolini,21-OCT-24 11.07.15.553000 AM
,Download PDF dalla sezione Cedolini,25-OCT-24 08.32.20.659000 AM
,Download PDF dalla sezione Cedolini,25-OCT-24 08.47.01.645000 AM
,Download PDF dalla sezione Cedolini,23-OCT-24 02.40.29.863000 PM
5809.0,Normal user enters the Provvidenza Figli page,14-OCT-24 09.02.12.648000 AM
,Download PDF dalla sezione Cedolini,21-OCT-24 11.07.45.766000 AM
,Download PDF dalla sezione Cedolini,25-OCT-24 09.28.04.995000 AM
,Dettaglio elenco Cedolini e CU disponibili al download,25-OCT-24 08.29.59.269000 AM
,Download PDF dalla sezione Cedolini,25-OCT-24 08.37.13.818000 AM
6199.0,HR user update the status from Back office,16-OCT-24 04.32.10.756000 PM
5862.0,Verifica possibilità di accesso a fondo pensione per Scelta Welfare,29-OCT-24 10.11.38.445000 AM
5607.0,HR tried to update grade,07-OCT-24 12.05.49.789000 PM
,Download PDF dalla sezione Cedolini,25-OCT-24 09.18.11.860000 AM
,Download PDF dalla sezione Cedolini,25-OCT-24 08.50.07.126000 AM
,Download PDF dalla sezione Cedolini,25-OCT-24 08.49.42.902000 AM
,Download PDF dalla sezione Cedolini,25-OCT-24 09.02.56.154000 AM
,Download PDF dalla sezione Cedolini,25-OCT-24 09.25.32.773000 AM
6733.0,Normal user tries to create new Provvidenza request for a child,09-OCT-24 10.07.32.816000 AM
,Download PDF dalla sezione Cedolini,25-OCT-24 08.49.32.774000 AM
,Dettaglio elenco Cedolini e CU disponibili al download,25-OCT-24 09.05.31.663000 AM
,Download PDF dalla sezione Cedolini,25-OCT-24 09.04.52.829000 AM
6933.0,Normal user assign new grade for the child while creating a request,25-OCT-24 08.57.51.262000 AM
,Download PDF dalla sezione Cedolini,25-OCT-24 09.24.08.542000 AM
,Download PDF dalla sezione Cedolini,25-OCT-24 09.22.59.445000 AM
9652.0,Normal user enters the Provvidenza Figli page,03-OCT-24 04.15.21.347000 PM
8055.0,Normal user enters the Provvidenza Figli page,03-OCT-24 04.13.11.226000 PM
6199.0,Normal user enters the Provvidenza Figli page,09-OCT-24 10.31.09.568000 AM
,Download PDF dalla sezione Cedolini,25-OCT-24 09.27.18.799000 AM
,Download PDF dalla sezione Cedolini,29-OCT-24 06.45.32.808000 PM
13002986.0,Recupero dettagli utente per Scelta orario di lavoro,25-OCT-24 08.52.33.634000 AM
,Dettaglio elenco Cedolini e CU disponibili al download,25-OCT-24 08.31.36.264000 AM
7269.0,HR/Normal user tries to update the answer,03-OCT-24 04.20.21.946000 PM
,Dettaglio elenco Cedolini e CU disponibili al download,25-OCT-24 08.53.23.173000 AM
13002608.0,HR/Normal user tries to update the answer,03-OCT-24 04.54.53.392000 PM
6925.0,Normal user enters the Provvidenza Figli page,03-OCT-24 04.21.56.392000 PM
,Download PDF dalla sezione Cedolini,25-OCT-24 08.45.03.968000 AM
5630.0,HR/Normal user tries to update the answer,03-OCT-24 04.32.45.914000 PM
8136.0,HR/Normal user tries to update the answer,03-OCT-24 04.35.20.805000 PM
6233.0,HR/Normal user tries to update the answer,03-OCT-24 04.25.25.104000 PM
7726.0,HR/Normal user tries to update the answer,03-OCT-24 04.41.47.710000 PM
,Download PDF dalla sezione Cedolini,25-OCT-24 08.32.57.040000 AM
,Download PDF dalla sezione Cedolini,25-OCT-24 09.20.19.484000 AM
16429.0,Download PDF dalla sezione Cedolini,03-OCT-24 04.41.12.387000 PM
7071.0,HR/Normal user tries to update the answer,03-OCT-24 04.25.43.063000 PM
,Download PDF dalla sezione Cedolini,14-OCT-24 02.50.52.006000 PM
6397.0,HR/Normal user tries to update the answer,03-OCT-24 04.30.22.813000 PM
5811.0,Normal user tries to create new Provvidenza request for a child,07-OCT-24 08.42.23.388000 AM
,Download PDF dalla sezione Cedolini,25-OCT-24 09.20.47.347000 AM
,Download PDF dalla sezione Cedolini,25-OCT-24 09.38.55.851000 AM
6513.0,Normal user tries to create new Provvidenza request for a child,03-OCT-24 04.28.07.086000 PM
18093.0,Verifica possibilità di accesso a fondo pensione per Scelta Welfare,28-OCT-24 04.11.25.729000 PM
,Download PDF dalla sezione Cedolini,25-OCT-24 09.41.16.427000 AM
7506.0,Normal user enters the Provvidenza Figli page,06-OCT-24 08.11.27.059000 PM
5809.0,HR/Normal user tries to update the answer,14-OCT-24 09.01.36.752000 AM
,Dettaglio elenco Cedolini e CU disponibili al download,29-OCT-24 09.54.18.862000 AM
8098.0,Normal user enters the Provvidenza Figli page,03-OCT-24 04.49.25.682000 PM
6199.0,Normal user enters the Provvidenza Figli page,29-OCT-24 09.35.05.999000 AM
5979.0,HR/Normal user tries to update the answer,03-OCT-24 06.02.58.661000 PM
6397.0,Normal user assign new grade for the child while creating a request,03-OCT-24 04.29.45.014000 PM
5601.0,Normal user update grade for a child,03-OCT-24 04.50.38.912000 PM
6380.0,Normal user assign new grade for the child while creating a request,03-OCT-24 05.10.48.538000 PM
6199.0,Normal user enters the Provvidenza Figli page,31-OCT-24 01.01.21.584000 PM
15635.0,Normal user assign new grade for the child while creating a request,03-OCT-24 04.20.07.289000 PM
5715.0,Dettaglio elenco Cedolini e CU disponibili al download,15-OCT-24 11.26.29.861000 AM
6075.0,HR/Normal user tries to update the answer,03-OCT-24 04.58.55.262000 PM
5213.0,Normal user assign new grade for the child while creating a request,03-OCT-24 05.02.06.814000 PM
7256.0,HR/Normal user tries to update the answer,03-OCT-24 05.03.09.708000 PM
8124.0,Recupero dettagli utente per Scelta orario di lavoro,03-OCT-24 04.22.37.804000 PM
9652.0,Normal user assign new grade for the child while creating a request,03-OCT-24 04.14.41.950000 PM
5213.0,HR/Normal user tries to update the answer,03-OCT-24 05.02.18.246000 PM
5812.0,HR/Normal user tries to update the answer,03-OCT-24 04.27.35.177000 PM
6159.0,Normal / HR user updates the answer,03-OCT-24 04.09.23.755000 PM
,Dettaglio elenco Cedolini e CU disponibili al download,25-OCT-24 09.41.14.939000 AM
7303.0,Normal user assign new grade for the child while creating a request,03-OCT-24 04.55.37.600000 PM
10871.0,HR/Normal user tries to update the answer,03-OCT-24 06.20.13.871000 PM
8098.0,HR/Normal user tries to update the answer,03-OCT-24 04.47.15.380000 PM
8259.0,HR tried to update grade,04-OCT-24 11.32.56.607000 AM
,Dettaglio elenco Cedolini e CU disponibili al download,30-OCT-24 12.27.08.810000 PM
8136.0,HR/Normal user tries to update the answer,03-OCT-24 04.36.16.477000 PM
,Download PDF dalla sezione Cedolini,04-OCT-24 11.38.24.669000 AM
13002608.0,Normal user assign new grade for the child while creating a request,03-OCT-24 04.54.26.116000 PM
9652.0,HR tried to update grade,03-OCT-24 04.14.45.565000 PM
7256.0,HR/Normal user tries to update the answer,03-OCT-24 04.59.48.818000 PM
6566.0,HR/Normal user tries to update the answer,03-OCT-24 05.12.29.289000 PM
6380.0,HR/Normal user tries to update the answer,03-OCT-24 05.11.00.979000 PM
6942.0,Normal user tries to create new Provvidenza request for a child,15-OCT-24 11.17.36.630000 AM
6199.0,Normal user enters the Provvidenza Figli page,28-OCT-24 04.48.20.728000 PM
,Dettaglio elenco Cedolini e CU disponibili al download,04-OCT-24 12.20.45.979000 PM
6479.0,Normal user tries to create new Provvidenza request for a child,11-OCT-24 09.14.21.270000 AM
,Dettaglio elenco Cedolini e CU disponibili al download,25-OCT-24 08.24.09.639000 AM
5812.0,Normal user assign new grade for the child while creating a request,03-OCT-24 04.27.03.188000 PM
,Download PDF dalla sezione Cedolini,24-OCT-24 02.33.31.674000 PM
18173.0,HR/Normal user tries to update the answer,12-OCT-24 10.05.25.241000 AM
,Dettaglio elenco Cedolini e CU disponibili al download,03-OCT-24 01.25.20.838000 PM
5957.0,Normal user enters the Provvidenza Figli page,03-OCT-24 01.33.59.184000 PM
7836.0,HR/Normal user tries to update the answer,03-OCT-24 01.23.39.111000 PM
5802.0,Normal user assign new grade for the child while creating a request,03-OCT-24 01.23.20.364000 PM
7283.0,Normal user assign new grade for the child while creating a request,03-OCT-24 01.26.32.097000 PM
8826.0,HR/Normal user tries to update the answer,03-OCT-24 01.31.08.091000 PM
6942.0,HR/Normal user tries to update the answer,15-OCT-24 11.16.47.599000 AM
13001862.0,HR/Normal user tries to update the answer,03-OCT-24 01.34.38.452000 PM
6450.0,HR/Normal user tries to update the answer,03-OCT-24 01.27.02.367000 PM
6071.0,HR/Normal user tries to update the answer,03-OCT-24 05.18.14.511000 PM
17188.0,HR/Normal user tries to update the answer,04-OCT-24 11.38.40.655000 AM
7486.0,HR/Normal user tries to update the answer,03-OCT-24 01.20.51.185000 PM
6258.0,HR/Normal user tries to update the answer,03-OCT-24 01.23.28.893000 PM
6372.0,Normal user enters the Provvidenza Figli page,03-OCT-24 01.27.03.773000 PM
13001434.0,Normal user tries to create new Provvidenza request for a child,03-OCT-24 01.19.19.874000 PM
6956.0,HR/Normal user tries to update the answer,03-OCT-24 01.23.11.060000 PM
6164.0,Normal user tries to create new Provvidenza request for a child,03-OCT-24 01.16.29.350000 PM
5957.0,HR/Normal user tries to update the answer,03-OCT-24 01.36.34.949000 PM
7124.0,Normal user assign new grade for the child while creating a request,03-OCT-24 01.22.17.069000 PM
6219.0,Normal user assign new grade for the child while creating a request,03-OCT-24 01.15.38.708000 PM
6802.0,Normal user tries to create new Provvidenza request for a child,03-OCT-24 01.19.13.499000 PM
6956.0,HR/Normal user tries to update the answer,03-OCT-24 01.23.02.956000 PM
7116.0,Normal / HR user updates the answer,03-OCT-24 01.23.17.750000 PM
13001627.0,HR/Normal user tries to update the answer,03-OCT-24 01.20.39.062000 PM
7047.0,Normal user assign new grade for the child while creating a request,03-OCT-24 01.28.20.029000 PM
5731.0,HR/Normal user tries to update the answer,03-OCT-24 01.18.23.337000 PM
7636.0,HR/Normal user tries to update the answer,03-OCT-24 01.21.55.645000 PM
6068.0,Normal user assign new grade for the child while creating a request,03-OCT-24 01.21.56.547000 PM
,Dettaglio elenco Cedolini e CU disponibili al download,30-OCT-24 11.56.40.516000 AM
5462.0,Normal user enters the Provvidenza Figli page,03-OCT-24 01.18.02.456000 PM
6867.0,HR/Normal user tries to update the answer,03-OCT-24 01.19.22.061000 PM
5834.0,Normal user tries to create new Provvidenza request for a child,03-OCT-24 01.32.09.981000 PM
6763.0,Dettaglio elenco Cedolini e CU disponibili al download,03-OCT-24 01.27.55.583000 PM
7002.0,Normal user enters the Provvidenza Figli page,03-OCT-24 01.33.44.548000 PM
9098.0,HR/Normal user tries to update the answer,03-OCT-24 01.23.59.209000 PM
6365.0,HR/Normal user tries to update the answer,03-OCT-24 01.16.27.007000 PM
8192.0,Dettaglio elenco Cedolini e CU disponibili al download,03-OCT-24 01.16.18.619000 PM
6008.0,Normal user enters the Provvidenza Figli page,03-OCT-24 01.15.11.583000 PM
9407.0,Normal user tries to create new Provvidenza request for a child,03-OCT-24 01.36.00.993000 PM
7333.0,Normal user enters the Provvidenza Figli page,03-OCT-24 01.18.45.776000 PM
7601.0,Normal user assign new grade for the child while creating a request,03-OCT-24 01.21.41.483000 PM
6560.0,Normal user assign new grade for the child while creating a request,03-OCT-24 01.15.18.337000 PM
6669.0,Normal user assign new grade for the child while creating a request,03-OCT-24 01.20.42.350000 PM
13001081.0,Normal user tries to create new Provvidenza request for a child,04-OCT-24 12.00.49.345000 PM
17394.0,HR/Normal user tries to update the answer,03-OCT-24 01.16.26.393000 PM
6802.0,HR/Normal user tries to update the answer,03-OCT-24 01.19.24.791000 PM
13001434.0,HR/Normal user tries to update the answer,03-OCT-24 01.19.54.483000 PM
7615.0,HR/Normal user tries to update the answer,03-OCT-24 01.24.57.710000 PM
6763.0,HR/Normal user tries to update the answer,03-OCT-24 01.25.07.063000 PM
6708.0,Normal / HR user updates the answer,03-OCT-24 01.28.41.995000 PM
8061.0,Normal user tries to create new Provvidenza request for a child,03-OCT-24 01.18.40.725000 PM
6598.0,Download PDF dalla sezione Cedolini,04-OCT-24 11.46.04.952000 AM
5704.0,HR/Normal user tries to update the answer,03-OCT-24 01.28.44.362000 PM
6806.0,Normal user tries to create new Provvidenza request for a child,03-OCT-24 01.27.03.943000 PM
6763.0,HR/Normal user tries to update the answer,03-OCT-24 01.26.36.570000 PM
6164.0,Normal user assign new grade for the child while creating a request,03-OCT-24 01.16.29.431000 PM
,Dettaglio elenco Cedolini e CU disponibili al download,29-OCT-24 09.44.12.855000 AM
8350.0,Normal user enters the Provvidenza Figli page,03-OCT-24 01.23.11.970000 PM
6980.0,Recupero dettagliutente per Scelta Welfare,03-OCT-24 01.36.33.573000 PM
13000760.0,HR/Normal user tries to update the answer,03-OCT-24 01.35.19.716000 PM
6179.0,Normal user tries to create new Provvidenza request for a child,03-OCT-24 01.23.02.742000 PM
7434.0,HR/Normal user tries to update the answer,03-OCT-24 01.16.40.282000 PM
7629.0,Normal / HR user updates the answer,03-OCT-24 01.17.17.881000 PM
6802.0,HR/Normal user tries to update the answer,03-OCT-24 01.19.20.161000 PM
5847.0,HR/Normal user tries to update the answer,03-OCT-24 01.23.02.873000 PM
9473.0,Normal user update grade for a child,03-OCT-24 01.24.05.412000 PM
6894.0,HR/Normal user tries to update the answer,03-OCT-24 01.16.47.779000 PM
5895.0,Normal user assign new grade for the child while creating a request,03-OCT-24 01.20.16.099000 PM
7333.0,HR/Normal user tries to update the answer,03-OCT-24 01.18.23.107000 PM
5868.0,Dettaglio elenco Cedolini e CU disponibili al download,03-OCT-24 01.17.59.683000 PM
5755.0,HR/Normal user tries to update the answer,03-OCT-24 01.28.25.787000 PM
7949.0,HR/Normal user tries to update the answer,03-OCT-24 01.35.57.070000 PM
7949.0,Normal user assign new grade for the child while creating a request,03-OCT-24 01.34.04.524000 PM
6882.0,Normal / HR user updates the answer,03-OCT-24 01.21.01.633000 PM
6669.0,HR/Normal user tries to update the answer,03-OCT-24 01.20.56.262000 PM
,Dettaglio elenco Cedolini e CU disponibili al download,03-OCT-24 01.22.01.353000 PM
8309.0,Normal user tries to create new Provvidenza request for a child,03-OCT-24 01.16.25.861000 PM
7283.0,Normal user enters the Provvidenza Figli page,03-OCT-24 01.26.03.887000 PM
7690.0,HR/Normal user tries to update the answer,03-OCT-24 01.34.45.580000 PM
15870.0,Normal user assign new grade for the child while creating a request,03-OCT-24 01.17.26.568000 PM
6882.0,HR/Normal user tries to update the answer,03-OCT-24 01.21.59.758000 PM
8453.0,Normal user enters the Provvidenza Figli page,03-OCT-24 01.17.24.368000 PM
7434.0,HR/Normal user tries to update the answer,03-OCT-24 01.16.24.820000 PM
,Dettaglio elenco Cedolini e CU disponibili al download,31-OCT-24 02.13.18.116000 PM
6556.0,HR/Normal user tries to update the answer,03-OCT-24 01.17.03.059000 PM
17721.0,Normal user enters the Provvidenza Figli page,03-OCT-24 01.19.04.387000 PM
6082.0,Normal user tries to create new Provvidenza request for a child,03-OCT-24 01.23.09.185000 PM
8124.0,Normal user enters the Provvidenza Figli page,03-OCT-24 01.20.21.431000 PM
6164.0,HR/Normal user tries to update the answer,03-OCT-24 01.16.47.682000 PM
6556.0,HR/Normal user tries to update the answer,03-OCT-24 01.16.55.469000 PM
6708.0,HR/Normal user tries to update the answer,03-OCT-24 01.28.12.665000 PM
6206.0,Normal user tries to create new Provvidenza request for a child,03-OCT-24 01.26.36.113000 PM
17721.0,Normal user tries to create new Provvidenza request for a child,03-OCT-24 01.17.43.084000 PM
6088.0,Normal user assign new grade for the child while creating a request,03-OCT-24 01.16.24.778000 PM
6382.0,Normal user enters the Provvidenza Figli page,03-OCT-24 01.24.20.305000 PM
7742.0,HR/Normal user tries to update the answer,03-OCT-24 01.19.47.864000 PM
14669.0,HR/Normal user tries to update the answer,03-OCT-24 01.22.07.514000 PM
5802.0,HR/Normal user tries to update the answer,03-OCT-24 01.23.29.097000 PM
7232.0,Normal / HR user updates the answer,03-OCT-24 01.16.09.520000 PM
5562.0,HR/Normal user tries to update the answer,03-OCT-24 01.26.00.986000 PM
,Dettaglio elenco Cedolini e CU disponibili al download,03-OCT-24 01.29.53.153000 PM
6195.0,HR/Normal user tries to update the answer,03-OCT-24 01.21.12.943000 PM
5761.0,HR/Normal user tries to update the answer,03-OCT-24 01.17.39.610000 PM
,Dettaglio elenco Cedolini e CU disponibili al download,24-OCT-24 02.03.28.054000 PM
6894.0,HR/Normal user tries to update the answer,03-OCT-24 01.17.49.968000 PM
8019.0,Normal user assign new grade for the child while creating a request,03-OCT-24 01.28.25.621000 PM
8116.0,Normal user enters the Provvidenza Figli page,03-OCT-24 01.31.46.408000 PM
5760.0,Normal user assign new grade for the child while creating a request,03-OCT-24 01.25.58.733000 PM
8263.0,Normal user enters the Provvidenza Figli page,03-OCT-24 01.26.23.550000 PM
7434.0,Normal user assign new grade for the child while creating a request,03-OCT-24 01.17.21.170000 PM
18558.0,Recupero dettagli utente per invio adesione Fondo Nazionale,26-OCT-24 04.26.14.983000 PM
6219.0,HR tried to update grade,03-OCT-24 01.15.44.073000 PM
6365.0,Normal user enters the Provvidenza Figli page,03-OCT-24 01.15.48.065000 PM
5868.0,HR/Normal user tries to update the answer,03-OCT-24 01.18.34.864000 PM
6035.0,Normal user tries to create new Provvidenza request for a child,03-OCT-24 01.18.52.711000 PM
6811.0,HR/Normal user tries to update the answer,03-OCT-24 01.23.06.253000 PM
6802.0,Normal user tries to create new Provvidenza request for a child,03-OCT-24 01.19.47.084000 PM
7199.0,HR/Normal user tries to update the answer,03-OCT-24 01.30.01.753000 PM
13002124.0,Verifica possibilità di accesso a fondo pensione per Scelta Welfare,29-OCT-24 12.37.36.996000 PM
5604.0,Normal user tries to create new Provvidenza request for a child,03-OCT-24 01.26.47.503000 PM
,Download PDF dalla sezione Cedolini,29-OCT-24 08.21.03.126000 AM
5710.0,HR/Normal user tries to update the answer,03-OCT-24 01.15.41.424000 PM
,Dettaglio elenco Cedolini e CU disponibili al download,27-OCT-24 06.19.03.227000 PM
,Download PDF dalla sezione Cedolini,03-OCT-24 01.22.31.793000 PM
6438.0,HR/Normal user tries to update the answer,03-OCT-24 01.15.57.913000 PM
7434.0,HR/Normal user tries to update the answer,03-OCT-24 01.17.32.908000 PM
5958.0,HR/Normal user tries to update the answer,03-OCT-24 01.18.59.599000 PM
6844.0,Normal user tries to create new Provvidenza request for a child,03-OCT-24 01.31.30.675000 PM
6088.0,Normal user enters the Provvidenza Figli page,03-OCT-24 01.18.08.690000 PM
7151.0,HR/Normal user tries to update the answer,03-OCT-24 01.18.45.053000 PM
7486.0,Normal / HR user updates the answer,03-OCT-24 01.20.27.241000 PM
8309.0,HR/Normal user tries to update the answer,03-OCT-24 01.15.21.148000 PM
,Dettaglio elenco Cedolini e CU disponibili al download,29-OCT-24 08.23.54.313000 AM
9473.0,Recupero dettagliutente per Scelta Welfare,03-OCT-24 01.23.14.250000 PM
6669.0,Normal user enters the Provvidenza Figli page,03-OCT-24 01.21.25.198000 PM
7458.0,Normal user assign new grade for the child while creating a request,03-OCT-24 01.22.04.921000 PM
7434.0,Normal / HR user updates the answer,03-OCT-24 01.16.26.593000 PM
7648.0,Normal user enters the Provvidenza Figli page,03-OCT-24 01.14.35.006000 PM
6438.0,Normal user tries to create new Provvidenza request for a child,03-OCT-24 01.15.26.441000 PM
7081.0,HR/Normal user tries to update the answer,03-OCT-24 01.17.01.929000 PM
5863.0,Normal user assign new grade for the child while creating a request,03-OCT-24 01.14.56.199000 PM
5297.0,Recupero dettagliutente per Scelta Welfare,29-OCT-24 08.14.37.550000 AM
5604.0,Normal user assign new grade for the child while creating a request,03-OCT-24 01.27.28.381000 PM
6597.0,Normal user enters the Provvidenza Figli page,03-OCT-24 01.17.51.936000 PM
7036.0,HR/Normal user tries to update the answer,03-OCT-24 01.18.55.061000 PM
,Dettaglio elenco Cedolini e CU disponibili al download,08-OCT-24 09.00.34.442000 AM
,Dettaglio elenco Cedolini e CU disponibili al download,15-OCT-24 11.19.07.769000 AM
7742.0,Normal user assign new grade for the child while creating a request,03-OCT-24 01.19.22.804000 PM
13001727.0,HR/Normal user tries to update the answer,08-OCT-24 09.28.06.900000 AM
13002974.0,Recupero dettagli utente per invio adesione Fondo Nazionale,17-OCT-24 09.31.49.397000 AM
,Dettaglio elenco Cedolini e CU disponibili al download,11-OCT-24 04.01.08.033000 PM
,Dettaglio elenco Cedolini e CU disponibili al download,18-OCT-24 02.38.58.502000 PM
6358.0,Normal user enters the Provvidenza Figli page,11-OCT-24 03.40.31.008000 PM
6186.0,Normal user update grade for a child,11-OCT-24 03.34.22.564000 PM
13000916.0,Normal user enters the Provvidenza Figli page,08-OCT-24 09.54.02.245000 AM
6396.0,HR/Normal user tries to update the answer,08-OCT-24 08.58.58.143000 AM
5776.0,HR/Normal user tries to update the answer,07-OCT-24 11.55.29.893000 PM
8042.0,Normal user enters the Provvidenza Figli page,03-OCT-24 01.30.35.549000 PM
,Dettaglio elenco Cedolini e CU disponibili al download,30-OCT-24 09.41.40.349000 AM
6631.0,HR/Normal user tries to update the answer,03-OCT-24 02.53.37.314000 PM
6340.0,Normal user enters the Provvidenza Figli page,03-OCT-24 02.54.54.643000 PM
10057.0,Normal user tries to create new Provvidenza request for a child,03-OCT-24 02.42.39.134000 PM
,Download PDF dalla sezione Cedolini,19-OCT-24 06.24.21.530000 PM
6383.0,Normal user assign new grade for the child while creating a request,03-OCT-24 02.39.11.315000 PM
7146.0,HR/Normal user tries to update the answer,03-OCT-24 02.45.45.077000 PM
,Dettaglio elenco Cedolini e CU disponibili al download,03-OCT-24 02.44.48.110000 PM
13002833.0,HR tried to update grade,03-OCT-24 02.52.58.848000 PM
5663.0,Normal user tries to create new Provvidenza request for a child,03-OCT-24 03.02.22.772000 PM
6170.0,HR/Normal user tries to update the answer,03-OCT-24 02.38.00.710000 PM
6718.0,Normal / HR user updates the answer,03-OCT-24 03.00.45.580000 PM
7146.0,HR/Normal user tries to update the answer,03-OCT-24 02.46.24.469000 PM
10678.0,HR/Normal user tries to update the answer,03-OCT-24 02.44.37.228000 PM
5576.0,HR/Normal user tries to update the answer,03-OCT-24 02.59.12.976000 PM
7272.0,HR/Normal user tries to update the answer,03-OCT-24 02.59.23.736000 PM
14297.0,Normal / HR user updates the answer,03-OCT-24 02.43.37.004000 PM
16385.0,Normal user enters the Provvidenza Figli page,03-OCT-24 02.41.39.366000 PM
6226.0,HR/Normal user tries to update the answer,03-OCT-24 02.39.24.556000 PM
7430.0,Normal user assign new grade for the child while creating a request,03-OCT-24 02.45.00.788000 PM
7231.0,HR/Normal user tries to update the answer,08-OCT-24 09.19.20.975000 AM
6281.0,Normal user enters the Provvidenza Figli page,03-OCT-24 03.01.37.624000 PM
13000105.0,HR/Normal user tries to update the answer,03-OCT-24 02.46.05.118000 PM
7759.0,HR/Normal user tries to update the answer,03-OCT-24 03.07.06.761000 PM
,Dettaglio elenco Cedolini e CU disponibili al download,15-OCT-24 08.15.53.060000 PM
,Dettaglio elenco Cedolini e CU disponibili al download,17-OCT-24 09.48.07.939000 AM
7448.0,Normal user enters the Provvidenza Figli page,03-OCT-24 02.55.49.692000 PM
5790.0,Normal user tries to create new Provvidenza request for a child,03-OCT-24 02.58.30.638000 PM
14598.0,Recupero dettagliutente per Scelta Welfare,30-OCT-24 08.24.57.897000 AM
5611.0,HR/Normal user tries to update the answer,03-OCT-24 02.54.31.884000 PM
5611.0,HR/Normal user tries to update the answer,03-OCT-24 02.54.55.421000 PM
16466.0,Normal user enters the Provvidenza Figli page,03-OCT-24 03.07.50.383000 PM
5477.0,Normal user enters the Provvidenza Figli page,03-OCT-24 02.51.20.760000 PM
7131.0,HR/Normal user tries to update the answer,03-OCT-24 03.00.28.180000 PM
5320.0,HR/Normal user tries to update the answer,03-OCT-24 02.38.05.926000 PM
6396.0,HR/Normal user tries to update the answer,08-OCT-24 08.59.53.264000 AM
6017.0,Dettaglio elenco Cedolini e CU disponibili al download,03-OCT-24 02.51.04.441000 PM
16466.0,Normal user tries to create new Provvidenza request for a child,03-OCT-24 03.07.46.442000 PM
6583.0,Normal user tries to create new Provvidenza request for a child,03-OCT-24 02.38.34.876000 PM
6983.0,HR/Normal user tries to update the answer,03-OCT-24 02.55.34.380000 PM
6170.0,Normal user assign new grade for the child while creating a request,03-OCT-24 02.38.31.961000 PM
5501.0,Normal user tries to create new Provvidenza request for a child,03-OCT-24 02.45.14.399000 PM
6807.0,HR tried to update grade,03-OCT-24 02.49.33.927000 PM
6636.0,HR/Normal user tries to update the answer,03-OCT-24 02.51.13.515000 PM
7287.0,Normal user assign new grade for the child while creating a request,03-OCT-24 02.47.51.193000 PM
13001668.0,Normal user enters the Provvidenza Figli page,08-OCT-24 09.52.42.690000 AM
13001767.0,Normal user enters the Provvidenza Figli page,03-OCT-24 01.31.53.461000 PM
6983.0,HR/Normal user tries to update the answer,03-OCT-24 02.55.25.415000 PM
5404.0,HR/Normal user tries to update the answer,03-OCT-24 03.18.26.536000 PM
7319.0,HR/Normal user tries to update the answer,03-OCT-24 03.07.33.483000 PM
,Download PDF dalla sezione Cedolini,30-OCT-24 09.07.54.547000 AM
6790.0,Normal user tries to create new Provvidenza request for a child,03-OCT-24 02.49.26.801000 PM
6813.0,HR/Normal user tries to update the answer,03-OCT-24 02.54.59.325000 PM
13002832.0,HR/Normal user tries to update the answer,03-OCT-24 03.12.20.684000 PM
6469.0,Normal user enters the Provvidenza Figli page,03-OCT-24 02.48.10.359000 PM
13002972.0,Verifica possibilità di accesso a fondo pensione per Scelta Welfare,17-OCT-24 09.43.53.992000 AM
19442.0,Download PDF dalla sezione Cedolini,09-OCT-24 02.32.30.954000 PM
6847.0,HR/Normal user tries to update the answer,03-OCT-24 02.58.38.497000 PM
5451.0,Normal user enters the Provvidenza Figli page,03-OCT-24 03.05.34.703000 PM
6378.0,Normal user tries to create new Provvidenza request for a child,03-OCT-24 02.43.48.654000 PM
5663.0,HR/Normal user tries to update the answer,03-OCT-24 03.07.34.426000 PM
,Download PDF dalla sezione Cedolini,30-OCT-24 12.20.29.973000 AM
6807.0,Normal user tries to create new Provvidenza request for a child,03-OCT-24 02.49.28.165000 PM
5629.0,HR/Normal user tries to update the answer,03-OCT-24 03.09.32.275000 PM
5404.0,HR/Normal user tries to update the answer,03-OCT-24 03.18.18.929000 PM
6122.0,Normal user enters the Provvidenza Figli page,03-OCT-24 02.58.33.672000 PM
,Download PDF dalla sezione Cedolini,11-OCT-24 02.27.00.427000 PM
5435.0,HR/Normal user tries to update the answer,03-OCT-24 03.18.25.528000 PM
5629.0,Normal user tries to create new Provvidenza request for a child,03-OCT-24 03.09.04.795000 PM
,Dettaglio elenco Cedolini e CU disponibili al download,01-OCT-24 12.07.17.540000 PM
5096.0,Normal user enters the Provvidenza Figli page,03-OCT-24 02.55.14.217000 PM
8203.0,Normal user enters the Provvidenza Figli page,03-OCT-24 03.17.46.211000 PM
6652.0,HR/Normal user tries to update the answer,03-OCT-24 03.05.26.642000 PM
13001783.0,HR/Normal user tries to update the answer,03-OCT-24 03.04.03.604000 PM
7109.0,Normal user tries to create new Provvidenza request for a child,03-OCT-24 03.05.49.705000 PM
,Download PDF dalla sezione Cedolini,30-OCT-24 12.14.04.651000 AM
16466.0,Normal user assign new grade for the child while creating a request,03-OCT-24 03.07.03.088000 PM
7448.0,HR/Normal user tries to update the answer,03-OCT-24 02.56.52.140000 PM
16466.0,Normal user enters the Provvidenza Figli page,03-OCT-24 03.08.40.384000 PM
6245.0,HR/Normal user tries to update the answer,03-OCT-24 02.55.45.964000 PM
17098.0,HR/Normal user tries to update the answer,03-OCT-24 03.04.17.688000 PM
,Download PDF dalla sezione Cedolini,30-OCT-24 12.19.54.306000 AM
7485.0,Normal user enters the Provvidenza Figli page,03-OCT-24 02.43.35.005000 PM
,Dettaglio elenco Cedolini e CU disponibili al download,29-OCT-24 08.56.41.737000 AM
13002179.0,HR/Normal user tries to update the answer,03-OCT-24 02.47.37.323000 PM
,Download PDF dalla sezione Cedolini,09-OCT-24 03.01.47.515000 PM
14297.0,HR/Normal user tries to update the answer,03-OCT-24 02.43.19.261000 PM
5290.0,Normal user tries to create new Provvidenza request for a child,03-OCT-24 02.53.33.867000 PM
13002930.0,Recupero dettagliutente per Scelta Welfare,05-OCT-24 02.31.52.288000 PM
7398.0,Normal user enters the Provvidenza Figli page,09-OCT-24 05.53.37.830000 PM
13002179.0,HR/Normal user tries to update the answer,03-OCT-24 02.48.49.247000 PM
7439.0,Normal user enters the Provvidenza Figli page,03-OCT-24 03.15.09.713000 PM
,Download PDF dalla sezione Cedolini,11-OCT-24 01.36.17.188000 PM
13002128.0,HR tried to update grade,03-OCT-24 02.57.09.885000 PM
5925.0,Normal user enters the Provvidenza Figli page,09-OCT-24 06.16.22.435000 PM
5297.0,Recupero dettagliutente per Scelta Welfare,03-OCT-24 02.52.48.749000 PM
13002128.0,Normal user enters the Provvidenza Figli page,03-OCT-24 02.57.30.719000 PM
13002832.0,HR/Normal user tries to update the answer,03-OCT-24 03.12.24.237000 PM
17098.0,Normal user enters the Provvidenza Figli page,03-OCT-24 03.04.37.380000 PM
5629.0,HR/Normal user tries to update the answer,03-OCT-24 03.09.40.401000 PM
,Dettaglio elenco Cedolini e CU disponibili al download,09-OCT-24 07.13.06.000000 PM
5404.0,Normal user tries to create new Provvidenza request for a child,03-OCT-24 03.18.11.492000 PM
5435.0,HR/Normal user tries to update the answer,03-OCT-24 03.17.44.196000 PM
5407.0,Normal user tries to create new Provvidenza request for a child,03-OCT-24 03.13.01.805000 PM
17167.0,Verifica possibilità di accesso a fondo pensione per Scelta Welfare,09-OCT-24 02.30.35.922000 PM
15319.0,HR/Normal user tries to update the answer,04-OCT-24 03.16.53.365000 PM
7398.0,HR/Normal user tries to update the answer,09-OCT-24 05.53.25.997000 PM
13002971.0,Verifica possibilità di accesso a fondo pensione per Scelta Welfare,30-OCT-24 01.20.41.061000 PM
,Download PDF dalla sezione Cedolini,24-OCT-24 10.11.20.002000 PM
9208.0,HR/Normal user tries to update the answer,03-OCT-24 02.43.49.345000 PM
5568.0,Normal user enters the Provvidenza Figli page,04-OCT-24 03.31.28.457000 PM
,Dettaglio elenco Cedolini e CU disponibili al download,21-OCT-24 08.50.00.337000 AM
,Download PDF dalla sezione Cedolini,29-OCT-24 11.18.00.926000 AM
,Dettaglio elenco Cedolini e CU disponibili al download,29-OCT-24 11.36.39.586000 AM
6167.0,HR/Normal user tries to update the answer,03-OCT-24 02.52.48.319000 PM
6990.0,HR/Normal user tries to update the answer,03-OCT-24 03.39.57.916000 PM
13001831.0,HR/Normal user tries to update the answer,21-OCT-24 08.50.58.528000 AM
,Download PDF dalla sezione Cedolini,29-OCT-24 11.31.47.917000 AM
5643.0,HR/Normal user tries to update the answer,03-OCT-24 02.51.33.584000 PM
,Download PDF dalla sezione Cedolini,31-OCT-24 06.09.38.858000 PM
6225.0,Normal user tries to create new Provvidenza request for a child,03-OCT-24 02.50.57.730000 PM
16074.0,HR/Normal user tries to update the answer,03-OCT-24 02.49.09.920000 PM
5327.0,Normal user tries to create new Provvidenza request for a child,11-OCT-24 10.20.45.192000 AM
,Dettaglio elenco Cedolini e CU disponibili al download,29-OCT-24 11.21.39.675000 AM
6366.0,HR/Normal user tries to update the answer,03-OCT-24 03.46.01.598000 PM
,Download PDF dalla sezione Cedolini,29-OCT-24 11.32.31.526000 AM
7355.0,Normal user enters the Provvidenza Figli page,03-OCT-24 03.09.48.769000 PM
5972.0,Normal user enters the Provvidenza Figli page,03-OCT-24 09.54.58.640000 PM
7448.0,HR/Normal user tries to update the answer,03-OCT-24 02.56.00.494000 PM
,Download PDF dalla sezione Cedolini,29-OCT-24 12.14.39.854000 PM
14619.0,HR/Normal user tries to update the answer,04-OCT-24 09.20.35.416000 PM
6509.0,Normal user enters the Provvidenza Figli page,03-OCT-24 03.56.07.648000 PM
6547.0,HR/Normal user tries to update the answer,03-OCT-24 03.23.28.030000 PM
13001109.0,Normal user enters the Provvidenza Figli page,03-OCT-24 10.12.44.224000 PM
5435.0,Normal user tries to create new Provvidenza request for a child,03-OCT-24 03.17.34.202000 PM
,Download PDF dalla sezione Cedolini,29-OCT-24 12.02.43.276000 PM
17365.0,Verifica possibilità di accesso a fondo pensione per Scelta Welfare,29-OCT-24 11.52.25.512000 AM
13001109.0,Normal user enters the Provvidenza Figli page,03-OCT-24 10.25.17.555000 PM
5339.0,HR/Normal user tries to update the answer,07-OCT-24 06.38.03.126000 PM
8320.0,HR/Normal user tries to update the answer,03-OCT-24 04.03.48.079000 PM
7442.0,Verifica possibilità di accesso a fondo pensione per Scelta Welfare,28-OCT-24 05.28.43.643000 PM
6037.0,HR/Normal user tries to update the answer,08-OCT-24 05.36.05.553000 PM
9238.0,HR/Normal user tries to update the answer,03-OCT-24 03.56.52.087000 PM
,Dettaglio elenco Cedolini e CU disponibili al download,31-OCT-24 10.17.16.661000 AM
,Dettaglio elenco Cedolini e CU disponibili al download,29-OCT-24 12.05.35.986000 PM
7684.0,Normal user enters the Provvidenza Figli page,21-OCT-24 08.56.25.153000 AM
13001109.0,Normal user assign new grade for the child while creating a request,03-OCT-24 10.10.52.142000 PM
,Dettaglio elenco Cedolini e CU disponibili al download,31-OCT-24 10.49.08.828000 AM
7442.0,Recupero dettagliutente per Scelta Welfare,28-OCT-24 05.28.43.184000 PM
,A valid user enters the MIFID page details of the user would be logged,31-OCT-24 10.32.52.515000 AM
13001109.0,Normal user enters the Provvidenza Figli page,03-OCT-24 10.26.00.734000 PM
18291.0,HR/Normal user tries to update the answer,09-OCT-24 06.40.43.466000 AM
13001109.0,Normal / HR user updates the answer,03-OCT-24 10.19.47.849000 PM
6665.0,HR/Normal user tries to update the answer,09-OCT-24 10.46.11.207000 AM
13002885.0,Recupero dettagli utente per invio adesione Fondo Nazionale,11-OCT-24 03.47.16.801000 PM
,Download PDF dalla sezione Cedolini,01-OCT-24 09.09.33.296000 AM
,Dettaglio elenco Cedolini e CU disponibili al download,10-OCT-24 10.37.16.239000 AM
,Dettaglio elenco Cedolini e CU disponibili al download,31-OCT-24 10.35.56.109000 AM
5182.0,Normal user update grade for a child,09-OCT-24 10.24.08.716000 AM
18000.0,Normal user enters the Provvidenza Figli page,09-OCT-24 10.48.53.322000 AM
,Download PDF dalla sezione Cedolini,01-OCT-24 09.08.03.202000 AM
5197.0,HR/Normal user tries to update the answer,03-OCT-24 04.27.18.331000 PM
5366.0,Normal user assign new grade for the child while creating a request,21-OCT-24 01.12.26.510000 PM
,Download PDF dalla sezione Cedolini,28-OCT-24 11.14.58.952000 AM
6641.0,HR/Normal user tries to update the answer,03-OCT-24 04.52.25.168000 PM
5297.0,Recupero dettagliutente per Scelta Welfare,24-OCT-24 08.10.36.486000 AM
5812.0,Normal user enters the Provvidenza Figli page,03-OCT-24 04.27.22.391000 PM
,Dettaglio elenco Cedolini e CU disponibili al download,28-OCT-24 11.31.45.876000 AM
,Dettaglio elenco Cedolini e CU disponibili al download,18-OCT-24 02.12.02.880000 PM
15635.0,Normal user enters the Provvidenza Figli page,03-OCT-24 04.20.46.932000 PM
8730.0,Normal user tries to create new Provvidenza request for a child,18-OCT-24 02.09.53.211000 PM
6358.0,HR/Normal user tries to update the answer,11-OCT-24 03.41.13.889000 PM
6513.0,Normal / HR user updates the answer,03-OCT-24 04.28.53.421000 PM
,Download PDF dalla sezione Cedolini,11-OCT-24 03.58.48.619000 PM
7147.0,HR/Normal user tries to update the answer,03-OCT-24 04.36.29.853000 PM
17124.0,Verifica possibilità di accesso a fondo pensione per Scelta Welfare,11-OCT-24 10.43.12.023000 AM
,Dettaglio elenco Cedolini e CU disponibili al download,03-OCT-24 04.26.06.193000 PM
,Download PDF dalla sezione Cedolini,24-OCT-24 02.33.01.012000 PM
5197.0,Normal user assign new grade for the child while creating a request,03-OCT-24 04.27.53.136000 PM
15635.0,Normal user enters the Provvidenza Figli page,03-OCT-24 04.19.52.253000 PM
6233.0,HR/Normal user tries to update the answer,03-OCT-24 04.25.32.614000 PM
5939.0,Normal user enters the Provvidenza Figli page,03-OCT-24 04.15.04.889000 PM
6641.0,Normal user assign new grade for the child while creating a request,03-OCT-24 04.52.04.854000 PM
15600.0,HR/Normal user tries to update the answer,03-OCT-24 10.08.25.125000 PM
13000649.0,Recupero dettagliutente per Scelta Welfare,11-OCT-24 11.13.30.082000 AM
8730.0,Normal user enters the Provvidenza Figli page,18-OCT-24 02.11.08.010000 PM
15635.0,Normal user enters the Provvidenza Figli page,03-OCT-24 04.20.34.921000 PM
8136.0,HR/Normal user tries to update the answer,03-OCT-24 04.35.22.843000 PM
7256.0,HR tried to update grade,03-OCT-24 05.00.21.368000 PM
7269.0,Normal / HR user updates the answer,03-OCT-24 04.19.59.809000 PM
15635.0,HR/Normal user tries to update the answer,03-OCT-24 04.20.16.506000 PM
7147.0,Normal user tries to create new Provvidenza request for a child,03-OCT-24 04.30.04.977000 PM
5879.0,HR/Normal user tries to update the answer,03-OCT-24 04.24.25.874000 PM
,Download PDF dalla sezione Cedolini,29-OCT-24 02.16.09.700000 PM
,Download PDF dalla sezione Cedolini,17-OCT-24 11.45.43.581000 AM
,Download PDF dalla sezione Cedolini,29-OCT-24 09.58.25.323000 PM
7361.0,Normal user assign new grade for the child while creating a request,16-OCT-24 11.55.05.408000 AM
6456.0,Normal user enters the Provvidenza Figli page,03-OCT-24 04.48.25.734000 PM
8136.0,HR/Normal user tries to update the answer,03-OCT-24 04.35.34.552000 PM
,Download PDF dalla sezione Cedolini,26-OCT-24 06.11.45.154000 PM
6233.0,Normal user tries to create new Provvidenza request for a child,03-OCT-24 04.24.33.575000 PM
5561.0,Normal user enters the Provvidenza Figli page,03-OCT-24 04.14.46.614000 PM
13002570.0,HR/Normal user tries to update the answer,17-OCT-24 12.28.09.076000 PM
,Download PDF dalla sezione Cedolini,23-OCT-24 01.40.40.389000 PM
6568.0,Download PDF dalla sezione Cedolini,29-OCT-24 02.03.45.450000 PM
,Dettaglio elenco Cedolini e CU disponibili al download,29-OCT-24 02.39.14.087000 PM
13002565.0,Recupero dettagliutente per Scelta Welfare,16-OCT-24 12.23.49.478000 PM
8098.0,HR/Normal user tries to update the answer,03-OCT-24 04.47.12.163000 PM
6925.0,HR/Normal user tries to update the answer,03-OCT-24 04.20.23.945000 PM
,Download PDF dalla sezione Cedolini,25-OCT-24 05.31.55.657000 PM
,Dettaglio elenco Cedolini e CU disponibili al download,25-OCT-24 06.00.26.649000 PM
,Download PDF dalla sezione Cedolini,16-OCT-24 12.23.52.453000 PM
13002570.0,HR/Normal user tries to update the answer,17-OCT-24 12.28.17.208000 PM
,Dettaglio elenco Cedolini e CU disponibili al download,15-OCT-24 10.38.37.720000 AM
6621.0,HR/Normal user tries to update the answer,03-OCT-24 04.23.28.511000 PM
,Download PDF dalla sezione Cedolini,25-OCT-24 05.34.41.849000 PM
,Download PDF dalla sezione Cedolini,24-OCT-24 11.49.28.631000 AM
,Download PDF dalla sezione Cedolini,26-OCT-24 06.11.31.567000 PM
,Dettaglio elenco Cedolini e CU disponibili al download,16-OCT-24 12.23.50.680000 PM
7361.0,HR/Normal user tries to update the answer,16-OCT-24 11.55.12.386000 AM
,Download PDF dalla sezione Cedolini,24-OCT-24 11.59.48.892000 AM
6233.0,Normal user tries to create new Provvidenza request for a child,03-OCT-24 04.25.21.145000 PM
6529.0,Normal user assign new grade for the child while creating a request,03-OCT-24 05.36.27.970000 PM
7361.0,HR/Normal user tries to update the answer,16-OCT-24 11.55.18.319000 AM
5601.0,Normal user assign new grade for the child while creating a request,03-OCT-24 05.20.17.708000 PM
5817.0,Normal user enters the Provvidenza Figli page,03-OCT-24 05.46.39.798000 PM
8969.0,HR/Normal user tries to update the answer,04-OCT-24 06.20.06.865000 PM
5817.0,HR/Normal user tries to update the answer,03-OCT-24 05.47.30.743000 PM
9966.0,Normal user enters the Provvidenza Figli page,03-OCT-24 05.43.30.550000 PM
6725.0,Normal user enters the Provvidenza Figli page,16-OCT-24 11.49.25.288000 AM
,Dettaglio elenco Cedolini e CU disponibili al download,04-OCT-24 06.52.06.706000 PM
6828.0,Normal user assign new grade for the child while creating a request,03-OCT-24 05.30.07.550000 PM
,Dettaglio elenco Cedolini e CU disponibili al download,24-OCT-24 11.51.17.117000 AM
6942.0,HR/Normal user tries to update the answer,15-OCT-24 11.17.11.444000 AM
6529.0,HR/Normal user tries to update the answer,03-OCT-24 05.36.53.743000 PM
5771.0,Normal user enters the Provvidenza Figli page,04-OCT-24 06.44.14.928000 PM
6855.0,HR/Normal user tries to update the answer,03-OCT-24 05.43.27.386000 PM
,Download PDF dalla sezione Cedolini,24-OCT-24 11.46.15.467000 AM
8264.0,HR/Normal user tries to update the answer,03-OCT-24 05.43.57.481000 PM
16940.0,HR/Normal user tries to update the answer,04-OCT-24 04.53.45.593000 PM
,Dettaglio elenco Cedolini e CU disponibili al download,25-OCT-24 06.03.29.316000 PM
,Download PDF dalla sezione Cedolini,17-OCT-24 11.51.43.012000 AM
7313.0,Normal user update grade for a child,08-OCT-24 08.53.04.680000 AM
8264.0,HR/Normal user tries to update the answer,03-OCT-24 05.43.40.725000 PM
13001490.0,Normal user enters the Provvidenza Figli page,04-OCT-24 05.24.55.941000 PM
,Download PDF dalla sezione Cedolini,25-OCT-24 06.55.42.651000 PM
6924.0,HR/Normal user tries to update the answer,08-OCT-24 05.09.59.680000 PM
,Dettaglio elenco Cedolini e CU disponibili al download,25-OCT-24 06.03.35.821000 PM
6316.0,HR/Normal user tries to update the answer,08-OCT-24 08.30.05.988000 AM
8264.0,Normal user enters the Provvidenza Figli page,03-OCT-24 05.42.50.873000 PM
13002975.0,Normal user enters the Provvidenza Figli page,22-OCT-24 08.34.04.042000 AM
13002975.0,HR/Normal user tries to update the answer,22-OCT-24 08.32.41.246000 AM
,Dettaglio elenco Cedolini e CU disponibili al download,24-OCT-24 11.47.29.258000 AM
6161.0,HR/Normal user tries to update the answer,04-OCT-24 05.27.29.016000 PM
5095.0,Normal user enters the Provvidenza Figli page,08-OCT-24 04.36.11.871000 PM
13002975.0,HR/Normal user tries to update the answer,22-OCT-24 08.34.27.042000 AM
13001490.0,HR/Normal user tries to update the answer,04-OCT-24 05.25.03.347000 PM
11253.0,HR/Normal user tries to update the answer,04-OCT-24 05.04.29.947000 PM
5979.0,Normal user enters the Provvidenza Figli page,03-OCT-24 05.41.53.263000 PM
7696.0,Normal user enters the Provvidenza Figli page,03-OCT-24 05.22.28.247000 PM
5188.0,Normal user update grade for a child,04-OCT-24 04.49.45.143000 PM
6396.0,Normal user enters the Provvidenza Figli page,08-OCT-24 08.39.41.911000 AM
5712.0,Normal user tries to create new Provvidenza request for a child,03-OCT-24 05.32.16.166000 PM
17880.0,Download PDF dalla sezione Cedolini,14-OCT-24 04.43.55.172000 PM
6713.0,HR/Normal user tries to update the answer,04-OCT-24 05.06.00.027000 PM
13002985.0,Normal user enters the Provvidenza Figli page,23-OCT-24 10.06.37.470000 AM
9223.0,Recupero dettagliutente per Scelta Welfare,28-OCT-24 04.18.06.853000 PM
,Download PDF dalla sezione Cedolini,15-OCT-24 08.46.25.409000 AM
,Download PDF dalla sezione Cedolini,28-OCT-24 04.13.24.038000 PM
,Download PDF dalla sezione Cedolini,23-OCT-24 10.34.08.894000 AM
7877.0,HR/Normal user tries to update the answer,04-OCT-24 05.10.11.053000 PM
,Download PDF dalla sezione Cedolini,23-OCT-24 10.32.04.487000 AM
,Download PDF dalla sezione Cedolini,28-OCT-24 04.15.56.014000 PM
,Download PDF dalla sezione Cedolini,28-OCT-24 04.17.43.667000 PM
,Dettaglio elenco Cedolini e CU disponibili al download,21-OCT-24 12.13.16.523000 PM
9826.0,Recupero dettagliutente per Scelta Welfare,28-OCT-24 04.14.39.656000 PM
,Dettaglio elenco Cedolini e CU disponibili al download,28-OCT-24 04.15.58.329000 PM
6316.0,Normal / HR user updates the answer,08-OCT-24 08.29.41.363000 AM
,Download PDF dalla sezione Cedolini,28-OCT-24 05.01.30.920000 PM
9785.0,Verifica possibilità di accesso a fondo pensione per Scelta Welfare,28-OCT-24 04.55.02.466000 PM
,Dettaglio elenco Cedolini e CU disponibili al download,28-OCT-24 05.09.23.173000 PM
,Download PDF dalla sezione Cedolini,23-OCT-24 10.36.33.122000 AM
,Download PDF dalla sezione Cedolini,28-OCT-24 04.16.56.820000 PM
,Download PDF dalla sezione Cedolini,28-OCT-24 04.13.41.760000 PM
,Download PDF dalla sezione Cedolini,23-OCT-24 10.32.53.966000 AM
,Dettaglio elenco Cedolini e CU disponibili al download,28-OCT-24 05.05.59.860000 PM
,Dettaglio elenco Cedolini e CU disponibili al download,28-OCT-24 04.24.44.872000 PM
9359.0,Verifica possibilità di accesso a fondo pensione per Scelta Welfare,28-OCT-24 04.21.14.733000 PM
6924.0,Normal / HR user updates the answer,08-OCT-24 05.10.05.913000 PM
7442.0,Dettaglio elenco Cedolini e CU disponibili al download,28-OCT-24 05.05.50.085000 PM
13000579.0,Verifica possibilità di accesso a fondo pensione per Scelta Welfare,28-OCT-24 04.14.31.780000 PM
13001785.0,Verifica possibilità di accesso a fondo pensione per Scelta Welfare,28-OCT-24 04.55.21.709000 PM
,Dettaglio elenco Cedolini e CU disponibili al download,15-OCT-24 12.44.09.944000 PM
6913.0,Dettaglio elenco Cedolini e CU disponibili al download,28-OCT-24 04.32.18.999000 PM
,Download PDF dalla sezione Cedolini,23-OCT-24 10.33.47.165000 AM
13001785.0,HR/Normal user tries to update the answer,28-OCT-24 04.56.49.221000 PM
13002843.0,Normal user enters the Provvidenza Figli page,30-OCT-24 03.37.02.002000 PM
,Download PDF dalla sezione Cedolini,28-OCT-24 04.38.54.057000 PM
16487.0,Recupero dettagliutente per Scelta Welfare,28-OCT-24 04.26.16.479000 PM
,Download PDF dalla sezione Cedolini,28-OCT-24 04.38.50.797000 PM
,Dettaglio elenco Cedolini e CU disponibili al download,04-OCT-24 05.24.50.608000 PM
9377.0,Dettaglio elenco Cedolini e CU disponibili al download,28-OCT-24 04.19.15.498000 PM
8126.0,Dettaglio elenco Cedolini e CU disponibili al download,29-OCT-24 01.41.31.052000 PM
,Download PDF dalla sezione Cedolini,25-OCT-24 11.47.19.522000 AM
,Dettaglio elenco Cedolini e CU disponibili al download,01-OCT-24 08.45.29.572000 AM
,Download PDF dalla sezione Cedolini,22-OCT-24 03.44.58.369000 PM
13001831.0,Normal user update grade for a child,21-OCT-24 08.50.40.185000 AM
,Dettaglio elenco Cedolini e CU disponibili al download,21-OCT-24 06.05.50.324000 PM
,Download PDF dalla sezione Cedolini,23-OCT-24 10.33.00.385000 AM
,Download PDF dalla sezione Cedolini,28-OCT-24 04.00.03.922000 PM
,Download PDF dalla sezione Cedolini,29-OCT-24 12.33.20.273000 PM
13000665.0,Verifica possibilità di accesso a fondo pensione per Scelta Welfare,28-OCT-24 04.59.22.837000 PM
13001785.0,Normal user enters the Provvidenza Figli page,28-OCT-24 04.57.39.259000 PM
5252.0,Dettaglio elenco Cedolini e CU disponibili al download,28-OCT-24 04.26.43.122000 PM
,Dettaglio elenco Cedolini e CU disponibili al download,29-OCT-24 01.12.16.753000 PM
19449.0,Dettaglio elenco Cedolini e CU disponibili al download,28-OCT-24 04.08.50.613000 PM
,Dettaglio elenco Cedolini e CU disponibili al download,25-OCT-24 11.59.24.754000 AM
,Dettaglio elenco Cedolini e CU disponibili al download,28-OCT-24 04.42.59.336000 PM
,Dettaglio elenco Cedolini e CU disponibili al download,28-OCT-24 04.21.14.793000 PM
,Download PDF dalla sezione Cedolini,28-OCT-24 04.31.44.574000 PM
15341.0,Verifica possibilità di accesso a fondo pensione per Scelta Welfare,28-OCT-24 04.42.42.552000 PM
,Download PDF dalla sezione Cedolini,28-OCT-24 04.33.37.174000 PM
13001831.0,Normal user enters the Provvidenza Figli page,21-OCT-24 08.51.58.701000 AM
,Download PDF dalla sezione Cedolini,25-OCT-24 12.41.16.624000 PM
6130.0,Dettaglio elenco Cedolini e CU disponibili al download,28-OCT-24 04.35.39.019000 PM
13002885.0,Recupero dettagliutente per Scelta Welfare,09-OCT-24 08.45.18.157000 AM
,Dettaglio elenco Cedolini e CU disponibili al download,22-OCT-24 04.51.57.540000 PM
8260.0,Recupero dettagliutente per Scelta Welfare,01-OCT-24 08.36.47.574000 AM
,Dettaglio elenco Cedolini e CU disponibili al download,25-OCT-24 11.47.13.800000 AM
19323.0,Dettaglio elenco Cedolini e CU disponibili al download,29-OCT-24 01.04.10.652000 PM
,Dettaglio elenco Cedolini e CU disponibili al download,01-OCT-24 09.39.46.089000 AM
,Dettaglio elenco Cedolini e CU disponibili al download,30-OCT-24 03.03.07.151000 PM
,Dettaglio elenco Cedolini e CU disponibili al download,03-OCT-24 12.04.58.894000 PM
7018.0,Dettaglio elenco Cedolini e CU disponibili al download,25-OCT-24 08.30.51.085000 AM
13001545.0,Recupero dettagliutente per Scelta Welfare,29-OCT-24 12.57.02.048000 PM
,Dettaglio elenco Cedolini e CU disponibili al download,25-OCT-24 08.30.07.348000 AM
,Dettaglio elenco Cedolini e CU disponibili al download,21-OCT-24 06.06.05.360000 PM
,Dettaglio elenco Cedolini e CU disponibili al download,25-OCT-24 08.47.15.637000 AM
,Dettaglio elenco Cedolini e CU disponibili al download,29-OCT-24 12.58.58.188000 PM
,Dettaglio elenco Cedolini e CU disponibili al download,21-OCT-24 09.19.26.632000 AM
,Download PDF dalla sezione Cedolini,21-OCT-24 08.50.04.105000 AM
6199.0,HR user tries to load Funzioni Batch,01-OCT-24 10.54.40.856000 AM
7852.0,Download PDF dalla sezione Cedolini,07-OCT-24 02.32.32.888000 PM
,Dettaglio elenco Cedolini e CU disponibili al download,14-OCT-24 03.39.09.597000 PM
5934.0,HR/Normal user tries to update the answer,07-OCT-24 02.11.39.327000 PM
13001313.0,Normal user enters the Provvidenza Figli page,25-OCT-24 09.15.45.709000 AM
7684.0,Normal user tries to create new Provvidenza request for a child,21-OCT-24 08.58.09.199000 AM
,Download PDF dalla sezione Cedolini,25-OCT-24 09.12.02.370000 AM
13002901.0,Recupero dettagliutente per Scelta Welfare,07-OCT-24 08.45.26.950000 PM
13002957.0,Verifica possibilità di accesso a fondo pensione per Scelta Welfare,25-OCT-24 08.52.14.973000 AM
15872.0,Normal user assign new grade for the child while creating a request,09-OCT-24 09.58.22.784000 AM
,Download PDF dalla sezione Cedolini,24-OCT-24 06.01.03.699000 PM
,Download PDF dalla sezione Cedolini,25-OCT-24 08.23.35.612000 AM
,Download PDF dalla sezione Cedolini,14-OCT-24 08.40.07.350000 AM
5944.0,HR user tries to load Funzioni Batch,17-OCT-24 01.08.32.301000 PM
7684.0,Verifica possibilità di accesso a fondo pensione per Scelta Welfare,21-OCT-24 09.00.18.632000 AM
7684.0,HR tried to update grade,21-OCT-24 08.57.18.505000 AM
5934.0,Normal user enters the Provvidenza Figli page,07-OCT-24 02.14.20.919000 PM
,Dettaglio elenco Cedolini e CU disponibili al download,30-OCT-24 03.26.55.314000 PM
,Dettaglio elenco Cedolini e CU disponibili al download,25-OCT-24 08.32.42.794000 AM
,Dettaglio elenco Cedolini e CU disponibili al download,21-OCT-24 02.52.02.093000 PM
,Dettaglio elenco Cedolini e CU disponibili al download,25-OCT-24 08.06.53.646000 AM
,Download PDF dalla sezione Cedolini,14-OCT-24 09.39.42.297000 AM
,Dettaglio elenco Cedolini e CU disponibili al download,25-OCT-24 09.03.17.625000 AM
7684.0,HR/Normal user tries to update the answer,21-OCT-24 08.58.13.735000 AM
13002843.0,HR/Normal user tries to update the answer,30-OCT-24 03.37.31.732000 PM
,Download PDF dalla sezione Cedolini,09-OCT-24 08.54.11.810000 AM
,Download PDF dalla sezione Cedolini,30-OCT-24 03.36.43.023000 PM
18291.0,HR tried to update grade,09-OCT-24 06.40.26.709000 AM
,Download PDF dalla sezione Cedolini,24-OCT-24 07.00.40.363000 PM
5809.0,HR/Normal user tries to update the answer,14-OCT-24 09.01.41.793000 AM
6815.0,HR/Normal user tries to update the answer,03-OCT-24 02.27.05.267000 PM
5834.0,HR/Normal user tries to update the answer,03-OCT-24 01.32.16.797000 PM
6047.0,HR/Normal user tries to update the answer,10-OCT-24 04.15.54.647000 PM
6692.0,HR/Normal user tries to update the answer,03-OCT-24 01.35.14.526000 PM
5409.0,Normal user enters the Provvidenza Figli page,03-OCT-24 02.00.05.978000 PM
7199.0,HR tried to update grade,03-OCT-24 01.29.18.786000 PM
7615.0,HR/Normal user tries to update the answer,03-OCT-24 01.24.46.615000 PM
6952.0,HR/Normal user tries to update the answer,03-OCT-24 02.07.02.868000 PM
6131.0,Normal user enters the Provvidenza Figli page,03-OCT-24 01.42.31.797000 PM
6870.0,Normal user tries to create new Provvidenza request for a child,03-OCT-24 01.25.05.058000 PM
,Dettaglio elenco Cedolini e CU disponibili al download,03-OCT-24 01.24.13.750000 PM
5753.0,HR/Normal user tries to update the answer,03-OCT-24 02.10.59.975000 PM
5227.0,HR/Normal user tries to update the answer,03-OCT-24 01.26.07.082000 PM
5227.0,Normal user assign new grade for the child while creating a request,03-OCT-24 01.25.37.570000 PM
7124.0,HR/Normal user tries to update the answer,03-OCT-24 01.23.23.706000 PM
17119.0,Normal user enters the Provvidenza Figli page,03-OCT-24 02.08.05.453000 PM
7718.0,Normal user enters the Provvidenza Figli page,03-OCT-24 02.09.45.819000 PM
5369.0,HR tried to update grade,03-OCT-24 01.56.19.025000 PM
6179.0,HR tried to update grade,03-OCT-24 01.23.06.972000 PM
6827.0,Recupero dettagli utente per Scelta orario di lavoro,03-OCT-24 02.07.40.583000 PM
7034.0,HR/Normal user tries to update the answer,03-OCT-24 02.09.24.258000 PM
6624.0,Normal user enters the Provvidenza Figli page,03-OCT-24 01.33.58.365000 PM
6925.0,Download PDF dalla sezione Cedolini,08-OCT-24 10.26.35.904000 AM
6692.0,HR/Normal user tries to update the answer,03-OCT-24 01.35.22.352000 PM
13002227.0,Verifica possibilità di accesso a fondo pensione per Scelta Welfare,07-OCT-24 02.56.40.255000 PM
5589.0,HR/Normal user tries to update the answer,03-OCT-24 02.29.00.967000 PM
6787.0,HR/Normal user tries to update the answer,03-OCT-24 01.44.34.443000 PM
6113.0,HR/Normal user tries to update the answer,03-OCT-24 02.25.18.537000 PM
5302.0,Normal user tries to create new Provvidenza request for a child,03-OCT-24 01.25.28.297000 PM
5736.0,Normal user enters the Provvidenza Figli page,03-OCT-24 02.26.27.674000 PM
7989.0,HR/Normal user tries to update the answer,03-OCT-24 02.26.30.439000 PM
18464.0,Recupero dettagli utente per Scelta orario di lavoro,14-OCT-24 08.58.57.335000 AM
5562.0,HR/Normal user tries to update the answer,03-OCT-24 01.25.58.273000 PM
6384.0,Recupero dettagli utente per invio adesione Fondo Nazionale,25-OCT-24 11.53.18.117000 AM
9774.0,HR/Normal user tries to update the answer,03-OCT-24 02.08.31.864000 PM
5847.0,HR/Normal user tries to update the answer,03-OCT-24 01.25.28.699000 PM
6199.0,HR user update the status from Back office,10-OCT-24 04.48.59.776000 PM
5955.0,Normal user enters the Provvidenza Figli page,03-OCT-24 01.37.08.812000 PM
6685.0,Normal / HR user updates the answer,03-OCT-24 02.14.54.642000 PM
,Dettaglio elenco Cedolini e CU disponibili al download,25-OCT-24 08.02.32.063000 AM
5589.0,Normal user assign new grade for the child while creating a request,03-OCT-24 02.28.53.686000 PM
7989.0,Normal user enters the Provvidenza Figli page,03-OCT-24 02.26.51.442000 PM
9846.0,HR/Normal user tries to update the answer,03-OCT-24 02.25.37.529000 PM
,Download PDF dalla sezione Cedolini,25-OCT-24 11.59.44.465000 AM
9774.0,HR/Normal user tries to update the answer,03-OCT-24 02.08.41.240000 PM
5978.0,Normal user tries to create new Provvidenza request for a child,03-OCT-24 02.07.26.864000 PM
6736.0,Normal / HR user updates the answer,03-OCT-24 02.07.13.446000 PM
9774.0,Normal user enters the Provvidenza Figli page,03-OCT-24 02.08.53.659000 PM
7200.0,HR/Normal user tries to update the answer,03-OCT-24 01.26.31.358000 PM
7926.0,Normal user tries to create new Provvidenza request for a child,03-OCT-24 02.34.59.983000 PM
6531.0,HR/Normal user tries to update the answer,03-OCT-24 02.34.49.106000 PM
,Download PDF dalla sezione Cedolini,25-OCT-24 11.18.54.328000 AM
7386.0,Normal user tries to create new Provvidenza request for a child,03-OCT-24 01.24.11.972000 PM
6926.0,Normal user tries to create new Provvidenza request for a child,03-OCT-24 01.49.42.434000 PM
7636.0,Normal user enters the Provvidenza Figli page,03-OCT-24 01.22.48.470000 PM
,Download PDF dalla sezione Cedolini,24-OCT-24 06.16.31.447000 PM
13002975.0,Verifica possibilità di accesso a fondo pensione per Scelta Welfare,17-OCT-24 08.09.24.143000 AM
5875.0,HR/Normal user tries to update the answer,03-OCT-24 01.47.26.792000 PM
6806.0,HR/Normal user tries to update the answer,03-OCT-24 01.27.19.507000 PM
7283.0,Normal user enters the Provvidenza Figli page,03-OCT-24 01.31.06.658000 PM
6131.0,Normal user update grade for a child,03-OCT-24 01.42.23.939000 PM
13002733.0,HR/Normal user tries to update the answer,03-OCT-24 02.31.27.350000 PM
5481.0,Normal user enters the Provvidenza Figli page,03-OCT-24 02.26.01.277000 PM
,Dettaglio elenco Cedolini e CU disponibili al download,14-OCT-24 09.40.10.145000 AM
5527.0,Normal user enters the Provvidenza Figli page,08-OCT-24 10.07.51.594000 AM
6113.0,Normal user tries to create new Provvidenza request for a child,03-OCT-24 02.25.09.979000 PM
7636.0,HR/Normal user tries to update the answer,03-OCT-24 01.23.04.078000 PM
13001767.0,Normal user assign new grade for the child while creating a request,03-OCT-24 01.29.50.044000 PM
7487.0,HR/Normal user tries to update the answer,03-OCT-24 01.27.48.892000 PM
16786.0,Dettaglio elenco Cedolini e CU disponibili al download,25-OCT-24 11.23.46.658000 AM
15870.0,Normal user enters the Provvidenza Figli page,03-OCT-24 01.26.23.372000 PM
9473.0,Normal user enters the Provvidenza Figli page,03-OCT-24 01.24.49.764000 PM
9543.0,Recupero dettagliutente per Scelta Welfare,03-OCT-24 01.41.34.204000 PM
5994.0,Normal user assign new grade for the child while creating a request,03-OCT-24 01.44.56.611000 PM
5875.0,HR/Normal user tries to update the answer,03-OCT-24 01.45.35.371000 PM
6823.0,HR/Normal user tries to update the answer,03-OCT-24 02.27.52.400000 PM
16895.0,HR/Normal user tries to update the answer,03-OCT-24 01.23.26.734000 PM
7040.0,Normal / HR user updates the answer,03-OCT-24 02.06.29.900000 PM
,Download PDF dalla sezione Cedolini,25-OCT-24 12.43.15.694000 PM
8399.0,Normal user enters the Provvidenza Figli page,03-OCT-24 02.36.26.845000 PM
5854.0,Normal user enters the Provvidenza Figli page,03-OCT-24 01.32.12.988000 PM
7002.0,Normal user tries to create new Provvidenza request for a child,03-OCT-24 01.31.14.362000 PM
5227.0,HR/Normal user tries to update the answer,03-OCT-24 01.26.00.233000 PM
6527.0,HR/Normal user tries to update the answer,03-OCT-24 02.10.49.283000 PM
,Dettaglio elenco Cedolini e CU disponibili al download,25-OCT-24 11.48.33.420000 AM
,Download PDF dalla sezione Cedolini,24-OCT-24 07.03.50.232000 PM
13000322.0,HR/Normal user tries to update the answer,03-OCT-24 01.42.57.632000 PM
,Dettaglio elenco Cedolini e CU disponibili al download,25-OCT-24 11.53.22.715000 AM
6182.0,Dettaglio elenco Cedolini e CU disponibili al download,03-OCT-24 01.25.01.350000 PM
17626.0,Dettaglio elenco Cedolini e CU disponibili al download,25-OCT-24 11.56.36.520000 AM
7926.0,HR/Normal user tries to update the answer,03-OCT-24 02.36.04.402000 PM
5336.0,Normal user assign new grade for the child while creating a request,03-OCT-24 02.35.41.209000 PM
6135.0,Normal user enters the Provvidenza Figli page,03-OCT-24 02.32.36.192000 PM
13001862.0,Normal user tries to create new Provvidenza request for a child,03-OCT-24 01.34.22.558000 PM
6367.0,HR/Normal user tries to update the answer,03-OCT-24 01.24.12.836000 PM
6367.0,Normal user assign new grade for the child while creating a request,03-OCT-24 01.23.17.014000 PM
5721.0,Dettaglio elenco Cedolini e CU disponibili al download,03-OCT-24 01.23.06.755000 PM
8042.0,HR tried to update grade,03-OCT-24 01.32.17.563000 PM
7185.0,HR/Normal user tries to update the answer,03-OCT-24 02.28.41.979000 PM
7989.0,HR/Normal user tries to update the answer,03-OCT-24 02.29.13.899000 PM
6811.0,Normal user enters the Provvidenza Figli page,03-OCT-24 01.23.23.892000 PM
6554.0,HR/Normal user tries to update the answer,03-OCT-24 02.05.45.920000 PM
6531.0,Normal user tries to create new Provvidenza request for a child,03-OCT-24 02.32.58.691000 PM
6998.0,Normal user enters the Provvidenza Figli page,03-OCT-24 02.02.16.989000 PM
6685.0,HR/Normal user tries to update the answer,03-OCT-24 02.13.50.495000 PM
7237.0,Normal user assign new grade for the child while creating a request,03-OCT-24 01.46.37.576000 PM
6393.0,HR/Normal user tries to update the answer,03-OCT-24 01.57.10.748000 PM
7949.0,Normal user tries to create new Provvidenza request for a child,03-OCT-24 01.34.04.405000 PM
5561.0,HR/Normal user tries to update the answer,03-OCT-24 04.14.08.450000 PM
8287.0,HR/Normal user tries to update the answer,03-OCT-24 02.33.15.646000 PM
7123.0,Normal user enters the Provvidenza Figli page,03-OCT-24 01.51.11.513000 PM
6794.0,HR/Normal user tries to update the answer,03-OCT-24 01.47.13.837000 PM
6531.0,Normal user enters the Provvidenza Figli page,03-OCT-24 02.34.17.219000 PM
6827.0,Verifica possibilità di accesso a fondo pensione per Scelta Welfare,03-OCT-24 02.07.11.178000 PM
6817.0,HR/Normal user tries to update the answer,03-OCT-24 02.05.09.178000 PM
7499.0,HR/Normal user tries to update the answer,03-OCT-24 02.34.34.778000 PM
6199.0,Normal user enters the Provvidenza Figli page,08-OCT-24 10.00.24.721000 AM
5320.0,Normal user enters the Provvidenza Figli page,03-OCT-24 02.37.29.149000 PM
6827.0,HR tried to update grade,03-OCT-24 01.55.18.294000 PM
6243.0,Dettaglio elenco Cedolini e CU disponibili al download,03-OCT-24 02.14.20.325000 PM
7331.0,HR tried to update grade,03-OCT-24 02.05.49.712000 PM
6380.0,Normal user enters the Provvidenza Figli page,03-OCT-24 02.04.59.931000 PM
6817.0,Normal user enters the Provvidenza Figli page,03-OCT-24 02.04.52.546000 PM
5616.0,HR/Normal user tries to update the answer,03-OCT-24 02.33.59.331000 PM
6645.0,HR tried to update grade,03-OCT-24 02.28.49.149000 PM
6970.0,HR/Normal user tries to update the answer,03-OCT-24 02.23.23.890000 PM
5884.0,Verifica possibilità di accesso a fondo pensione per Scelta Welfare,03-OCT-24 01.50.14.413000 PM
,Download PDF dalla sezione Cedolini,17-OCT-24 05.48.26.390000 PM
,Download PDF dalla sezione Cedolini,25-OCT-24 08.25.05.161000 AM
5821.0,HR/Normal user tries to update the answer,03-OCT-24 02.30.50.412000 PM
7606.0,HR/Normal user tries to update the answer,03-OCT-24 01.27.39.268000 PM
11399.0,Normal user assign new grade for the child while creating a request,03-OCT-24 02.20.40.876000 PM
6817.0,HR/Normal user tries to update the answer,03-OCT-24 02.05.06.960000 PM
6528.0,Normal user tries to create new Provvidenza request for a child,03-OCT-24 02.30.16.297000 PM
7600.0,HR/Normal user tries to update the answer,03-OCT-24 01.48.14.990000 PM
7637.0,Normal / HR user updates the answer,03-OCT-24 01.25.27.868000 PM
5484.0,HR/Normal user tries to update the answer,03-OCT-24 02.22.41.196000 PM
5740.0,Normal user enters the Provvidenza Figli page,03-OCT-24 02.05.50.600000 PM
,Dettaglio elenco Cedolini e CU disponibili al download,08-OCT-24 10.31.05.928000 AM
7499.0,Normal user enters the Provvidenza Figli page,03-OCT-24 02.36.19.867000 PM
8091.0,HR/Normal user tries to update the answer,03-OCT-24 02.30.47.895000 PM
17474.0,Normal user enters the Provvidenza Figli page,03-OCT-24 02.30.13.383000 PM
8091.0,HR/Normal user tries to update the answer,03-OCT-24 02.30.51.856000 PM
13001053.0,HR tried to update grade,03-OCT-24 01.42.58.418000 PM
5589.0,Normal user tries to create new Provvidenza request for a child,03-OCT-24 02.28.53.595000 PM
6926.0,Normal user enters the Provvidenza Figli page,03-OCT-24 01.50.51.157000 PM
7123.0,HR/Normal user tries to update the answer,03-OCT-24 01.55.55.865000 PM
5978.0,HR/Normal user tries to update the answer,03-OCT-24 02.08.36.701000 PM
6787.0,Normal user enters the Provvidenza Figli page,03-OCT-24 01.44.23.516000 PM
5994.0,Normal user tries to create new Provvidenza request for a child,03-OCT-24 01.44.56.528000 PM
6926.0,Normal user enters the Provvidenza Figli page,03-OCT-24 01.50.21.832000 PM
6881.0,HR/Normal user tries to update the answer,03-OCT-24 01.56.11.338000 PM
5788.0,HR/Normal user tries to update the answer,03-OCT-24 01.38.52.555000 PM
7989.0,Normal user update grade for a child,03-OCT-24 02.28.30.843000 PM
6238.0,Normal user enters the Provvidenza Figli page,03-OCT-24 02.09.23.464000 PM
7989.0,Normal user enters the Provvidenza Figli page,03-OCT-24 02.29.31.051000 PM
6553.0,Normal user enters the Provvidenza Figli page,03-OCT-24 02.36.21.432000 PM
7018.0,HR/Normal user tries to update the answer,03-OCT-24 02.10.37.135000 PM
6226.0,Normal user assign new grade for the child while creating a request,03-OCT-24 02.36.42.705000 PM
13001862.0,Normal user enters the Provvidenza Figli page,03-OCT-24 01.48.43.022000 PM
17324.0,HR/Normal user tries to update the answer,03-OCT-24 02.14.52.511000 PM
17474.0,Normal user enters the Provvidenza Figli page,03-OCT-24 02.26.12.483000 PM
7726.0,Normal user enters the Provvidenza Figli page,03-OCT-24 04.42.23.295000 PM
6624.0,HR/Normal user tries to update the answer,03-OCT-24 01.33.36.276000 PM
7782.0,Normal user enters the Provvidenza Figli page,03-OCT-24 02.12.51.679000 PM
6006.0,Normal user enters the Provvidenza Figli page,03-OCT-24 01.44.35.693000 PM
5978.0,HR/Normal user tries to update the answer,03-OCT-24 02.07.44.589000 PM
5366.0,HR/Normal user tries to update the answer,21-OCT-24 01.13.06.923000 PM
5705.0,Dettaglio elenco Cedolini e CU disponibili al download,08-OCT-24 10.25.42.418000 AM
,Dettaglio elenco Cedolini e CU disponibili al download,15-OCT-24 11.32.54.204000 AM
6006.0,HR/Normal user tries to update the answer,03-OCT-24 01.46.44.536000 PM
6389.0,Normal user enters the Provvidenza Figli page,08-OCT-24 10.38.09.400000 AM
8516.0,HR/Normal user tries to update the answer,03-OCT-24 02.23.14.470000 PM
5657.0,HR/Normal user tries to update the answer,03-OCT-24 02.20.56.875000 PM
6763.0,HR/Normal user tries to update the answer,03-OCT-24 01.26.33.077000 PM
6450.0,HR/Normal user tries to update the answer,03-OCT-24 01.28.16.083000 PM
7283.0,Normal user update grade for a child,03-OCT-24 01.30.22.090000 PM
9846.0,Normal user enters the Provvidenza Figli page,03-OCT-24 02.26.23.283000 PM
7743.0,HR/Normal user tries to update the answer,08-OCT-24 10.33.48.817000 AM
9223.0,Dettaglio elenco Cedolini e CU disponibili al download,03-OCT-24 02.08.38.530000 PM
7926.0,HR/Normal user tries to update the answer,03-OCT-24 02.35.29.988000 PM
6531.0,Normal / HR user updates the answer,03-OCT-24 02.34.56.898000 PM
5764.0,HR/Normal user tries to update the answer,03-OCT-24 01.57.35.055000 PM
5185.0,Normal user enters the Provvidenza Figli page,03-OCT-24 02.21.17.287000 PM
7111.0,Normal user enters the Provvidenza Figli page,03-OCT-24 02.31.03.075000 PM
5840.0,HR/Normal user tries to update the answer,03-OCT-24 02.14.36.704000 PM
8274.0,HR/Normal user tries to update the answer,03-OCT-24 02.15.26.613000 PM
6870.0,HR/Normal user tries to update the answer,03-OCT-24 01.25.13.592000 PM
7752.0,Normal user enters the Provvidenza Figli page,03-OCT-24 01.23.31.209000 PM
6787.0,Normal user enters the Provvidenza Figli page,03-OCT-24 01.45.00.881000 PM
5682.0,HR/Normal user tries to update the answer,10-OCT-24 09.35.52.963000 PM
6135.0,Normal user enters the Provvidenza Figli page,03-OCT-24 02.33.42.821000 PM
8826.0,Normal user tries to create new Provvidenza request for a child,03-OCT-24 01.29.49.271000 PM
7002.0,HR/Normal user tries to update the answer,03-OCT-24 01.32.24.344000 PM
7256.0,Normal user assign new grade for the child while creating a request,03-OCT-24 05.03.04.004000 PM
7782.0,HR/Normal user tries to update the answer,03-OCT-24 02.15.02.829000 PM
5607.0,Normal user tries to create new Provvidenza request for a child,08-OCT-24 10.08.42.791000 AM
7662.0,Verifica possibilità di accesso a fondo pensione per Scelta Welfare,03-OCT-24 02.02.08.763000 PM
5755.0,HR/Normal user tries to update the answer,03-OCT-24 01.29.18.478000 PM
5589.0,HR/Normal user tries to update the answer,03-OCT-24 02.28.56.854000 PM
9846.0,Normal user tries to create new Provvidenza request for a child,03-OCT-24 02.25.22.433000 PM
5994.0,Normal user enters the Provvidenza Figli page,03-OCT-24 01.41.07.399000 PM
5725.0,Normal user update grade for a child,03-OCT-24 02.01.36.328000 PM
7539.0,Normal user assign new grade for the child while creating a request,03-OCT-24 01.47.55.501000 PM
6528.0,HR/Normal user tries to update the answer,03-OCT-24 02.31.43.098000 PM
6531.0,Normal user enters the Provvidenza Figli page,03-OCT-24 02.32.43.384000 PM
13002733.0,Normal / HR user updates the answer,03-OCT-24 02.31.47.160000 PM
7116.0,HR/Normal user tries to update the answer,03-OCT-24 01.22.52.067000 PM
7040.0,Normal user enters the Provvidenza Figli page,03-OCT-24 02.04.31.572000 PM
5843.0,Normal user tries to create new Provvidenza request for a child,08-OCT-24 03.02.39.728000 PM
,Download PDF dalla sezione Cedolini,02-OCT-24 05.54.09.074000 PM
6071.0,HR/Normal user tries to update the answer,03-OCT-24 05.18.21.126000 PM
5843.0,HR/Normal user tries to update the answer,08-OCT-24 03.02.32.716000 PM
5843.0,Normal user update grade for a child,08-OCT-24 03.03.11.450000 PM
5622.0,HR/Normal user tries to update the answer,17-OCT-24 08.11.16.181000 AM
6024.0,Normal user enters the Provvidenza Figli page,08-OCT-24 10.05.49.453000 AM
,Download PDF dalla sezione Cedolini,17-OCT-24 05.48.25.366000 PM
8730.0,Normal user tries to create new Provvidenza request for a child,18-OCT-24 02.10.43.529000 PM
7718.0,HR tried to update grade,03-OCT-24 02.12.45.596000 PM
8287.0,Normal user tries to create new Provvidenza request for a child,03-OCT-24 02.32.39.675000 PM
5619.0,Normal user assign new grade for the child while creating a request,03-OCT-24 02.25.12.311000 PM
5600.0,Normal user assign new grade for the child while creating a request,03-OCT-24 02.37.33.822000 PM
5725.0,Normal user assign new grade for the child while creating a request,03-OCT-24 02.02.07.553000 PM
17917.0,HR user tries to load Funzioni Batch,17-OCT-24 06.09.55.112000 PM
6787.0,Normal user assign new grade for the child while creating a request,03-OCT-24 01.44.26.589000 PM
16429.0,Dettaglio elenco Cedolini e CU disponibili al download,03-OCT-24 04.41.08.118000 PM
11253.0,Normal user enters the Provvidenza Figli page,08-OCT-24 02.38.27.776000 PM
6970.0,Verifica possibilità di accesso a fondo pensione per Scelta Welfare,03-OCT-24 02.32.52.530000 PM
6970.0,HR/Normal user tries to update the answer,03-OCT-24 02.23.08.281000 PM
18173.0,HR/Normal user tries to update the answer,12-OCT-24 10.05.15.127000 AM
17151.0,HR/Normal user tries to update the answer,11-OCT-24 06.11.05.746000 PM
13002840.0,HR tried to update grade,08-OCT-24 03.02.43.149000 PM
,Download PDF dalla sezione Cedolini,22-OCT-24 01.51.16.362000 PM
13002840.0,HR/Normal user tries to update the answer,08-OCT-24 03.02.46.271000 PM
6887.0,HR/Normal user tries to update the answer,08-OCT-24 02.58.23.669000 PM
5682.0,HR/Normal user tries to update the answer,10-OCT-24 09.35.49.265000 PM
,Download PDF dalla sezione Cedolini,11-OCT-24 07.05.37.052000 PM
5366.0,Normal user enters the Provvidenza Figli page,21-OCT-24 01.13.10.601000 PM
5891.0,Normal user enters the Provvidenza Figli page,03-OCT-24 01.25.35.085000 PM
13001727.0,Normal user enters the Provvidenza Figli page,04-OCT-24 11.39.16.909000 AM
5448.0,Normal user assign new grade for the child while creating a request,09-OCT-24 08.40.41.893000 AM
7371.0,Normal user enters the Provvidenza Figli page,18-OCT-24 03.19.22.822000 PM
5222.0,Normal user assign new grade for the child while creating a request,22-OCT-24 06.04.55.718000 AM
5504.0,Normal user enters the Provvidenza Figli page,08-OCT-24 07.29.15.005000 AM
5884.0,HR/Normal user tries to update the answer,03-OCT-24 01.51.59.451000 PM
7492.0,Normal user assign new grade for the child while creating a request,08-OCT-24 11.02.18.116000 AM
5255.0,HR/Normal user tries to update the answer,03-OCT-24 01.26.32.477000 PM
9407.0,Normal user tries to create new Provvidenza request for a child,03-OCT-24 01.35.22.284000 PM
5494.0,Normal user tries to create new Provvidenza request for a child,03-OCT-24 05.17.16.238000 PM
9049.0,Normal user enters the Provvidenza Figli page,09-OCT-24 09.21.42.270000 AM
7091.0,Normal user enters the Provvidenza Figli page,03-OCT-24 05.17.39.558000 PM
6394.0,HR/Normal user tries to update the answer,08-OCT-24 03.42.13.372000 PM
9049.0,HR/Normal user tries to update the answer,09-OCT-24 09.22.04.721000 AM
13001546.0,Recupero dettagliutente per Scelta Welfare,24-OCT-24 02.03.25.784000 PM
17521.0,Recupero dettagli utente per Scelta orario di lavoro,28-OCT-24 11.31.15.396000 AM
6763.0,Normal user enters the Provvidenza Figli page,03-OCT-24 01.26.06.736000 PM
,Download PDF dalla sezione Cedolini,02-OCT-24 05.58.00.085000 PM
,Dettaglio elenco Cedolini e CU disponibili al download,09-OCT-24 09.12.00.448000 AM
7116.0,Normal user enters the Provvidenza Figli page,03-OCT-24 01.23.33.312000 PM
6088.0,HR/Normal user tries to update the answer,03-OCT-24 01.18.17.467000 PM
5219.0,HR/Normal user tries to update the answer,03-OCT-24 01.18.22.822000 PM
6852.0,Normal user assign new grade for the child while creating a request,03-OCT-24 01.17.42.745000 PM
18705.0,Normal user enters the Provvidenza Figli page,03-OCT-24 01.17.41.595000 PM
,Dettaglio elenco Cedolini e CU disponibili al download,19-OCT-24 06.32.58.970000 PM
13001767.0,Normal user enters the Provvidenza Figli page,03-OCT-24 01.31.19.265000 PM
6882.0,HR/Normal user tries to update the answer,03-OCT-24 01.20.46.869000 PM
17987.0,A valid user enters the MIFID page details of the user would be logged,09-OCT-24 09.23.05.733000 AM
6199.0,Normal user enters the Provvidenza Figli page,09-OCT-24 03.13.34.522000 PM
,Download PDF dalla sezione Cedolini,01-OCT-24 09.41.20.761000 AM
,Download PDF dalla sezione Cedolini,08-OCT-24 11.45.56.914000 AM
6059.0,HR/Normal user tries to update the answer,03-OCT-24 01.21.31.986000 PM
,Dettaglio elenco Cedolini e CU disponibili al download,03-OCT-24 01.22.01.112000 PM
6374.0,HR/Normal user tries to update the answer,08-OCT-24 11.34.54.478000 AM
,Dettaglio elenco Cedolini e CU disponibili al download,03-OCT-24 01.32.45.568000 PM
,Dettaglio elenco Cedolini e CU disponibili al download,09-OCT-24 08.39.09.216000 AM
8192.0,Normal user enters the Provvidenza Figli page,03-OCT-24 01.16.52.230000 PM
6071.0,HR/Normal user tries to update the answer,03-OCT-24 05.18.07.883000 PM
13001303.0,Normal user enters the Provvidenza Figli page,08-OCT-24 11.18.11.645000 AM
6881.0,Normal user enters the Provvidenza Figli page,02-OCT-24 02.44.50.650000 PM
6130.0,Dettaglio elenco Cedolini e CU disponibili al download,08-OCT-24 11.37.01.774000 AM
,Dettaglio elenco Cedolini e CU disponibili al download,02-OCT-24 02.44.42.910000 PM
16672.0,Normal user enters the Provvidenza Figli page,09-OCT-24 03.27.03.686000 PM
13001490.0,Normal user assign new grade for the child while creating a request,04-OCT-24 05.24.58.444000 PM
6188.0,HR/Normal user tries to update the answer,04-OCT-24 05.21.43.433000 PM
9438.0,Normal user enters the Provvidenza Figli page,08-OCT-24 10.59.13.911000 AM
6733.0,Normal user update grade for a child,09-OCT-24 03.29.47.582000 PM
6385.0,Normal user assign new grade for the child while creating a request,29-OCT-24 11.38.05.350000 AM
6545.0,Verifica possibilità di accesso a fondo pensione per Scelta Welfare,29-OCT-24 11.31.04.467000 AM
17365.0,Recupero dettagliutente per Scelta Welfare,29-OCT-24 11.47.06.178000 AM
6188.0,HR/Normal user tries to update the answer,04-OCT-24 05.21.37.281000 PM
6161.0,HR/Normal user tries to update the answer,04-OCT-24 05.27.30.616000 PM
,Download PDF dalla sezione Cedolini,29-OCT-24 11.05.10.545000 AM
6422.0,HR/Normal user tries to update the answer,09-OCT-24 04.24.24.788000 PM
18019.0,Recupero dettagliutente per Scelta Welfare,29-OCT-24 11.32.59.728000 AM
16672.0,Recupero dettagliutente per Scelta Welfare,09-OCT-24 03.19.20.264000 PM
11253.0,HR/Normal user tries to update the answer,04-OCT-24 05.04.47.325000 PM
8324.0,Dettaglio elenco Cedolini e CU disponibili al download,02-OCT-24 03.06.54.090000 PM
8324.0,Download PDF dalla sezione Cedolini,02-OCT-24 07.27.56.638000 PM
,Dettaglio elenco Cedolini e CU disponibili al download,24-OCT-24 04.58.34.158000 PM
6713.0,Normal user assign new grade for the child while creating a request,04-OCT-24 05.05.53.044000 PM
,Dettaglio elenco Cedolini e CU disponibili al download,07-OCT-24 03.58.56.760000 PM
,Download PDF dalla sezione Cedolini,29-OCT-24 11.41.34.791000 AM
5445.0,Normal user update grade for a child,09-OCT-24 03.24.55.015000 PM
,Dettaglio elenco Cedolini e CU disponibili al download,29-OCT-24 11.41.53.243000 AM
11253.0,HR/Normal user tries to update the answer,04-OCT-24 05.04.32.521000 PM
,Download PDF dalla sezione Cedolini,29-OCT-24 11.36.52.871000 AM
5450.0,Normal / HR user updates the answer,07-OCT-24 04.19.16.142000 PM
7816.0,Verifica possibilità di accesso a fondo pensione per Scelta Welfare,02-OCT-24 03.14.46.676000 PM
6169.0,HR/Normal user tries to update the answer,04-OCT-24 05.46.57.778000 PM
7142.0,HR/Normal user tries to update the answer,08-OCT-24 08.51.32.056000 PM
6422.0,HR/Normal user tries to update the answer,09-OCT-24 04.24.27.292000 PM
13002582.0,Verifica possibilità di accesso a fondo pensione per Scelta Welfare,30-OCT-24 11.31.16.698000 AM
18260.0,HR/Normal user tries to update the answer,04-OCT-24 05.50.22.861000 PM
5272.0,Normal user enters the Provvidenza Figli page,07-OCT-24 04.23.12.569000 PM
7877.0,Dettaglio elenco Cedolini e CU disponibili al download,04-OCT-24 05.11.26.037000 PM
13001658.0,Verifica possibilità di accesso a fondo pensione per Scelta Welfare,30-OCT-24 11.53.20.759000 AM
,Dettaglio elenco Cedolini e CU disponibili al download,24-OCT-24 09.00.12.487000 PM
6841.0,HR/Normal user tries to update the answer,03-OCT-24 06.35.40.911000 PM
5495.0,HR/Normal user tries to update the answer,04-OCT-24 12.29.10.766000 PM
7044.0,Normal user assign new grade for the child while creating a request,03-OCT-24 07.36.17.796000 PM
6229.0,HR/Normal user tries to update the answer,08-OCT-24 09.28.05.301000 AM
5432.0,HR/Normal user tries to update the answer,11-OCT-24 08.35.00.735000 AM
13002733.0,Normal user enters the Provvidenza Figli page,02-OCT-24 09.04.48.921000 AM
6188.0,Normal user tries to create new Provvidenza request for a child,04-OCT-24 05.21.25.208000 PM
6169.0,HR/Normal user tries to update the answer,04-OCT-24 05.47.07.322000 PM
5450.0,Normal user enters the Provvidenza Figli page,07-OCT-24 04.33.14.853000 PM
,Dettaglio elenco Cedolini e CU disponibili al download,29-OCT-24 03.38.09.995000 PM
,Accesso alle funzionalità BackOffice di Cedolini e CU per dettaglio PDF caricati per società,24-OCT-24 05.03.30.905000 PM
6484.0,Normal user assign new grade for the child while creating a request,08-OCT-24 08.12.54.032000 PM
5137.0,Normal user enters the Provvidenza Figli page,11-OCT-24 09.03.00.532000 AM
14621.0,Normal user assign new grade for the child while creating a request,04-OCT-24 12.30.37.047000 PM
7256.0,HR tried to update grade,03-OCT-24 05.03.08.015000 PM
7256.0,HR/Normal user tries to update the answer,03-OCT-24 05.02.04.939000 PM
6558.0,HR tried to update grade,03-OCT-24 05.10.17.925000 PM
7703.0,HR/Normal user tries to update the answer,04-OCT-24 12.42.52.063000 PM
,Download PDF dalla sezione Cedolini,24-OCT-24 05.12.34.353000 PM
6817.0,Verifica possibilità di accesso a fondo pensione per Scelta Welfare,29-OCT-24 02.58.49.232000 PM
16786.0,Dettaglio elenco Cedolini e CU disponibili al download,11-OCT-24 08.51.27.272000 AM
,Dettaglio elenco Cedolini e CU disponibili al download,03-OCT-24 05.10.28.373000 PM
7998.0,Normal user enters the Provvidenza Figli page,03-OCT-24 05.05.33.266000 PM
5450.0,Normal / HR user updates the answer,07-OCT-24 04.18.55.971000 PM
,Download PDF dalla sezione Cedolini,15-OCT-24 03.14.28.896000 PM
,Download PDF dalla sezione Cedolini,29-OCT-24 03.40.40.319000 PM
,Download PDF dalla sezione Cedolini,24-OCT-24 05.12.39.135000 PM
7325.0,HR/Normal user tries to update the answer,04-OCT-24 01.03.48.994000 PM
5681.0,HR/Normal user tries to update the answer,03-OCT-24 07.02.18.326000 PM
7311.0,Normal user enters the Provvidenza Figli page,03-OCT-24 07.14.12.687000 PM
7256.0,HR/Normal user tries to update the answer,03-OCT-24 05.02.47.729000 PM
6181.0,HR/Normal user tries to update the answer,11-OCT-24 12.24.28.413000 PM
6479.0,HR/Normal user tries to update the answer,11-OCT-24 09.14.35.092000 AM
6037.0,Normal user enters the Provvidenza Figli page,08-OCT-24 06.01.30.810000 PM
,Download PDF dalla sezione Cedolini,29-OCT-24 02.53.08.113000 PM
,Download PDF dalla sezione Cedolini,28-OCT-24 02.14.44.772000 PM
5781.0,HR/Normal user tries to update the answer,04-OCT-24 01.10.43.867000 PM
,Download PDF dalla sezione Cedolini,04-OCT-24 12.51.51.324000 PM
7314.0,Normal / HR user updates the answer,10-OCT-24 08.52.56.957000 AM
,Dettaglio elenco Cedolini e CU disponibili al download,17-OCT-24 02.50.12.178000 PM
6199.0,Normal user enters the Provvidenza Figli page,10-OCT-24 08.11.52.648000 AM
,Download PDF dalla sezione Cedolini,10-OCT-24 09.06.22.517000 AM
,Dettaglio elenco Cedolini e CU disponibili al download,30-OCT-24 02.19.07.924000 PM
6340.0,HR/Normal user tries to update the answer,03-OCT-24 02.55.07.783000 PM
13002974.0,Recupero dettagliutente per Scelta Welfare,17-OCT-24 02.32.15.096000 PM
7272.0,HR/Normal user tries to update the answer,03-OCT-24 02.59.19.927000 PM
7224.0,HR/Normal user tries to update the answer,03-OCT-24 02.41.45.345000 PM
7044.0,HR/Normal user tries to update the answer,03-OCT-24 07.36.06.464000 PM
5905.0,Normal user enters the Provvidenza Figli page,04-OCT-24 12.36.25.372000 PM
7703.0,Normal user tries to create new Provvidenza request for a child,04-OCT-24 12.43.12.856000 PM
8708.0,Recupero dettagliutente per Scelta Welfare,29-OCT-24 03.45.38.203000 PM
5238.0,HR/Normal user tries to update the answer,04-OCT-24 10.10.22.415000 AM
,Dettaglio elenco Cedolini e CU disponibili al download,28-OCT-24 08.20.23.414000 AM
5954.0,Normal / HR user updates the answer,03-OCT-24 03.07.10.199000 PM
6529.0,Normal user tries to create new Provvidenza request for a child,10-OCT-24 08.33.22.846000 AM
,Download PDF dalla sezione Cedolini,28-OCT-24 09.26.35.824000 AM
,Dettaglio elenco Cedolini e CU disponibili al download,28-OCT-24 08.17.43.177000 AM
5643.0,Normal user tries to create new Provvidenza request for a child,03-OCT-24 02.51.07.084000 PM
5779.0,HR tried to update grade,03-OCT-24 02.49.34.331000 PM
14621.0,HR/Normal user tries to update the answer,04-OCT-24 12.30.54.948000 PM
5592.0,Normal user assign new grade for the child while creating a request,17-OCT-24 03.26.03.266000 PM
6186.0,Normal user enters the Provvidenza Figli page,11-OCT-24 12.42.31.719000 PM
5746.0,Normal user enters the Provvidenza Figli page,04-OCT-24 10.17.24.562000 AM
5643.0,HR/Normal user tries to update the answer,03-OCT-24 02.51.19.573000 PM
7107.0,Recupero dettagliutente per Scelta Welfare,04-OCT-24 11.05.36.959000 AM
8062.0,HR/Normal user tries to update the answer,04-OCT-24 10.17.46.627000 AM
6958.0,HR/Normal user tries to update the answer,03-OCT-24 03.10.00.182000 PM
7311.0,Normal user enters the Provvidenza Figli page,03-OCT-24 07.17.38.668000 PM
,Dettaglio elenco Cedolini e CU disponibili al download,02-OCT-24 04.47.57.112000 PM
16010.0,Normal user assign new grade for the child while creating a request,03-OCT-24 03.09.05.477000 PM
13002130.0,HR/Normal user tries to update the answer,04-OCT-24 10.54.08.784000 AM
5354.0,Normal user enters the Provvidenza Figli page,04-OCT-24 11.00.37.815000 AM
7107.0,Normal user assign new grade for the child while creating a request,04-OCT-24 11.02.46.149000 AM
5535.0,Normal user tries to create new Provvidenza request for a child,03-OCT-24 03.02.44.783000 PM
7073.0,Normal / HR user updates the answer,04-OCT-24 11.08.57.518000 AM
5906.0,HR/Normal user tries to update the answer,04-OCT-24 10.26.11.098000 AM
7234.0,Normal user update grade for a child,04-OCT-24 10.34.17.127000 AM
5139.0,HR/Normal user tries to update the answer,04-OCT-24 11.19.26.159000 AM
5592.0,HR/Normal user tries to update the answer,17-OCT-24 03.26.46.896000 PM
5540.0,Normal / HR user updates the answer,04-OCT-24 10.18.55.971000 AM
7234.0,Normal user update grade for a child,04-OCT-24 10.33.42.684000 AM
5354.0,Normal user tries to create new Provvidenza request for a child,04-OCT-24 11.01.04.816000 AM
,Dettaglio elenco Cedolini e CU disponibili al download,22-OCT-24 03.14.50.475000 PM
,Dettaglio elenco Cedolini e CU disponibili al download,04-OCT-24 11.15.23.945000 AM
8062.0,HR/Normal user tries to update the answer,04-OCT-24 10.17.37.927000 AM
8062.0,Normal user enters the Provvidenza Figli page,04-OCT-24 10.18.28.058000 AM
,Download PDF dalla sezione Cedolini,23-OCT-24 02.32.16.563000 PM
,Download PDF dalla sezione Cedolini,21-OCT-24 12.36.43.748000 PM
7234.0,Normal user update grade for a child,04-OCT-24 10.34.52.451000 AM
,Dettaglio elenco Cedolini e CU disponibili al download,22-OCT-24 03.14.15.413000 PM
,Dettaglio elenco Cedolini e CU disponibili al download,04-OCT-24 10.54.36.591000 AM
13002407.0,Normal user enters the Provvidenza Figli page,11-OCT-24 12.40.12.339000 PM
5407.0,HR/Normal user tries to update the answer,03-OCT-24 03.10.05.860000 PM
7175.0,Normal user tries to create new Provvidenza request for a child,04-OCT-24 11.16.37.897000 AM
,Dettaglio elenco Cedolini e CU disponibili al download,24-OCT-24 12.23.55.222000 PM
,Download PDF dalla sezione Cedolini,28-OCT-24 08.59.13.259000 AM
6199.0,HR user enters the Change Tipo Provvidenza  configuration,28-OCT-24 05.25.59.318000 PM
7442.0,Dettaglio elenco Cedolini e CU disponibili al download,28-OCT-24 05.02.41.946000 PM
7643.0,Dettaglio elenco Cedolini e CU disponibili al download,28-OCT-24 05.08.46.806000 PM
13000665.0,Recupero dettagli utente per invio adesione Fondo Nazionale,28-OCT-24 04.58.20.243000 PM
,Dettaglio elenco Cedolini e CU disponibili al download,22-OCT-24 02.59.47.129000 PM
,Dettaglio elenco Cedolini e CU disponibili al download,28-OCT-24 08.18.28.500000 PM
8244.0,HR/Normal user tries to update the answer,04-OCT-24 06.48.41.212000 AM
6039.0,HR/Normal user tries to update the answer,09-OCT-24 12.05.53.919000 PM
,Download PDF dalla sezione Cedolini,18-OCT-24 09.23.25.365000 PM
,Dettaglio elenco Cedolini e CU disponibili al download,09-OCT-24 02.56.45.850000 PM
13002608.0,HR/Normal user tries to update the answer,09-OCT-24 11.25.04.494000 AM
,Dettaglio elenco Cedolini e CU disponibili al download,28-OCT-24 05.13.32.029000 PM
13002974.0,Recupero dettagliutente per Scelta Welfare,14-OCT-24 11.56.38.803000 AM
,Download PDF dalla sezione Cedolini,28-OCT-24 05.01.48.861000 PM
5944.0,HR user tries to load Funzioni Batch,17-OCT-24 05.02.29.097000 PM
9785.0,Recupero dettagliutente per Scelta Welfare,28-OCT-24 04.55.01.920000 PM
5746.0,HR/Normal user tries to update the answer,04-OCT-24 10.17.10.553000 AM
7607.0,Normal user enters the Provvidenza Figli page,09-OCT-24 04.59.21.433000 PM
6555.0,Normal user enters the Provvidenza Figli page,31-OCT-24 06.36.28.342000 PM
,Download PDF dalla sezione Cedolini,24-OCT-24 12.23.50.597000 PM
7573.0,Recupero dettagliutente per Scelta Welfare,28-OCT-24 05.15.41.306000 PM
6162.0,Normal / HR user updates the answer,04-OCT-24 08.06.31.910000 AM
,Dettaglio elenco Cedolini e CU disponibili al download,09-OCT-24 05.34.23.633000 PM
5647.0,HR/Normal user tries to update the answer,07-OCT-24 01.00.33.733000 PM
6199.0,Normal user enters the Provvidenza Figli page,10-OCT-24 04.52.31.722000 PM
13001738.0,HR/Normal user tries to update the answer,07-OCT-24 01.58.55.094000 PM
13001785.0,HR/Normal user tries to update the answer,28-OCT-24 04.57.11.061000 PM
,Dettaglio elenco Cedolini e CU disponibili al download,28-OCT-24 08.59.11.656000 AM
6199.0,HR user download the Data as excel which has information sent to Paghe,17-OCT-24 04.28.35.812000 PM
,Dettaglio elenco Cedolini e CU disponibili al download,04-OCT-24 08.19.07.962000 AM
5636.0,HR/Normal user tries to update the answer,04-OCT-24 08.18.57.090000 AM
6047.0,Normal user enters the Provvidenza Figli page,10-OCT-24 04.15.17.009000 PM
7672.0,HR/Normal user tries to update the answer,28-OCT-24 09.19.32.462000 AM
8244.0,HR/Normal user tries to update the answer,04-OCT-24 06.48.24.604000 AM
10864.0,HR/Normal user tries to update the answer,04-OCT-24 08.00.29.491000 AM
5647.0,Normal user enters the Provvidenza Figli page,07-OCT-24 12.59.33.819000 PM
5646.0,Normal user enters the Provvidenza Figli page,04-OCT-24 08.12.28.749000 AM
5647.0,HR/Normal user tries to update the answer,07-OCT-24 12.59.51.929000 PM
5182.0,HR/Normal user tries to update the answer,09-OCT-24 12.12.57.987000 PM
6376.0,Normal user update grade for a child,04-OCT-24 07.30.30.252000 AM
5744.0,HR/Normal user tries to update the answer,04-OCT-24 08.22.50.666000 AM
7398.0,HR/Normal user tries to update the answer,09-OCT-24 05.53.08.302000 PM
5646.0,Normal user assign new grade for the child while creating a request,04-OCT-24 08.12.51.148000 AM
9061.0,HR/Normal user tries to update the answer,04-OCT-24 08.22.35.775000 AM
5647.0,HR/Normal user tries to update the answer,07-OCT-24 01.00.38.235000 PM
6458.0,HR/Normal user tries to update the answer,09-OCT-24 05.02.38.225000 PM
,Dettaglio elenco Cedolini e CU disponibili al download,28-OCT-24 09.23.52.258000 AM
10864.0,Normal user enters the Provvidenza Figli page,04-OCT-24 08.00.38.260000 AM
6972.0,Normal user tries to create new Provvidenza request for a child,14-OCT-24 04.36.38.569000 PM
6704.0,Normal user tries to create new Provvidenza request for a child,04-OCT-24 08.15.36.789000 AM
,Dettaglio elenco Cedolini e CU disponibili al download,25-OCT-24 09.16.06.892000 AM
6947.0,Normal / HR user updates the answer,09-OCT-24 05.27.51.119000 PM
6143.0,Normal user assign new grade for the child while creating a request,17-OCT-24 04.40.57.883000 PM
6143.0,HR/Normal user tries to update the answer,17-OCT-24 04.41.25.641000 PM
,Dettaglio elenco Cedolini e CU disponibili al download,29-OCT-24 07.05.32.554000 AM
5319.0,HR/Normal user tries to update the answer,14-OCT-24 01.01.03.537000 PM
5378.0,HR/Normal user tries to update the answer,09-OCT-24 05.37.46.064000 PM
13002927.0,Recupero dettagliutente per Scelta Welfare,04-OCT-24 08.29.59.129000 AM
5378.0,Normal user tries to create new Provvidenza request for a child,09-OCT-24 05.37.11.429000 PM
,Dettaglio elenco Cedolini e CU disponibili al download,28-OCT-24 09.09.22.398000 AM
,Download PDF dalla sezione Cedolini,09-OCT-24 12.19.32.221000 PM
,Download PDF dalla sezione Cedolini,04-OCT-24 09.03.37.889000 AM
14634.0,HR/Normal user tries to update the answer,09-OCT-24 06.03.04.897000 PM
6704.0,Normal user enters the Provvidenza Figli page,04-OCT-24 08.15.18.891000 AM
,Download PDF dalla sezione Cedolini,25-OCT-24 08.44.02.442000 AM
6933.0,HR/Normal user tries to update the answer,25-OCT-24 08.58.47.993000 AM
6076.0,Download PDF dalla sezione Cedolini,31-OCT-24 09.21.10.986000 AM
,Dettaglio elenco Cedolini e CU disponibili al download,28-OCT-24 09.28.06.903000 AM
11236.0,Normal user tries to create new Provvidenza request for a child,04-OCT-24 08.29.27.462000 AM
6376.0,HR/Normal user tries to update the answer,04-OCT-24 07.29.43.556000 AM
13002986.0,Recupero dettagliutente per Scelta Welfare,25-OCT-24 08.51.00.476000 AM
10864.0,Normal user enters the Provvidenza Figli page,04-OCT-24 08.55.57.752000 AM
5196.0,HR/Normal user tries to update the answer,04-OCT-24 07.22.48.444000 AM
5672.0,Recupero dettagliutente per Scelta Welfare,25-OCT-24 09.28.34.309000 AM
8244.0,Normal user enters the Provvidenza Figli page,04-OCT-24 06.47.37.222000 AM
,Download PDF dalla sezione Cedolini,25-OCT-24 09.28.03.779000 AM
,Dettaglio elenco Cedolini e CU disponibili al download,28-OCT-24 08.03.56.944000 AM
7067.0,Normal user tries to create new Provvidenza request for a child,04-OCT-24 08.57.30.547000 AM
5240.0,Normal user assign new grade for the child while creating a request,04-OCT-24 08.54.19.179000 AM
7068.0,Download PDF dalla sezione Cedolini,04-OCT-24 08.59.31.570000 AM
13000105.0,Verifica possibilità di accesso a fondo pensione per Scelta Welfare,14-OCT-24 12.48.49.724000 PM
10864.0,Normal / HR user updates the answer,04-OCT-24 07.56.06.830000 AM
,Download PDF dalla sezione Cedolini,25-OCT-24 09.02.39.222000 AM
,Dettaglio elenco Cedolini e CU disponibili al download,07-OCT-24 01.57.53.216000 PM
6654.0,HR/Normal user tries to update the answer,04-OCT-24 08.57.45.948000 AM
7088.0,HR/Normal user tries to update the answer,04-OCT-24 08.23.44.617000 AM
7068.0,Download PDF dalla sezione Cedolini,04-OCT-24 09.03.28.914000 AM
,Download PDF dalla sezione Cedolini,25-OCT-24 09.47.19.372000 AM
7068.0,Download PDF dalla sezione Cedolini,04-OCT-24 09.03.01.341000 AM
7377.0,HR/Normal user tries to update the answer,05-OCT-24 04.14.34.045000 PM
,Dettaglio elenco Cedolini e CU disponibili al download,25-OCT-24 09.18.51.805000 AM
5179.0,Normal user assign new grade for the child while creating a request,04-OCT-24 09.39.01.549000 AM
6359.0,HR/Normal user tries to update the answer,04-OCT-24 09.25.50.336000 AM
6002.0,Normal user enters the Provvidenza Figli page,04-OCT-24 09.16.43.663000 AM
6093.0,HR/Normal user tries to update the answer,04-OCT-24 09.19.47.209000 AM
,Dettaglio elenco Cedolini e CU disponibili al download,14-OCT-24 09.34.05.400000 AM
,Download PDF dalla sezione Cedolini,25-OCT-24 08.51.54.334000 AM
6093.0,HR/Normal user tries to update the answer,04-OCT-24 09.17.23.922000 AM
15772.0,HR/Normal user tries to update the answer,04-OCT-24 07.57.23.184000 AM
7984.0,HR/Normal user tries to update the answer,04-OCT-24 09.03.17.173000 AM
5524.0,Normal user enters the Provvidenza Figli page,14-OCT-24 09.10.24.229000 AM
10864.0,HR/Normal user tries to update the answer,04-OCT-24 09.01.38.542000 AM
,Download PDF dalla sezione Cedolini,25-OCT-24 09.26.38.368000 AM
,Dettaglio elenco Cedolini e CU disponibili al download,16-OCT-24 09.37.22.435000 AM
5488.0,Normal user tries to create new Provvidenza request for a child,04-OCT-24 08.44.01.761000 AM
,Download PDF dalla sezione Cedolini,25-OCT-24 09.00.04.577000 AM
,Download PDF dalla sezione Cedolini,25-OCT-24 08.48.15.624000 AM
,Download PDF dalla sezione Cedolini,25-OCT-24 09.12.08.337000 AM
6095.0,HR/Normal user tries to update the answer,04-OCT-24 09.39.35.111000 AM
,Download PDF dalla sezione Cedolini,25-OCT-24 09.21.16.866000 AM
,Dettaglio elenco Cedolini e CU disponibili al download,25-OCT-24 09.29.38.403000 AM
6632.0,Normal user assign new grade for the child while creating a request,10-OCT-24 05.49.42.689000 PM
7063.0,Normal user tries to create new Provvidenza request for a child,04-OCT-24 08.57.35.400000 AM
6680.0,HR/Normal user tries to update the answer,04-OCT-24 09.50.50.328000 AM
6595.0,HR/Normal user tries to update the answer,04-OCT-24 09.12.57.871000 AM
6194.0,HR/Normal user tries to update the answer,04-OCT-24 08.42.53.943000 AM
,Dettaglio elenco Cedolini e CU disponibili al download,04-OCT-24 08.43.43.180000 AM
,Dettaglio elenco Cedolini e CU disponibili al download,25-OCT-24 09.18.02.613000 AM
6146.0,HR/Normal user tries to update the answer,05-OCT-24 05.28.44.943000 PM
,Download PDF dalla sezione Cedolini,25-OCT-24 09.53.08.349000 AM
,Dettaglio elenco Cedolini e CU disponibili al download,31-OCT-24 12.11.04.887000 PM
,Dettaglio elenco Cedolini e CU disponibili al download,25-OCT-24 09.24.42.455000 AM
18291.0,Download PDF dalla sezione Cedolini,04-OCT-24 09.23.22.580000 AM
,Download PDF dalla sezione Cedolini,25-OCT-24 09.11.50.078000 AM
,Dettaglio elenco Cedolini e CU disponibili al download,25-OCT-24 09.01.45.468000 AM
5749.0,Normal user enters the Provvidenza Figli page,04-OCT-24 09.52.07.996000 AM
13000565.0,HR/Normal user tries to update the answer,04-OCT-24 09.35.09.864000 AM
,Dettaglio elenco Cedolini e CU disponibili al download,25-OCT-24 09.19.50.568000 AM
,Dettaglio elenco Cedolini e CU disponibili al download,24-OCT-24 12.08.48.424000 PM
,Dettaglio elenco Cedolini e CU disponibili al download,25-OCT-24 09.51.36.404000 AM
7358.0,Dettaglio elenco Cedolini e CU disponibili al download,31-OCT-24 10.52.46.943000 AM
6654.0,HR/Normal user tries to update the answer,04-OCT-24 08.56.59.555000 AM
7201.0,HR/Normal user tries to update the answer,04-OCT-24 09.01.55.467000 AM
,Download PDF dalla sezione Cedolini,24-OCT-24 12.06.22.207000 PM
,Dettaglio elenco Cedolini e CU disponibili al download,25-OCT-24 09.19.05.514000 AM
,Download PDF dalla sezione Cedolini,25-OCT-24 09.49.53.165000 AM
5488.0,Normal user enters the Provvidenza Figli page,04-OCT-24 08.54.38.261000 AM
15452.0,Normal user enters the Provvidenza Figli page,04-OCT-24 08.59.05.270000 AM
,Download PDF dalla sezione Cedolini,25-OCT-24 09.37.39.448000 AM
16786.0,Download PDF dalla sezione Cedolini,10-OCT-24 07.13.34.029000 PM
,Download PDF dalla sezione Cedolini,04-OCT-24 07.27.41.388000 AM
13002165.0,Recupero dettagliutente per Scelta Welfare,03-OCT-24 09.23.51.069000 AM
5524.0,HR/Normal user tries to update the answer,14-OCT-24 09.09.58.481000 AM
18291.0,Download PDF dalla sezione Cedolini,04-OCT-24 09.23.18.658000 AM
8085.0,Normal user tries to create new Provvidenza request for a child,04-OCT-24 09.10.35.438000 AM
6095.0,Normal user enters the Provvidenza Figli page,04-OCT-24 09.42.06.721000 AM
5196.0,Normal user enters the Provvidenza Figli page,04-OCT-24 07.23.13.873000 AM
,Dettaglio elenco Cedolini e CU disponibili al download,24-OCT-24 03.17.14.704000 PM
13000159.0,Normal user tries to create new Provvidenza request for a child,04-OCT-24 08.45.15.151000 AM
13000159.0,Normal user enters the Provvidenza Figli page,04-OCT-24 08.41.35.109000 AM
6162.0,HR/Normal user tries to update the answer,04-OCT-24 08.06.42.834000 AM
7312.0,HR/Normal user tries to update the answer,04-OCT-24 08.22.37.888000 AM
5636.0,HR/Normal user tries to update the answer,04-OCT-24 08.18.48.935000 AM
7516.0,Download PDF dalla sezione Cedolini,18-OCT-24 12.04.08.645000 PM
6014.0,HR/Normal user tries to update the answer,04-OCT-24 08.17.28.800000 AM
6734.0,HR/Normal user tries to update the answer,04-OCT-24 08.39.58.430000 AM
,Download PDF dalla sezione Cedolini,08-OCT-24 10.26.17.299000 AM
6394.0,HR/Normal user tries to update the answer,08-OCT-24 03.41.59.988000 PM
6908.0,HR/Normal user tries to update the answer,04-OCT-24 08.31.13.525000 AM
6229.0,Normal / HR user updates the answer,08-OCT-24 09.26.15.902000 AM
11236.0,Normal user assign new grade for the child while creating a request,04-OCT-24 08.29.27.602000 AM
6085.0,Normal user enters the Provvidenza Figli page,04-OCT-24 08.10.42.538000 AM
6908.0,Normal user enters the Provvidenza Figli page,04-OCT-24 08.30.56.923000 AM
,Dettaglio elenco Cedolini e CU disponibili al download,25-OCT-24 04.46.58.682000 PM
5488.0,HR/Normal user tries to update the answer,04-OCT-24 08.44.07.138000 AM
5682.0,HR/Normal user tries to update the answer,10-OCT-24 09.35.32.446000 PM
,Dettaglio elenco Cedolini e CU disponibili al download,25-OCT-24 05.16.29.978000 PM
,Download PDF dalla sezione Cedolini,25-OCT-24 04.57.57.465000 PM
,Download PDF dalla sezione Cedolini,25-OCT-24 04.57.56.442000 PM
,Download PDF dalla sezione Cedolini,24-OCT-24 06.24.40.036000 PM
9635.0,Download PDF dalla sezione Cedolini,18-OCT-24 12.12.04.136000 PM
,Download PDF dalla sezione Cedolini,01-OCT-24 08.46.41.622000 AM
5299.0,Normal user enters the Provvidenza Figli page,04-OCT-24 08.39.02.585000 AM
,Download PDF dalla sezione Cedolini,04-OCT-24 02.49.14.825000 PM
10864.0,Normal / HR user updates the answer,04-OCT-24 07.55.43.744000 AM
6734.0,HR/Normal user tries to update the answer,04-OCT-24 08.40.56.294000 AM
,Dettaglio elenco Cedolini e CU disponibili al download,25-OCT-24 04.18.19.273000 PM
7713.0,HR/Normal user tries to update the answer,04-OCT-24 08.36.24.404000 AM
7743.0,Normal user enters the Provvidenza Figli page,08-OCT-24 10.34.08.163000 AM
6159.0,Dettaglio elenco Cedolini e CU disponibili al download,23-OCT-24 10.48.02.807000 AM
5358.0,Normal user assign new grade for the child while creating a request,08-OCT-24 04.16.06.898000 PM
7262.0,Download PDF dalla sezione Cedolini,04-OCT-24 02.43.46.202000 PM
5527.0,HR/Normal user tries to update the answer,08-OCT-24 10.12.48.515000 AM
7283.0,Normal user enters the Provvidenza Figli page,04-OCT-24 02.36.53.063000 PM
5756.0,HR/Normal user tries to update the answer,04-OCT-24 08.19.31.105000 AM
13000159.0,HR/Normal user tries to update the answer,04-OCT-24 08.42.13.460000 AM
7312.0,HR/Normal user tries to update the answer,04-OCT-24 08.22.41.388000 AM
5607.0,HR/Normal user tries to update the answer,08-OCT-24 10.07.48.274000 AM
7088.0,Dettaglio elenco Cedolini e CU disponibili al download,04-OCT-24 08.24.31.028000 AM
7626.0,Normal user assign new grade for the child while creating a request,21-OCT-24 02.11.24.718000 PM
5913.0,HR/Normal user tries to update the answer,08-OCT-24 09.58.01.648000 AM
6394.0,HR/Normal user tries to update the answer,08-OCT-24 03.42.20.617000 PM
13000916.0,Normal user assign new grade for the child while creating a request,08-OCT-24 09.49.46.623000 AM
6489.0,HR/Normal user tries to update the answer,04-OCT-24 08.35.56.888000 AM
6733.0,Normal user enters the Provvidenza Figli page,09-OCT-24 10.11.18.391000 AM
7631.0,Normal user enters the Provvidenza Figli page,05-OCT-24 10.52.02.884000 AM
5527.0,HR/Normal user tries to update the answer,08-OCT-24 10.08.42.953000 AM
13002184.0,HR/Normal user tries to update the answer,04-OCT-24 02.13.03.842000 PM
5607.0,Normal user update grade for a child,08-OCT-24 10.06.36.932000 AM
17329.0,Dettaglio elenco Cedolini e CU disponibili al download,08-OCT-24 09.24.31.775000 AM
13002184.0,Normal / HR user updates the answer,04-OCT-24 02.13.17.468000 PM
7743.0,HR/Normal user tries to update the answer,08-OCT-24 10.33.47.626000 AM
5607.0,HR/Normal user tries to update the answer,08-OCT-24 10.06.51.434000 AM
7231.0,Normal user tries to create new Provvidenza request for a child,08-OCT-24 09.19.56.854000 AM
8730.0,Normal user assign new grade for the child while creating a request,18-OCT-24 02.10.43.730000 PM
5825.0,Normal user enters the Provvidenza Figli page,04-OCT-24 02.47.24.125000 PM
6024.0,HR/Normal user tries to update the answer,08-OCT-24 10.09.39.432000 AM
,Download PDF dalla sezione Cedolini,25-OCT-24 04.57.51.492000 PM
17160.0,Verifica possibilità di accesso a fondo pensione per Scelta Welfare,25-OCT-24 04.29.29.041000 PM
6199.0,Normal user enters the Provvidenza Figli page,08-OCT-24 09.56.55.991000 AM
5527.0,HR/Normal user tries to update the answer,08-OCT-24 10.08.34.935000 AM
,Dettaglio elenco Cedolini e CU disponibili al download,16-OCT-24 09.23.56.954000 AM
7224.0,Verifica possibilità di accesso a fondo pensione per Scelta Welfare,04-OCT-24 03.42.47.868000 PM
,Dettaglio elenco Cedolini e CU disponibili al download,04-OCT-24 03.37.35.997000 PM
13003007.0,Recupero dettagliutente per Scelta Welfare,25-OCT-24 04.19.49.405000 PM
15319.0,Normal user assign new grade for the child while creating a request,04-OCT-24 03.14.41.373000 PM
6860.0,Normal user enters the Provvidenza Figli page,07-OCT-24 08.19.51.907000 PM
6900.0,Normal user enters the Provvidenza Figli page,04-OCT-24 03.40.26.432000 PM
,Dettaglio elenco Cedolini e CU disponibili al download,04-OCT-24 03.53.55.463000 PM
7149.0,HR/Normal user tries to update the answer,04-OCT-24 03.15.27.536000 PM
7743.0,HR/Normal user tries to update the answer,08-OCT-24 10.33.24.395000 AM
,Download PDF dalla sezione Cedolini,04-OCT-24 03.33.24.494000 PM
5568.0,Normal user tries to create new Provvidenza request for a child,04-OCT-24 03.30.29.501000 PM
6513.0,HR/Normal user tries to update the answer,03-OCT-24 04.29.17.426000 PM
,Dettaglio elenco Cedolini e CU disponibili al download,31-OCT-24 04.08.17.692000 PM
,Download PDF dalla sezione Cedolini,29-OCT-24 04.05.14.035000 PM
7932.0,Normal / HR user updates the answer,04-OCT-24 04.01.34.101000 PM
,Download PDF dalla sezione Cedolini,29-OCT-24 04.15.28.187000 PM
10049.0,Recupero dettagli utente per Scelta orario di lavoro,17-OCT-24 11.27.04.747000 AM
7631.0,HR/Normal user tries to update the answer,05-OCT-24 10.51.38.676000 AM
,Download PDF dalla sezione Cedolini,31-OCT-24 04.17.32.459000 PM
,Download PDF dalla sezione Cedolini,28-OCT-24 07.45.10.309000 AM
5273.0,HR/Normal user tries to update the answer,03-OCT-24 04.13.59.001000 PM
7631.0,HR/Normal user tries to update the answer,05-OCT-24 10.51.45.020000 AM
,Dettaglio elenco Cedolini e CU disponibili al download,07-OCT-24 09.06.53.391000 AM
7149.0,Normal user update grade for a child,04-OCT-24 03.52.39.724000 PM
6199.0,Normal user enters the Provvidenza Figli page,10-OCT-24 05.20.18.221000 PM
5262.0,HR/Normal user tries to update the answer,04-OCT-24 04.17.15.020000 PM
7726.0,HR/Normal user tries to update the answer,03-OCT-24 04.34.03.215000 PM
7885.0,Normal / HR user updates the answer,07-OCT-24 10.05.04.406000 AM
7726.0,HR/Normal user tries to update the answer,03-OCT-24 04.41.57.207000 PM
6058.0,HR/Normal user tries to update the answer,07-OCT-24 10.17.52.681000 AM
6723.0,HR/Normal user tries to update the answer,26-OCT-24 10.35.34.763000 AM
5197.0,Normal user enters the Provvidenza Figli page,03-OCT-24 04.26.16.127000 PM
6147.0,HR/Normal user tries to update the answer,07-OCT-24 09.51.26.955000 AM
,Dettaglio elenco Cedolini e CU disponibili al download,17-OCT-24 12.56.45.946000 PM
7885.0,HR/Normal user tries to update the answer,07-OCT-24 10.06.16.602000 AM
6058.0,HR/Normal user tries to update the answer,07-OCT-24 10.17.11.584000 AM
8226.0,HR/Normal user tries to update the answer,07-OCT-24 09.00.54.547000 AM
10677.0,Normal user enters the Provvidenza Figli page,07-OCT-24 09.44.10.284000 AM
13000881.0,HR/Normal user tries to update the answer,04-OCT-24 01.53.40.177000 PM
13000881.0,Normal user enters the Provvidenza Figli page,04-OCT-24 01.53.59.737000 PM
5848.0,HR/Normal user tries to update the answer,04-OCT-24 01.39.01.832000 PM
,Dettaglio elenco Cedolini e CU disponibili al download,23-OCT-24 04.31.15.698000 PM
,Dettaglio elenco Cedolini e CU disponibili al download,10-OCT-24 05.20.09.371000 PM
8077.0,HR/Normal user tries to update the answer,07-OCT-24 09.07.48.482000 AM
5618.0,HR/Normal user tries to update the answer,07-OCT-24 10.06.42.590000 AM
7563.0,Normal user tries to create new Provvidenza request for a child,21-OCT-24 02.40.10.179000 PM
6482.0,HR tried to update grade,04-OCT-24 03.59.51.895000 PM
13002263.0,Recupero dettagliutente per Scelta Welfare,04-OCT-24 01.57.08.238000 PM
10677.0,HR/Normal user tries to update the answer,07-OCT-24 09.43.43.141000 AM
5864.0,HR/Normal user tries to update the answer,10-OCT-24 06.29.31.629000 PM
5955.0,HR/Normal user tries to update the answer,03-OCT-24 01.39.26.292000 PM
8226.0,Normal user tries to create new Provvidenza request for a child,07-OCT-24 09.01.57.073000 AM
7600.0,Normal user tries to create new Provvidenza request for a child,03-OCT-24 01.47.16.402000 PM
7563.0,HR/Normal user tries to update the answer,21-OCT-24 02.40.31.052000 PM
,Dettaglio elenco Cedolini e CU disponibili al download,07-OCT-24 09.11.11.653000 AM
7262.0,Normal user assign new grade for the child while creating a request,04-OCT-24 02.41.07.207000 PM
13002570.0,Normal user tries to create new Provvidenza request for a child,17-OCT-24 12.27.55.350000 PM
,Dettaglio elenco Cedolini e CU disponibili al download,04-OCT-24 02.11.51.221000 PM
8212.0,Recupero dettagliutente per Scelta Welfare,16-OCT-24 11.31.21.469000 AM
6131.0,HR/Normal user tries to update the answer,03-OCT-24 01.41.18.061000 PM
7605.0,Normal user tries to create new Provvidenza request for a child,04-OCT-24 01.42.29.566000 PM
7283.0,Normal user enters the Provvidenza Figli page,04-OCT-24 02.35.56.942000 PM
7628.0,HR/Normal user tries to update the answer,07-OCT-24 09.06.00.912000 AM
6980.0,Normal user assign new grade for the child while creating a request,03-OCT-24 01.38.39.523000 PM
8274.0,HR/Normal user tries to update the answer,03-OCT-24 02.15.14.949000 PM
6736.0,HR/Normal user tries to update the answer,03-OCT-24 02.06.16.578000 PM
6827.0,HR/Normal user tries to update the answer,03-OCT-24 01.55.27.857000 PM
6736.0,Normal user enters the Provvidenza Figli page,03-OCT-24 02.04.44.032000 PM
8274.0,Normal user enters the Provvidenza Figli page,03-OCT-24 02.14.46.749000 PM
7718.0,HR/Normal user tries to update the answer,03-OCT-24 02.12.55.761000 PM
,Dettaglio elenco Cedolini e CU disponibili al download,10-OCT-24 05.52.50.799000 PM
6246.0,Normal user assign new grade for the child while creating a request,03-OCT-24 01.50.46.889000 PM
,Download PDF dalla sezione Cedolini,21-OCT-24 02.42.47.297000 PM
6016.0,Normal user enters the Provvidenza Figli page,03-OCT-24 02.01.32.286000 PM
6787.0,HR/Normal user tries to update the answer,03-OCT-24 01.44.04.472000 PM
5725.0,HR/Normal user tries to update the answer,03-OCT-24 02.02.09.838000 PM
6599.0,HR/Normal user tries to update the answer,03-OCT-24 02.47.53.142000 PM
6131.0,Normal user assign new grade for the child while creating a request,03-OCT-24 01.40.28.530000 PM
,Dettaglio elenco Cedolini e CU disponibili al download,10-OCT-24 10.37.51.052000 AM
7718.0,HR/Normal user tries to update the answer,03-OCT-24 02.08.57.669000 PM
9403.0,HR/Normal user tries to update the answer,03-OCT-24 01.44.27.007000 PM
6952.0,Normal user enters the Provvidenza Figli page,03-OCT-24 02.06.47.189000 PM
7932.0,Normal user assign new grade for the child while creating a request,03-OCT-24 01.45.42.801000 PM
9223.0,Normal user enters the Provvidenza Figli page,03-OCT-24 02.05.48.186000 PM
,Dettaglio elenco Cedolini e CU disponibili al download,21-OCT-24 03.01.10.281000 PM
10677.0,HR/Normal user tries to update the answer,07-OCT-24 09.43.32.585000 AM
6393.0,Normal user assign new grade for the child while creating a request,03-OCT-24 01.57.04.391000 PM
5863.0,Download PDF dalla sezione Cedolini,16-OCT-24 12.06.25.624000 PM
6787.0,HR/Normal user tries to update the answer,03-OCT-24 01.44.44.060000 PM
8028.0,Normal user tries to create new Provvidenza request for a child,03-OCT-24 02.27.53.291000 PM
6617.0,HR/Normal user tries to update the answer,03-OCT-24 02.37.01.633000 PM
5484.0,Normal user enters the Provvidenza Figli page,03-OCT-24 02.22.59.228000 PM
7828.0,Normal user enters the Provvidenza Figli page,03-OCT-24 02.22.05.902000 PM
6815.0,Normal user tries to create new Provvidenza request for a child,03-OCT-24 02.26.59.186000 PM
5725.0,Normal user enters the Provvidenza Figli page,03-OCT-24 02.01.10.620000 PM
7146.0,HR/Normal user tries to update the answer,03-OCT-24 02.46.27.842000 PM
7828.0,Normal / HR user updates the answer,03-OCT-24 02.21.14.008000 PM
5332.0,HR/Normal user tries to update the answer,03-OCT-24 02.32.28.801000 PM
16074.0,HR/Normal user tries to update the answer,03-OCT-24 02.49.32.083000 PM
6712.0,Normal user enters the Provvidenza Figli page,03-OCT-24 02.23.14.736000 PM
6378.0,HR/Normal user tries to update the answer,03-OCT-24 02.44.44.243000 PM
6197.0,Normal user enters the Provvidenza Figli page,03-OCT-24 02.40.28.599000 PM
8277.0,Normal user enters the Provvidenza Figli page,03-OCT-24 02.40.29.680000 PM
13002935.0,HR/Normal user tries to update the answer,04-OCT-24 01.54.31.472000 PM
8305.0,HR/Normal user tries to update the answer,03-OCT-24 02.05.21.437000 PM
6636.0,Normal user assign new grade for the child while creating a request,03-OCT-24 02.50.51.896000 PM
8399.0,HR/Normal user tries to update the answer,03-OCT-24 02.36.44.748000 PM
6665.0,HR/Normal user tries to update the answer,09-OCT-24 10.45.33.381000 AM
,Dettaglio elenco Cedolini e CU disponibili al download,31-OCT-24 02.50.54.843000 PM
6167.0,Normal user tries to create new Provvidenza request for a child,03-OCT-24 02.52.40.843000 PM
6645.0,HR/Normal user tries to update the answer,03-OCT-24 02.28.55.741000 PM
6709.0,HR/Normal user tries to update the answer,03-OCT-24 02.00.44.774000 PM
6631.0,HR tried to update grade,03-OCT-24 02.53.57.951000 PM
7224.0,Normal user enters the Provvidenza Figli page,03-OCT-24 02.42.50.176000 PM
,Download PDF dalla sezione Cedolini,11-OCT-24 07.28.44.201000 AM
6149.0,Normal user enters the Provvidenza Figli page,03-OCT-24 02.37.12.862000 PM
5884.0,Normal user enters the Provvidenza Figli page,03-OCT-24 02.13.19.874000 PM
6553.0,Normal user enters the Provvidenza Figli page,03-OCT-24 02.38.58.298000 PM
6131.0,HR/Normal user tries to update the answer,03-OCT-24 01.40.39.564000 PM
5611.0,Normal user enters the Provvidenza Figli page,03-OCT-24 02.52.39.069000 PM
7926.0,Normal user enters the Provvidenza Figli page,03-OCT-24 02.36.15.039000 PM
9097.0,HR/Normal user tries to update the answer,03-OCT-24 01.58.27.612000 PM
,Download PDF dalla sezione Cedolini,21-OCT-24 02.56.24.282000 PM
17474.0,Normal user assign new grade for the child while creating a request,03-OCT-24 02.30.25.484000 PM
5729.0,HR/Normal user tries to update the answer,03-OCT-24 02.32.45.645000 PM
7600.0,Verifica possibilità di accesso a fondo pensione per Scelta Welfare,03-OCT-24 02.01.32.180000 PM
7563.0,Normal user enters the Provvidenza Figli page,21-OCT-24 02.40.49.379000 PM
7819.0,HR/Normal user tries to update the answer,03-OCT-24 01.47.31.604000 PM
6553.0,Normal user assign new grade for the child while creating a request,03-OCT-24 02.36.51.852000 PM
5779.0,Normal user enters the Provvidenza Figli page,03-OCT-24 02.49.16.449000 PM
13002128.0,HR/Normal user tries to update the answer,03-OCT-24 02.54.18.757000 PM
8516.0,HR/Normal user tries to update the answer,03-OCT-24 02.23.44.589000 PM
7099.0,Normal user enters the Provvidenza Figli page,03-OCT-24 01.57.13.317000 PM
6932.0,Verifica possibilità di accesso a fondo pensione per Scelta Welfare,31-OCT-24 02.32.07.056000 PM
6170.0,HR tried to update grade,03-OCT-24 02.37.32.879000 PM
8277.0,HR/Normal user tries to update the answer,03-OCT-24 02.40.54.183000 PM
6197.0,Normal user enters the Provvidenza Figli page,03-OCT-24 02.43.55.747000 PM
5409.0,HR/Normal user tries to update the answer,03-OCT-24 01.58.49.712000 PM
8866.0,Normal user assign new grade for the child while creating a request,03-OCT-24 02.01.18.092000 PM
6807.0,Normal / HR user updates the answer,03-OCT-24 02.49.45.019000 PM
5290.0,HR/Normal user tries to update the answer,03-OCT-24 02.54.20.127000 PM
6712.0,Normal user assign new grade for the child while creating a request,03-OCT-24 02.22.06.131000 PM
17324.0,Normal user assign new grade for the child while creating a request,03-OCT-24 02.15.03.902000 PM
7539.0,Normal user enters the Provvidenza Figli page,03-OCT-24 01.47.04.666000 PM
6631.0,Normal user tries to create new Provvidenza request for a child,03-OCT-24 02.53.23.421000 PM
6080.0,HR/Normal user tries to update the answer,03-OCT-24 02.32.20.451000 PM
5869.0,Normal user enters the Provvidenza Figli page,03-OCT-24 02.30.46.920000 PM
5884.0,Normal user enters the Provvidenza Figli page,03-OCT-24 02.13.34.446000 PM
7689.0,HR/Normal user tries to update the answer,03-OCT-24 02.31.51.999000 PM
17731.0,Normal user tries to create new Provvidenza request for a child,14-OCT-24 03.50.00.853000 PM
7611.0,Normal user enters the Provvidenza Figli page,04-OCT-24 01.51.22.726000 PM
6823.0,Normal user assign new grade for the child while creating a request,03-OCT-24 02.27.45.370000 PM
6104.0,Normal user tries to create new Provvidenza request for a child,03-OCT-24 02.27.29.701000 PM
6815.0,HR/Normal user tries to update the answer,03-OCT-24 02.26.31.144000 PM
7819.0,Normal user enters the Provvidenza Figli page,03-OCT-24 01.47.00.218000 PM
6583.0,Normal user tries to create new Provvidenza request for a child,03-OCT-24 02.39.29.872000 PM
5659.0,Normal user enters the Provvidenza Figli page,03-OCT-24 02.20.09.549000 PM
5619.0,HR/Normal user tries to update the answer,03-OCT-24 02.30.24.707000 PM
7485.0,HR/Normal user tries to update the answer,03-OCT-24 02.43.19.231000 PM
13000214.0,Normal user tries to create new Provvidenza request for a child,10-OCT-24 05.57.37.092000 PM
17119.0,Normal user assign new grade for the child while creating a request,03-OCT-24 02.07.27.571000 PM
7782.0,Normal user tries to create new Provvidenza request for a child,03-OCT-24 02.15.36.966000 PM
9846.0,HR/Normal user tries to update the answer,03-OCT-24 02.25.28.310000 PM
9015.0,Verifica possibilità di accesso a fondo pensione per Scelta Welfare,01-OCT-24 06.04.37.394000 PM
13002733.0,HR/Normal user tries to update the answer,03-OCT-24 02.31.20.772000 PM
6998.0,Normal user assign new grade for the child while creating a request,03-OCT-24 02.02.57.707000 PM
7782.0,HR/Normal user tries to update the answer,03-OCT-24 02.14.56.399000 PM
8305.0,HR/Normal user tries to update the answer,03-OCT-24 02.05.14.290000 PM
7595.0,Normal user enters the Provvidenza Figli page,03-OCT-24 02.13.15.814000 PM
6998.0,HR/Normal user tries to update the answer,03-OCT-24 02.03.16.025000 PM
,Dettaglio elenco Cedolini e CU disponibili al download,26-OCT-24 05.48.18.509000 PM
5361.0,Normal user enters the Provvidenza Figli page,09-OCT-24 01.06.12.187000 PM
5659.0,HR/Normal user tries to update the answer,03-OCT-24 02.20.27.212000 PM
8079.0,Normal user enters the Provvidenza Figli page,03-OCT-24 02.24.10.280000 PM
13000695.0,HR/Normal user tries to update the answer,03-OCT-24 02.38.55.742000 PM
7165.0,Verifica possibilità di accesso a fondo pensione per Scelta Welfare,03-OCT-24 02.46.13.307000 PM
,Download PDF dalla sezione Cedolini,28-OCT-24 02.32.31.967000 PM
5846.0,HR/Normal user tries to update the answer,03-OCT-24 02.25.03.802000 PM
6827.0,Dettaglio elenco Cedolini e CU disponibili al download,03-OCT-24 02.06.49.710000 PM
5409.0,Recupero dettagli utente per Scelta orario di lavoro,03-OCT-24 02.01.09.836000 PM
5855.0,HR/Normal user tries to update the answer,03-OCT-24 02.10.38.776000 PM
5855.0,HR/Normal user tries to update the answer,03-OCT-24 02.10.32.855000 PM
6531.0,Normal user assign new grade for the child while creating a request,03-OCT-24 02.34.29.480000 PM
7165.0,HR/Normal user tries to update the answer,03-OCT-24 02.17.30.111000 PM
5643.0,HR/Normal user tries to update the answer,03-OCT-24 02.51.53.299000 PM
7248.0,HR/Normal user tries to update the answer,03-OCT-24 02.03.54.603000 PM
17648.0,HR/Normal user tries to update the answer,03-OCT-24 02.03.41.215000 PM
6226.0,HR/Normal user tries to update the answer,03-OCT-24 02.39.19.119000 PM
6135.0,HR/Normal user tries to update the answer,03-OCT-24 02.34.31.363000 PM
7302.0,Normal user tries to create new Provvidenza request for a child,03-OCT-24 02.39.17.887000 PM
13002479.0,Normal user assign new grade for the child while creating a request,03-OCT-24 02.17.35.215000 PM
6226.0,Normal user tries to create new Provvidenza request for a child,03-OCT-24 02.36.42.594000 PM
,Dettaglio elenco Cedolini e CU disponibili al download,15-OCT-24 08.46.10.183000 AM
5764.0,HR/Normal user tries to update the answer,03-OCT-24 01.57.40.907000 PM
5616.0,Normal user enters the Provvidenza Figli page,03-OCT-24 02.34.45.353000 PM
7425.0,Normal user enters the Provvidenza Figli page,03-OCT-24 02.38.32.631000 PM
6553.0,Normal user tries to create new Provvidenza request for a child,03-OCT-24 02.36.51.735000 PM
7268.0,HR/Normal user tries to update the answer,03-OCT-24 02.03.38.175000 PM
8042.0,HR/Normal user tries to update the answer,03-OCT-24 02.13.59.968000 PM
,Dettaglio elenco Cedolini e CU disponibili al download,03-OCT-24 02.46.26.413000 PM
6081.0,HR/Normal user tries to update the answer,03-OCT-24 02.31.58.095000 PM
8049.0,Normal user enters the Provvidenza Figli page,03-OCT-24 02.30.57.984000 PM
13001231.0,Normal user assign new grade for the child while creating a request,03-OCT-24 01.38.48.718000 PM
6553.0,Normal user enters the Provvidenza Figli page,03-OCT-24 02.37.38.966000 PM
6807.0,HR/Normal user tries to update the answer,03-OCT-24 02.49.39.001000 PM
5840.0,HR/Normal user tries to update the answer,03-OCT-24 02.19.31.932000 PM
5994.0,HR/Normal user tries to update the answer,03-OCT-24 01.45.06.580000 PM
14297.0,HR tried to update grade,03-OCT-24 02.39.07.252000 PM
5995.0,Normal user enters the Provvidenza Figli page,03-OCT-24 02.32.50.496000 PM
5320.0,Normal user assign new grade for the child while creating a request,03-OCT-24 02.37.46.107000 PM
7099.0,HR/Normal user tries to update the answer,03-OCT-24 01.56.28.750000 PM
5528.0,HR/Normal user tries to update the answer,03-OCT-24 02.54.35.830000 PM
6144.0,HR/Normal user tries to update the answer,03-OCT-24 02.19.37.843000 PM
6017.0,Normal user tries to create new Provvidenza request for a child,03-OCT-24 02.52.58.154000 PM
5600.0,HR/Normal user tries to update the answer,03-OCT-24 02.37.57.641000 PM
7193.0,HR/Normal user tries to update the answer,03-OCT-24 02.36.29.375000 PM
7989.0,HR/Normal user tries to update the answer,03-OCT-24 02.29.19.489000 PM
5651.0,HR/Normal user tries to update the answer,03-OCT-24 02.45.03.795000 PM
7595.0,HR/Normal user tries to update the answer,03-OCT-24 02.14.51.543000 PM
5659.0,HR/Normal user tries to update the answer,03-OCT-24 02.20.35.494000 PM
5995.0,Normal user tries to create new Provvidenza request for a child,03-OCT-24 02.33.00.446000 PM
7224.0,HR/Normal user tries to update the answer,03-OCT-24 02.41.22.265000 PM
5472.0,Download PDF dalla sezione Cedolini,09-OCT-24 12.49.43.230000 PM
5327.0,Download PDF dalla sezione Cedolini,28-OCT-24 03.34.18.564000 PM
6553.0,Normal user enters the Provvidenza Figli page,03-OCT-24 02.38.04.722000 PM
16672.0,HR tried to update grade,09-OCT-24 03.22.37.862000 PM
7040.0,Normal user assign new grade for the child while creating a request,03-OCT-24 02.04.50.966000 PM
6559.0,HR/Normal user tries to update the answer,03-OCT-24 02.03.28.918000 PM
15452.0,HR tried to update grade,04-OCT-24 08.59.20.743000 AM
9077.0,HR/Normal user tries to update the answer,04-OCT-24 08.56.40.725000 AM
8305.0,Normal user enters the Provvidenza Figli page,03-OCT-24 02.04.13.532000 PM
7201.0,Normal user enters the Provvidenza Figli page,04-OCT-24 08.58.52.984000 AM
7267.0,HR/Normal user tries to update the answer,04-OCT-24 09.00.51.351000 AM
6238.0,HR/Normal user tries to update the answer,03-OCT-24 02.06.38.632000 PM
7427.0,Normal user enters the Provvidenza Figli page,04-OCT-24 02.37.25.054000 PM
6654.0,Normal user enters the Provvidenza Figli page,04-OCT-24 08.55.31.507000 AM
6154.0,HR/Normal user tries to update the answer,03-OCT-24 02.33.52.818000 PM
,Dettaglio elenco Cedolini e CU disponibili al download,04-OCT-24 08.57.20.364000 AM
7201.0,Normal user tries to create new Provvidenza request for a child,04-OCT-24 09.00.23.294000 AM
6827.0,HR/Normal user tries to update the answer,03-OCT-24 01.55.44.043000 PM
5643.0,Normal user enters the Provvidenza Figli page,03-OCT-24 02.52.08.251000 PM
6113.0,Normal user enters the Provvidenza Figli page,03-OCT-24 02.25.36.000000 PM
15452.0,HR/Normal user tries to update the answer,04-OCT-24 08.59.52.339000 AM
7068.0,Download PDF dalla sezione Cedolini,04-OCT-24 08.58.27.643000 AM
6952.0,HR/Normal user tries to update the answer,03-OCT-24 02.07.09.835000 PM
6654.0,Normal user tries to create new Provvidenza request for a child,04-OCT-24 08.55.36.087000 AM
5240.0,HR/Normal user tries to update the answer,04-OCT-24 08.55.31.319000 AM
16672.0,HR/Normal user tries to update the answer,09-OCT-24 03.26.48.265000 PM
5369.0,Normal user enters the Provvidenza Figli page,03-OCT-24 01.56.06.002000 PM
9543.0,Normal user enters the Provvidenza Figli page,03-OCT-24 01.41.26.543000 PM
,Dettaglio elenco Cedolini e CU disponibili al download,31-OCT-24 02.40.38.989000 PM
6131.0,HR/Normal user tries to update the answer,03-OCT-24 01.40.50.369000 PM
6906.0,Normal / HR user updates the answer,04-OCT-24 08.50.28.108000 AM
5445.0,HR/Normal user tries to update the answer,09-OCT-24 03.24.05.730000 PM
6712.0,HR/Normal user tries to update the answer,03-OCT-24 02.22.44.770000 PM
9652.0,Dettaglio elenco Cedolini e CU disponibili al download,03-OCT-24 02.26.36.767000 PM
7485.0,Normal user tries to create new Provvidenza request for a child,03-OCT-24 02.43.04.391000 PM
7067.0,HR/Normal user tries to update the answer,04-OCT-24 08.57.40.498000 AM
,Dettaglio elenco Cedolini e CU disponibili al download,04-OCT-24 08.57.58.357000 AM
13002973.0,Recupero dettagliutente per Scelta Welfare,14-OCT-24 03.58.12.337000 PM
6393.0,HR/Normal user tries to update the answer,03-OCT-24 01.57.23.448000 PM
6794.0,Normal user enters the Provvidenza Figli page,03-OCT-24 01.45.56.200000 PM
,Download PDF dalla sezione Cedolini,31-OCT-24 02.37.00.107000 PM
,Lettura e accettazione dell'accordo di smartworking,10-OCT-24 11.24.00.240000 AM
13002978.0,HR/Normal user tries to update the answer,28-OCT-24 03.21.54.400000 PM
5409.0,Normal user enters the Provvidenza Figli page,03-OCT-24 02.01.13.189000 PM
9015.0,Recupero dettagliutente per Scelta Welfare,01-OCT-24 06.04.37.132000 PM
5779.0,HR/Normal user tries to update the answer,03-OCT-24 02.51.08.610000 PM
18506.0,Recupero dettagli utente per Scelta orario di lavoro,10-OCT-24 11.24.39.553000 AM
6677.0,Normal user update grade for a child,04-OCT-24 09.07.41.900000 AM
7212.0,Dettaglio elenco Cedolini e CU disponibili al download,10-OCT-24 12.21.05.719000 PM
6817.0,HR/Normal user tries to update the answer,03-OCT-24 02.05.03.006000 PM
,Dettaglio elenco Cedolini e CU disponibili al download,28-OCT-24 02.42.05.481000 PM
8260.0,Normal user enters the Provvidenza Figli page,04-OCT-24 09.18.53.099000 AM
6787.0,HR/Normal user tries to update the answer,03-OCT-24 01.44.16.103000 PM
5975.0,Normal user assign new grade for the child while creating a request,03-OCT-24 01.57.47.703000 PM
13001184.0,HR/Normal user tries to update the answer,18-OCT-24 04.06.45.294000 PM
,Download PDF dalla sezione Cedolini,28-OCT-24 02.47.43.127000 PM
7265.0,HR/Normal user tries to update the answer,04-OCT-24 09.24.31.286000 AM
5409.0,HR/Normal user tries to update the answer,03-OCT-24 01.59.40.531000 PM
6631.0,HR/Normal user tries to update the answer,03-OCT-24 02.54.10.487000 PM
7869.0,HR/Normal user tries to update the answer,03-OCT-24 02.51.43.722000 PM
6113.0,Dettaglio elenco Cedolini e CU disponibili al download,03-OCT-24 02.23.06.521000 PM
5672.0,Normal user assign new grade for the child while creating a request,03-OCT-24 02.36.01.813000 PM
6910.0,HR/Normal user tries to update the answer,09-OCT-24 12.38.48.662000 PM
7313.0,Normal user update grade for a child,09-OCT-24 12.42.19.960000 PM
13002975.0,Normal user enters the Provvidenza Figli page,18-OCT-24 04.44.56.850000 PM
6199.0,Normal user enters the Provvidenza Figli page,10-OCT-24 12.07.53.523000 PM
18291.0,Download PDF dalla sezione Cedolini,04-OCT-24 09.23.21.711000 AM
6095.0,Normal user enters the Provvidenza Figli page,04-OCT-24 09.40.02.273000 AM
5955.0,Normal user enters the Provvidenza Figli page,03-OCT-24 02.29.07.962000 PM
5657.0,Normal user tries to create new Provvidenza request for a child,03-OCT-24 02.18.14.938000 PM
5768.0,HR/Normal user tries to update the answer,04-OCT-24 10.02.49.443000 AM
13002971.0,Recupero dettagli utente per invio adesione Fondo Nazionale,20-OCT-24 06.27.53.331000 PM
5445.0,HR/Normal user tries to update the answer,09-OCT-24 03.24.59.302000 PM
18291.0,Download PDF dalla sezione Cedolini,04-OCT-24 09.23.11.589000 AM
7063.0,HR/Normal user tries to update the answer,04-OCT-24 08.59.57.566000 AM
15452.0,HR/Normal user tries to update the answer,04-OCT-24 09.01.07.654000 AM
8203.0,Verifica possibilità di accesso a fondo pensione per Scelta Welfare,28-OCT-24 02.52.27.572000 PM
8228.0,Normal user enters the Provvidenza Figli page,03-OCT-24 02.38.52.425000 PM
5803.0,Normal user assign new grade for the child while creating a request,04-OCT-24 08.55.59.178000 AM
9238.0,Normal user enters the Provvidenza Figli page,14-OCT-24 04.16.31.158000 PM
5294.0,Normal user assign new grade for the child while creating a request,03-OCT-24 02.33.48.522000 PM
14621.0,Normal user enters the Provvidenza Figli page,28-OCT-24 03.42.16.912000 PM
7063.0,HR/Normal user tries to update the answer,04-OCT-24 09.00.13.531000 AM
5768.0,HR/Normal user tries to update the answer,04-OCT-24 10.00.26.556000 AM
5978.0,Normal user enters the Provvidenza Figli page,03-OCT-24 02.07.18.853000 PM
14297.0,HR/Normal user tries to update the answer,03-OCT-24 02.43.40.732000 PM
,Download PDF dalla sezione Cedolini,03-OCT-24 02.43.43.300000 PM
5481.0,Normal user enters the Provvidenza Figli page,03-OCT-24 02.27.21.129000 PM
6180.0,HR/Normal user tries to update the answer,04-OCT-24 08.57.05.849000 AM
,Dettaglio elenco Cedolini e CU disponibili al download,31-OCT-24 02.40.04.902000 PM
5445.0,Normal user enters the Provvidenza Figli page,09-OCT-24 03.25.18.411000 PM
,Dettaglio elenco Cedolini e CU disponibili al download,28-OCT-24 03.00.22.031000 PM
7040.0,Normal user enters the Provvidenza Figli page,03-OCT-24 02.07.56.603000 PM
15452.0,HR/Normal user tries to update the answer,04-OCT-24 09.00.27.151000 AM
7111.0,Normal user tries to create new Provvidenza request for a child,03-OCT-24 02.29.46.066000 PM
5853.0,Normal user enters the Provvidenza Figli page,04-OCT-24 09.07.53.722000 AM
6595.0,HR/Normal user tries to update the answer,04-OCT-24 09.12.28.650000 AM
13002973.0,Recupero dettagliutente per Scelta Welfare,18-OCT-24 04.30.51.612000 PM
,Download PDF dalla sezione Cedolini,04-OCT-24 09.42.35.580000 AM
9093.0,HR/Normal user tries to update the answer,04-OCT-24 09.34.28.350000 AM
15690.0,Normal user assign new grade for the child while creating a request,04-OCT-24 09.47.38.103000 AM
,Dettaglio elenco Cedolini e CU disponibili al download,04-OCT-24 09.51.27.909000 AM
14431.0,Normal user tries to create new Provvidenza request for a child,04-OCT-24 09.18.09.089000 AM
6251.0,Dettaglio elenco Cedolini e CU disponibili al download,28-OCT-24 03.24.36.011000 PM
5768.0,Normal user tries to create new Provvidenza request for a child,04-OCT-24 09.56.57.642000 AM
7267.0,Normal / HR user updates the answer,04-OCT-24 09.01.10.973000 AM
14621.0,Normal user enters the Provvidenza Figli page,28-OCT-24 03.36.22.463000 PM
6677.0,Normal user enters the Provvidenza Figli page,04-OCT-24 09.04.20.188000 AM
7267.0,Dettaglio elenco Cedolini e CU disponibili al download,04-OCT-24 09.03.12.670000 AM
6677.0,Normal user tries to create new Provvidenza request for a child,04-OCT-24 09.04.10.458000 AM
,Dettaglio elenco Cedolini e CU disponibili al download,30-OCT-24 04.25.50.495000 PM
,Download PDF dalla sezione Cedolini,24-OCT-24 05.28.28.338000 PM
7068.0,HR/Normal user tries to update the answer,04-OCT-24 08.54.33.239000 AM
6595.0,Normal / HR user updates the answer,04-OCT-24 09.12.58.628000 AM
,Dettaglio elenco Cedolini e CU disponibili al download,24-OCT-24 06.52.15.106000 PM
6532.0,Recupero dettagliutente per Scelta Welfare,18-OCT-24 04.12.30.647000 PM
7067.0,Normal user enters the Provvidenza Figli page,04-OCT-24 08.57.28.959000 AM
,Dettaglio elenco Cedolini e CU disponibili al download,24-OCT-24 05.51.00.849000 PM
5768.0,HR/Normal user tries to update the answer,04-OCT-24 10.02.36.846000 AM
7916.0,Verifica possibilità di accesso a fondo pensione per Scelta Welfare,24-OCT-24 05.25.09.554000 PM
,Dettaglio elenco Cedolini e CU disponibili al download,24-OCT-24 06.01.11.920000 PM
7506.0,HR/Normal user tries to update the answer,06-OCT-24 08.11.41.872000 PM
7067.0,HR/Normal user tries to update the answer,04-OCT-24 08.56.50.499000 AM
,Dettaglio elenco Cedolini e CU disponibili al download,24-OCT-24 11.59.11.899000 AM
,Dettaglio elenco Cedolini e CU disponibili al download,24-OCT-24 09.33.54.443000 AM
7401.0,HR/Normal user tries to update the answer,04-OCT-24 08.46.33.143000 AM
13002299.0,Recupero dettagliutente per Scelta Welfare,24-OCT-24 09.59.51.965000 AM
13000565.0,HR/Normal user tries to update the answer,04-OCT-24 09.35.37.706000 AM
13002299.0,Recupero dettagli utente per Scelta orario di lavoro,24-OCT-24 10.01.18.005000 AM
15649.0,HR/Normal user tries to update the answer,24-OCT-24 09.58.19.925000 AM
5987.0,Normal user enters the Provvidenza Figli page,04-OCT-24 09.02.25.594000 AM
8085.0,HR/Normal user tries to update the answer,04-OCT-24 09.11.09.813000 AM
,Download PDF dalla sezione Cedolini,29-OCT-24 04.44.51.846000 PM
7446.0,HR/Normal user tries to update the answer,08-OCT-24 08.14.24.040000 AM
7283.0,HR/Normal user tries to update the answer,07-OCT-24 10.30.23.800000 AM
7530.0,HR/Normal user tries to update the answer,07-OCT-24 11.11.56.613000 AM
18291.0,Download PDF dalla sezione Cedolini,04-OCT-24 09.23.17.215000 AM
,Download PDF dalla sezione Cedolini,24-OCT-24 07.04.33.294000 PM
7506.0,Normal user assign new grade for the child while creating a request,06-OCT-24 08.12.11.908000 PM
,Download PDF dalla sezione Cedolini,07-OCT-24 11.34.34.452000 AM
8538.0,Download PDF dalla sezione Cedolini,31-OCT-24 05.14.24.266000 PM
,Dettaglio elenco Cedolini e CU disponibili al download,29-OCT-24 04.58.33.131000 PM
7843.0,HR tried to update grade,07-OCT-24 10.46.56.420000 AM
7283.0,HR/Normal user tries to update the answer,07-OCT-24 10.30.36.251000 AM
8245.0,HR/Normal user tries to update the answer,07-OCT-24 10.46.26.746000 AM
5459.0,HR/Normal user tries to update the answer,07-OCT-24 11.26.01.147000 AM
7283.0,Normal user enters the Provvidenza Figli page,07-OCT-24 10.31.39.585000 AM
7446.0,HR/Normal user tries to update the answer,08-OCT-24 08.14.15.364000 AM
,Dettaglio elenco Cedolini e CU disponibili al download,07-OCT-24 11.19.53.610000 AM
6174.0,HR/Normal user tries to update the answer,07-OCT-24 10.41.20.664000 AM
,Download PDF dalla sezione Cedolini,07-OCT-24 11.08.08.159000 AM
8245.0,Normal user tries to create new Provvidenza request for a child,07-OCT-24 10.46.56.703000 AM
7843.0,HR/Normal user tries to update the answer,07-OCT-24 10.46.24.996000 AM
,Download PDF dalla sezione Cedolini,29-OCT-24 04.45.41.161000 PM
6174.0,HR/Normal user tries to update the answer,07-OCT-24 10.41.29.194000 AM
5321.0,Verifica possibilità di accesso a fondo pensione per Scelta Welfare,24-OCT-24 05.26.57.889000 PM
,Dettaglio elenco Cedolini e CU disponibili al download,07-OCT-24 11.09.16.493000 AM
13002929.0,Verifica possibilità di accesso a fondo pensione per Scelta Welfare,29-OCT-24 06.01.47.294000 PM
6749.0,Normal user enters the Provvidenza Figli page,07-OCT-24 11.32.24.231000 AM
7530.0,Normal user enters the Provvidenza Figli page,07-OCT-24 11.11.45.301000 AM
,Dettaglio elenco Cedolini e CU disponibili al download,28-OCT-24 09.17.15.367000 PM
5854.0,HR/Normal user tries to update the answer,10-OCT-24 03.00.37.491000 PM
5797.0,Normal user tries to create new Provvidenza request for a child,08-OCT-24 12.42.27.371000 PM
6037.0,Recupero dettagliutente per Scelta Welfare,22-OCT-24 04.27.11.071000 PM
6058.0,Normal user tries to create new Provvidenza request for a child,07-OCT-24 10.19.32.755000 AM
13002974.0,Normal user enters the Provvidenza Figli page,17-OCT-24 09.29.26.963000 AM
5467.0,HR tried to update grade,08-OCT-24 12.36.08.310000 PM
5467.0,Normal user enters the Provvidenza Figli page,08-OCT-24 12.37.41.506000 PM
6745.0,Normal user enters the Provvidenza Figli page,03-OCT-24 08.14.55.310000 PM
8245.0,HR/Normal user tries to update the answer,07-OCT-24 10.46.15.986000 AM
5797.0,Normal user enters the Provvidenza Figli page,08-OCT-24 12.42.18.927000 PM
,Download PDF dalla sezione Cedolini,07-OCT-24 11.21.13.154000 AM
13002408.0,Recupero dettagli utente per Scelta orario di lavoro,29-OCT-24 05.23.16.512000 PM
15798.0,Download PDF dalla sezione Cedolini,10-OCT-24 03.36.59.658000 PM
6199.0,Normal user enters the Provvidenza Figli page,10-OCT-24 01.06.32.681000 PM
7530.0,Normal user tries to create new Provvidenza request for a child,07-OCT-24 11.10.48.559000 AM
6047.0,Normal user enters the Provvidenza Figli page,10-OCT-24 04.14.31.910000 PM
6355.0,Normal user enters the Provvidenza Figli page,10-OCT-24 03.55.42.397000 PM
6199.0,HR user tries to load Funzioni Batch,17-OCT-24 10.21.53.836000 AM
5271.0,HR/Normal user tries to update the answer,21-OCT-24 09.48.13.879000 AM
,Download PDF dalla sezione Cedolini,23-OCT-24 10.33.28.999000 AM
,Download PDF dalla sezione Cedolini,23-OCT-24 10.32.34.089000 AM
,Dettaglio elenco Cedolini e CU disponibili al download,08-OCT-24 12.49.40.272000 PM
,Dettaglio elenco Cedolini e CU disponibili al download,28-OCT-24 04.39.50.228000 PM
,Dettaglio elenco Cedolini e CU disponibili al download,28-OCT-24 04.19.04.903000 PM
,Dettaglio elenco Cedolini e CU disponibili al download,17-OCT-24 09.21.08.824000 AM
7348.0,HR/Normal user tries to update the answer,09-OCT-24 01.22.53.295000 PM
,Dettaglio elenco Cedolini e CU disponibili al download,28-OCT-24 04.00.00.529000 PM
,Dettaglio elenco Cedolini e CU disponibili al download,10-OCT-24 01.47.35.820000 PM
5361.0,HR/Normal user tries to update the answer,09-OCT-24 01.07.31.364000 PM
,Dettaglio elenco Cedolini e CU disponibili al download,17-OCT-24 09.20.58.890000 AM
6001.0,HR/Normal user tries to update the answer,17-OCT-24 02.06.21.127000 PM
13002972.0,Verifica possibilità di accesso a fondo pensione per Scelta Welfare,17-OCT-24 10.39.24.929000 AM
,Download PDF dalla sezione Cedolini,30-OCT-24 04.29.31.970000 PM
,Dettaglio elenco Cedolini e CU disponibili al download,17-OCT-24 09.21.06.651000 AM
,Download PDF dalla sezione Cedolini,18-OCT-24 10.00.47.062000 AM
5854.0,HR/Normal user tries to update the answer,10-OCT-24 03.00.33.089000 PM
7348.0,HR/Normal user tries to update the answer,09-OCT-24 01.22.58.314000 PM
,Download PDF dalla sezione Cedolini,25-OCT-24 03.46.58.515000 PM
,Dettaglio elenco Cedolini e CU disponibili al download,30-OCT-24 04.51.52.958000 PM
,Download PDF dalla sezione Cedolini,01-OCT-24 09.02.30.017000 AM
5849.0,Dettaglio elenco Cedolini e CU disponibili al download,30-OCT-24 04.15.02.470000 PM
,Download PDF dalla sezione Cedolini,17-OCT-24 10.37.51.849000 AM
13002394.0,Normal user enters the Provvidenza Figli page,29-OCT-24 05.11.03.805000 PM
,Download PDF dalla sezione Cedolini,30-OCT-24 05.18.59.217000 PM
13002972.0,Recupero dettagliutente per Scelta Welfare,17-OCT-24 10.41.51.896000 AM
,Download PDF dalla sezione Cedolini,18-OCT-24 10.17.26.209000 AM
6032.0,Dettaglio elenco Cedolini e CU disponibili al download,28-OCT-24 04.23.13.556000 PM
6380.0,Normal user enters the Provvidenza Figli page,10-OCT-24 01.36.58.528000 PM
,Download PDF dalla sezione Cedolini,30-OCT-24 05.25.18.941000 PM
,Dettaglio elenco Cedolini e CU disponibili al download,07-OCT-24 08.20.28.484000 AM
,Dettaglio elenco Cedolini e CU disponibili al download,29-OCT-24 06.00.23.160000 PM
5505.0,HR/Normal user tries to update the answer,07-OCT-24 08.59.01.109000 AM
5361.0,HR/Normal user tries to update the answer,09-OCT-24 01.07.27.727000 PM
,Download PDF dalla sezione Cedolini,17-OCT-24 02.50.13.952000 PM
5780.0,HR/Normal user tries to update the answer,07-OCT-24 08.20.30.486000 AM
5929.0,Verifica possibilità di accesso a fondo pensione per Scelta Welfare,28-OCT-24 04.23.18.825000 PM
,Dettaglio elenco Cedolini e CU disponibili al download,25-OCT-24 03.46.28.115000 PM
10871.0,Normal user enters the Provvidenza Figli page,03-OCT-24 06.18.27.270000 PM
,Dettaglio elenco Cedolini e CU disponibili al download,17-OCT-24 10.37.27.070000 AM
8220.0,Dettaglio elenco Cedolini e CU disponibili al download,28-OCT-24 03.22.07.942000 PM
,Dettaglio elenco Cedolini e CU disponibili al download,25-OCT-24 03.46.53.813000 PM
,Download PDF dalla sezione Cedolini,29-OCT-24 10.20.14.165000 AM
,Dettaglio elenco Cedolini e CU disponibili al download,07-OCT-24 08.47.54.058000 AM
,Dettaglio elenco Cedolini e CU disponibili al download,07-OCT-24 11.34.58.411000 AM
7348.0,HR/Normal user tries to update the answer,09-OCT-24 01.22.47.812000 PM
,Download PDF dalla sezione Cedolini,07-OCT-24 12.10.59.070000 PM
5590.0,HR/Normal user tries to update the answer,07-OCT-24 08.28.39.610000 AM
6282.0,HR/Normal user tries to update the answer,07-OCT-24 12.11.26.494000 PM
5811.0,Normal user assign new grade for the child while creating a request,07-OCT-24 08.42.23.555000 AM
7348.0,Normal user tries to create new Provvidenza request for a child,09-OCT-24 01.22.37.002000 PM
7832.0,HR/Normal user tries to update the answer,03-OCT-24 06.17.47.092000 PM
7188.0,HR/Normal user tries to update the answer,07-OCT-24 12.08.04.182000 PM
5878.0,HR/Normal user tries to update the answer,17-OCT-24 10.24.28.629000 AM
,Download PDF dalla sezione Cedolini,25-OCT-24 11.40.49.889000 AM
,Dettaglio elenco Cedolini e CU disponibili al download,29-OCT-24 08.48.23.930000 AM
9405.0,HR/Normal user tries to update the answer,07-OCT-24 12.19.45.595000 PM
6940.0,Normal user assign new grade for the child while creating a request,08-OCT-24 12.02.38.156000 PM
5145.0,Download PDF dalla sezione Cedolini,29-OCT-24 08.38.04.578000 AM
8195.0,Download PDF dalla sezione Cedolini,29-OCT-24 11.07.20.608000 AM
6940.0,HR/Normal user tries to update the answer,08-OCT-24 12.02.46.359000 PM
6331.0,Normal user assign new grade for the child while creating a request,07-OCT-24 12.26.47.355000 PM
8449.0,Dettaglio elenco Cedolini e CU disponibili al download,04-OCT-24 01.12.03.423000 PM
5555.0,Normal user assign new grade for the child while creating a request,07-OCT-24 12.27.40.695000 PM
5757.0,HR/Normal user tries to update the answer,07-OCT-24 12.54.51.604000 PM
5781.0,HR/Normal user tries to update the answer,04-OCT-24 01.11.04.894000 PM
5339.0,Download PDF dalla sezione Cedolini,29-OCT-24 09.01.06.002000 AM
6352.0,Normal user tries to create new Provvidenza request for a child,04-OCT-24 01.13.28.227000 PM
,Dettaglio elenco Cedolini e CU disponibili al download,29-OCT-24 10.46.11.485000 AM
,Download PDF dalla sezione Cedolini,25-OCT-24 05.49.31.599000 PM
7628.0,Normal user assign new grade for the child while creating a request,07-OCT-24 09.05.41.572000 AM
7325.0,Normal user assign new grade for the child while creating a request,04-OCT-24 01.02.54.409000 PM
5945.0,Normal user tries to create new Provvidenza request for a child,07-OCT-24 12.48.39.193000 PM
14621.0,Normal user enters the Provvidenza Figli page,28-OCT-24 03.34.01.493000 PM
5448.0,HR/Normal user tries to update the answer,09-OCT-24 08.41.27.101000 AM
13000881.0,Normal user tries to create new Provvidenza request for a child,04-OCT-24 01.53.25.733000 PM
7684.0,HR/Normal user tries to update the answer,21-OCT-24 08.58.18.751000 AM
,Download PDF dalla sezione Cedolini,30-OCT-24 05.23.05.513000 PM
7188.0,HR/Normal user tries to update the answer,07-OCT-24 12.08.07.628000 PM
5781.0,HR/Normal user tries to update the answer,04-OCT-24 01.08.44.131000 PM
16664.0,Verifica possibilità di accesso a fondo pensione per Scelta Welfare,02-OCT-24 09.25.34.025000 AM
,Download PDF dalla sezione Cedolini,25-OCT-24 03.46.42.763000 PM
5577.0,Normal user enters the Provvidenza Figli page,04-OCT-24 12.57.26.306000 PM
5555.0,Normal user enters the Provvidenza Figli page,07-OCT-24 12.27.39.290000 PM
5581.0,Normal user assign new grade for the child while creating a request,07-OCT-24 08.45.53.652000 AM
5577.0,HR/Normal user tries to update the answer,04-OCT-24 12.55.48.874000 PM
5092.0,Dettaglio elenco Cedolini e CU disponibili al download,29-OCT-24 08.58.23.019000 AM
,Dettaglio elenco Cedolini e CU disponibili al download,25-OCT-24 10.01.21.346000 AM
13002692.0,Verifica possibilità di accesso a fondo pensione per Scelta Welfare,04-OCT-24 12.45.24.036000 PM
,Download PDF dalla sezione Cedolini,29-OCT-24 10.06.17.957000 AM
5945.0,HR/Normal user tries to update the answer,07-OCT-24 12.52.25.933000 PM
5262.0,Verifica possibilità di accesso a fondo pensione per Scelta Welfare,29-OCT-24 08.37.18.533000 AM
,Download PDF dalla sezione Cedolini,25-OCT-24 05.02.29.237000 PM
,Download PDF dalla sezione Cedolini,07-OCT-24 12.55.37.710000 PM
5781.0,HR/Normal user tries to update the answer,04-OCT-24 01.10.56.349000 PM
5780.0,Normal user tries to create new Provvidenza request for a child,07-OCT-24 08.19.42.949000 AM
,Download PDF dalla sezione Cedolini,25-OCT-24 10.04.42.532000 AM
,Dettaglio elenco Cedolini e CU disponibili al download,25-OCT-24 10.25.35.482000 AM
13002994.0,Recupero dettagli utente per invio adesione Fondo Nazionale,25-OCT-24 10.22.34.066000 AM
5581.0,HR/Normal user tries to update the answer,07-OCT-24 08.46.34.812000 AM
5781.0,Normal user enters the Provvidenza Figli page,04-OCT-24 01.12.06.609000 PM
7703.0,HR/Normal user tries to update the answer,04-OCT-24 12.43.21.158000 PM
,Dettaglio elenco Cedolini e CU disponibili al download,29-OCT-24 09.03.00.452000 AM
13002832.0,Recupero dettagli utente per invio adesione Fondo Nazionale,04-OCT-24 12.59.47.834000 PM
,Dettaglio elenco Cedolini e CU disponibili al download,25-OCT-24 05.59.21.342000 PM
,Download PDF dalla sezione Cedolini,04-OCT-24 12.51.59.460000 PM
,Dettaglio elenco Cedolini e CU disponibili al download,25-OCT-24 10.40.47.295000 AM
,Download PDF dalla sezione Cedolini,25-OCT-24 10.38.28.037000 AM
5848.0,Normal / HR user updates the answer,04-OCT-24 01.39.38.608000 PM
,Download PDF dalla sezione Cedolini,25-OCT-24 10.32.44.210000 AM
7605.0,Normal user enters the Provvidenza Figli page,04-OCT-24 01.42.57.637000 PM
13002929.0,Recupero dettagli utente per Scelta orario di lavoro,04-OCT-24 01.38.39.759000 PM
6331.0,HR/Normal user tries to update the answer,07-OCT-24 12.27.06.170000 PM
,Download PDF dalla sezione Cedolini,23-OCT-24 10.32.15.959000 AM
6331.0,HR/Normal user tries to update the answer,07-OCT-24 12.26.52.473000 PM
,Download PDF dalla sezione Cedolini,25-OCT-24 11.08.18.834000 AM
13001573.0,Recupero dettagliutente per Scelta Welfare,29-OCT-24 11.08.32.869000 AM
,Download PDF dalla sezione Cedolini,25-OCT-24 10.26.50.593000 AM
5592.0,HR/Normal user tries to update the answer,17-OCT-24 03.27.47.931000 PM
5577.0,HR/Normal user tries to update the answer,04-OCT-24 12.56.20.030000 PM
,Download PDF dalla sezione Cedolini,25-OCT-24 10.04.52.283000 AM
,Download PDF dalla sezione Cedolini,25-OCT-24 01.50.20.664000 PM
6159.0,Dettaglio elenco Cedolini e CU disponibili al download,23-OCT-24 10.49.00.843000 AM
,Download PDF dalla sezione Cedolini,23-OCT-24 10.32.02.521000 AM
,Dettaglio elenco Cedolini e CU disponibili al download,25-OCT-24 10.45.15.759000 AM
,Download PDF dalla sezione Cedolini,23-OCT-24 10.36.27.104000 AM
,Download PDF dalla sezione Cedolini,25-OCT-24 01.49.58.217000 PM
5592.0,Normal user enters the Provvidenza Figli page,17-OCT-24 03.25.54.117000 PM
,Dettaglio elenco Cedolini e CU disponibili al download,24-OCT-24 06.46.10.643000 PM
,Download PDF dalla sezione Cedolini,23-OCT-24 10.34.11.235000 AM
,Download PDF dalla sezione Cedolini,23-OCT-24 10.32.17.575000 AM
7611.0,Normal user tries to create new Provvidenza request for a child,04-OCT-24 01.50.30.584000 PM
,Dettaglio elenco Cedolini e CU disponibili al download,25-OCT-24 01.49.42.055000 PM
,Download PDF dalla sezione Cedolini,25-OCT-24 10.19.17.993000 AM
,Download PDF dalla sezione Cedolini,23-OCT-24 10.36.21.412000 AM
13002986.0,Recupero dettagliutente per Scelta Welfare,22-OCT-24 07.50.21.314000 PM
13002974.0,Recupero dettagli utente per Scelta orario di lavoro,17-OCT-24 04.18.40.689000 PM
8245.0,Normal user enters the Provvidenza Figli page,07-OCT-24 10.47.16.222000 AM
6372.0,HR/Normal user tries to update the answer,03-OCT-24 01.27.23.227000 PM
,Download PDF dalla sezione Cedolini,25-OCT-24 01.24.10.664000 PM
7530.0,Normal user enters the Provvidenza Figli page,07-OCT-24 11.10.38.252000 AM
7843.0,HR/Normal user tries to update the answer,07-OCT-24 10.46.59.883000 AM
8245.0,HR tried to update grade,07-OCT-24 10.47.00.300000 AM
8245.0,Normal user enters the Provvidenza Figli page,07-OCT-24 10.46.54.613000 AM
,Download PDF dalla sezione Cedolini,25-OCT-24 01.54.58.889000 PM
8388.0,HR user update the status from Back office,07-OCT-24 10.43.23.658000 AM
,Download PDF dalla sezione Cedolini,25-OCT-24 01.55.46.711000 PM
5985.0,Download PDF dalla sezione Cedolini,22-OCT-24 09.33.48.028000 PM
,Download PDF dalla sezione Cedolini,25-OCT-24 01.55.40.824000 PM
,Dettaglio elenco Cedolini e CU disponibili al download,07-OCT-24 11.08.05.450000 AM
18476.0,Verifica possibilità di accesso a fondo pensione per Scelta Welfare,22-OCT-24 09.43.40.371000 PM
7530.0,HR/Normal user tries to update the answer,07-OCT-24 11.11.30.750000 AM
,Download PDF dalla sezione Cedolini,07-OCT-24 11.08.43.818000 AM
5556.0,Normal user tries to create new Provvidenza request for a child,07-OCT-24 10.48.57.079000 AM
,Download PDF dalla sezione Cedolini,25-OCT-24 02.00.21.973000 PM
7871.0,Download PDF dalla sezione Cedolini,03-OCT-24 09.13.43.684000 AM
,Download PDF dalla sezione Cedolini,07-OCT-24 11.21.43.079000 AM
13000484.0,HR/Normal user tries to update the answer,03-OCT-24 02.15.42.860000 PM
7871.0,Download PDF dalla sezione Cedolini,03-OCT-24 09.18.16.604000 AM
7199.0,Normal user enters the Provvidenza Figli page,03-OCT-24 01.31.28.440000 PM
,Download PDF dalla sezione Cedolini,15-OCT-24 03.02.13.328000 PM
7836.0,Normal user enters the Provvidenza Figli page,03-OCT-24 01.23.17.495000 PM
7199.0,HR tried to update grade,03-OCT-24 01.31.12.772000 PM
6736.0,HR/Normal user tries to update the answer,03-OCT-24 02.07.59.409000 PM
5854.0,HR/Normal user tries to update the answer,03-OCT-24 01.32.20.797000 PM
7949.0,Normal user enters the Provvidenza Figli page,03-OCT-24 01.32.38.064000 PM
7752.0,Normal user update grade for a child,03-OCT-24 01.22.49.282000 PM
13000760.0,Normal user tries to create new Provvidenza request for a child,03-OCT-24 01.36.04.844000 PM
13002865.0,Verifica possibilità di accesso a fondo pensione per Scelta Welfare,15-OCT-24 03.40.18.580000 PM
6770.0,HR/Normal user tries to update the answer,03-OCT-24 02.30.10.954000 PM
6850.0,HR/Normal user tries to update the answer,03-OCT-24 01.27.50.361000 PM
5575.0,Normal user update grade for a child,03-OCT-24 01.47.21.068000 PM
7099.0,HR/Normal user tries to update the answer,03-OCT-24 01.56.20.542000 PM
6080.0,Normal user enters the Provvidenza Figli page,03-OCT-24 02.35.13.412000 PM
6006.0,HR/Normal user tries to update the answer,03-OCT-24 01.45.06.844000 PM
5821.0,Normal user tries to create new Provvidenza request for a child,03-OCT-24 02.30.09.553000 PM
8866.0,Normal user enters the Provvidenza Figli page,03-OCT-24 02.02.39.245000 PM
5764.0,HR/Normal user tries to update the answer,03-OCT-24 01.56.55.609000 PM
13002865.0,Recupero dettagliutente per Scelta Welfare,15-OCT-24 03.40.18.486000 PM
,Dettaglio elenco Cedolini e CU disponibili al download,25-OCT-24 10.57.29.265000 AM
8438.0,Download PDF dalla sezione Cedolini,05-OCT-24 07.31.50.819000 PM
14259.0,Recupero dettagliutente per Scelta Welfare,25-OCT-24 11.03.28.520000 AM
,Dettaglio elenco Cedolini e CU disponibili al download,25-OCT-24 11.05.25.833000 AM
,Dettaglio elenco Cedolini e CU disponibili al download,25-OCT-24 11.24.30.220000 AM
,Download PDF dalla sezione Cedolini,25-OCT-24 01.55.22.735000 PM
5746.0,HR/Normal user tries to update the answer,04-OCT-24 10.17.09.372000 AM
13002928.0,Recupero dettagliutente per Scelta Welfare,04-OCT-24 10.20.47.201000 AM
6144.0,Normal user enters the Provvidenza Figli page,03-OCT-24 02.20.00.152000 PM
5540.0,Normal user enters the Provvidenza Figli page,04-OCT-24 10.17.19.026000 AM
,Dettaglio elenco Cedolini e CU disponibili al download,25-OCT-24 11.17.47.224000 AM
7185.0,Normal user enters the Provvidenza Figli page,03-OCT-24 02.28.27.141000 PM
7515.0,Normal user tries to create new Provvidenza request for a child,04-OCT-24 10.26.48.246000 AM
8062.0,HR/Normal user tries to update the answer,04-OCT-24 10.14.30.759000 AM
5238.0,HR/Normal user tries to update the answer,04-OCT-24 10.12.13.920000 AM
,Dettaglio elenco Cedolini e CU disponibili al download,29-OCT-24 04.42.28.883000 PM
5238.0,Normal user enters the Provvidenza Figli page,04-OCT-24 10.12.18.051000 AM
6104.0,Recupero dettagliutente per Scelta Welfare,29-OCT-24 04.35.54.020000 PM
,Download PDF dalla sezione Cedolini,25-OCT-24 11.28.36.569000 AM
7234.0,Normal / HR user updates the answer,04-OCT-24 10.40.09.291000 AM
6049.0,HR/Normal user tries to update the answer,04-OCT-24 10.55.31.338000 AM
7468.0,HR tried to update grade,04-OCT-24 10.29.49.476000 AM
6076.0,HR/Normal user tries to update the answer,04-OCT-24 10.02.52.070000 AM
6363.0,Normal user enters the Provvidenza Figli page,04-OCT-24 10.40.56.396000 AM
6672.0,HR/Normal user tries to update the answer,04-OCT-24 11.16.01.315000 AM
6363.0,Normal user tries to create new Provvidenza request for a child,04-OCT-24 10.40.08.930000 AM
7072.0,Dettaglio elenco Cedolini e CU disponibili al download,29-OCT-24 04.31.58.519000 PM
,Download PDF dalla sezione Cedolini,04-OCT-24 10.57.24.129000 AM
6076.0,Normal / HR user updates the answer,04-OCT-24 10.02.08.091000 AM
13002972.0,Normal user enters the Provvidenza Figli page,23-OCT-24 09.05.25.202000 AM
13002928.0,Recupero dettagli utente per invio adesione Fondo Nazionale,04-OCT-24 10.27.28.956000 AM
7468.0,Normal user enters the Provvidenza Figli page,04-OCT-24 10.31.12.342000 AM
6076.0,HR/Normal user tries to update the answer,04-OCT-24 10.02.36.937000 AM
7175.0,HR/Normal user tries to update the answer,04-OCT-24 11.16.45.467000 AM
5633.0,Normal user enters the Provvidenza Figli page,04-OCT-24 10.13.17.636000 AM
,Dettaglio elenco Cedolini e CU disponibili al download,22-OCT-24 06.06.16.319000 PM
8324.0,Recupero dettagliutente per Scelta Welfare,02-OCT-24 03.05.56.457000 PM
,Dettaglio elenco Cedolini e CU disponibili al download,19-OCT-24 06.24.12.332000 PM
6422.0,HR/Normal user tries to update the answer,09-OCT-24 04.24.46.008000 PM
,Dettaglio elenco Cedolini e CU disponibili al download,01-OCT-24 06.51.44.936000 PM
,Dettaglio elenco Cedolini e CU disponibili al download,15-OCT-24 03.12.36.490000 PM
,Dettaglio elenco Cedolini e CU disponibili al download,29-OCT-24 03.44.18.643000 PM
6199.0,Normal user enters the Provvidenza Figli page,29-OCT-24 12.12.15.040000 PM
5905.0,HR/Normal user tries to update the answer,04-OCT-24 12.35.38.982000 PM
8622.0,HR/Normal user tries to update the answer,04-OCT-24 10.18.28.543000 AM
15798.0,Dettaglio elenco Cedolini e CU disponibili al download,11-OCT-24 12.32.54.876000 PM
,Dettaglio elenco Cedolini e CU disponibili al download,28-OCT-24 09.26.32.342000 AM
5182.0,HR/Normal user tries to update the answer,09-OCT-24 12.12.56.947000 PM
,Dettaglio elenco Cedolini e CU disponibili al download,28-OCT-24 04.58.22.737000 PM
16786.0,Dettaglio elenco Cedolini e CU disponibili al download,23-OCT-24 02.41.24.496000 PM
13002734.0,Verifica possibilità di accesso a fondo pensione per Scelta Welfare,02-OCT-24 04.37.40.211000 PM
9210.0,Dettaglio elenco Cedolini e CU disponibili al download,14-OCT-24 02.56.40.837000 PM
,Dettaglio elenco Cedolini e CU disponibili al download,02-OCT-24 10.27.16.733000 AM
,Dettaglio elenco Cedolini e CU disponibili al download,01-OCT-24 11.36.39.736000 AM
5378.0,Normal user assign new grade for the child while creating a request,09-OCT-24 05.37.11.572000 PM
,Dettaglio elenco Cedolini e CU disponibili al download,28-OCT-24 09.16.27.666000 AM
6869.0,Normal user tries to create new Provvidenza request for a child,04-OCT-24 08.08.31.500000 AM
,Dettaglio elenco Cedolini e CU disponibili al download,25-OCT-24 09.29.28.846000 AM
5646.0,Recupero dettagliutente per Scelta Welfare,04-OCT-24 08.17.40.132000 AM
,Download PDF dalla sezione Cedolini,25-OCT-24 09.13.36.586000 AM
6595.0,Normal / HR user updates the answer,04-OCT-24 09.13.11.776000 AM
6076.0,Dettaglio elenco Cedolini e CU disponibili al download,31-OCT-24 09.18.53.830000 AM
7312.0,HR/Normal user tries to update the answer,04-OCT-24 08.22.44.297000 AM
5271.0,Normal user tries to create new Provvidenza request for a child,21-OCT-24 09.46.30.744000 AM
,Download PDF dalla sezione Cedolini,25-OCT-24 09.01.20.589000 AM
6194.0,Normal user assign new grade for the child while creating a request,04-OCT-24 08.42.34.312000 AM
,Download PDF dalla sezione Cedolini,25-OCT-24 09.04.15.007000 AM
,Download PDF dalla sezione Cedolini,25-OCT-24 09.02.48.749000 AM
,Download PDF dalla sezione Cedolini,25-OCT-24 09.04.43.871000 AM
6654.0,HR/Normal user tries to update the answer,04-OCT-24 08.56.56.329000 AM
18291.0,Download PDF dalla sezione Cedolini,04-OCT-24 09.23.40.565000 AM
15452.0,HR/Normal user tries to update the answer,04-OCT-24 09.00.59.185000 AM
14431.0,Normal user enters the Provvidenza Figli page,04-OCT-24 09.18.00.682000 AM
5240.0,HR/Normal user tries to update the answer,04-OCT-24 08.55.35.637000 AM
7267.0,Normal user enters the Provvidenza Figli page,04-OCT-24 08.57.41.179000 AM
6734.0,Normal user enters the Provvidenza Figli page,04-OCT-24 08.39.27.238000 AM
5749.0,HR tried to update grade,04-OCT-24 09.53.13.233000 AM
5982.0,HR/Normal user tries to update the answer,04-OCT-24 08.40.06.668000 AM
,Download PDF dalla sezione Cedolini,16-OCT-24 05.34.23.156000 PM
,Download PDF dalla sezione Cedolini,04-OCT-24 03.02.28.971000 PM
8189.0,HR/Normal user tries to update the answer,10-OCT-24 02.46.19.196000 PM
7231.0,Normal user enters the Provvidenza Figli page,08-OCT-24 09.20.55.618000 AM
,Download PDF dalla sezione Cedolini,25-OCT-24 04.57.49.838000 PM
13001141.0,Verifica possibilità di accesso a fondo pensione per Scelta Welfare,06-OCT-24 01.36.08.322000 AM
5479.0,Dettaglio elenco Cedolini e CU disponibili al download,29-OCT-24 04.27.04.059000 PM
7477.0,HR/Normal user tries to update the answer,08-OCT-24 09.28.05.376000 AM
7932.0,HR/Normal user tries to update the answer,04-OCT-24 04.03.32.188000 PM
,Dettaglio elenco Cedolini e CU disponibili al download,04-OCT-24 03.58.26.518000 PM
,A valid user enters the MIFID page details of the user would be logged,31-OCT-24 03.46.10.295000 PM
7605.0,HR/Normal user tries to update the answer,04-OCT-24 01.42.35.608000 PM
6578.0,Normal user enters the Provvidenza Figli page,03-OCT-24 02.13.49.613000 PM
8077.0,HR/Normal user tries to update the answer,07-OCT-24 09.08.44.309000 AM
16786.0,HR/Normal user tries to update the answer,03-OCT-24 01.48.57.572000 PM
,Download PDF dalla sezione Cedolini,10-OCT-24 05.53.33.183000 PM
7675.0,HR/Normal user tries to update the answer,03-OCT-24 02.00.16.181000 PM
9208.0,Normal user enters the Provvidenza Figli page,03-OCT-24 02.44.38.140000 PM
6378.0,HR/Normal user tries to update the answer,03-OCT-24 02.44.39.105000 PM
6089.0,Normal user assign new grade for the child while creating a request,04-OCT-24 08.46.22.844000 AM
,Download PDF dalla sezione Cedolini,28-OCT-24 02.55.49.061000 PM
6095.0,HR/Normal user tries to update the answer,04-OCT-24 09.39.18.299000 AM
16672.0,Normal user update grade for a child,09-OCT-24 03.24.08.494000 PM
8228.0,HR/Normal user tries to update the answer,03-OCT-24 02.39.26.644000 PM
5975.0,HR/Normal user tries to update the answer,03-OCT-24 01.58.03.821000 PM
5290.0,HR/Normal user tries to update the answer,03-OCT-24 02.54.21.861000 PM
7224.0,HR tried to update grade,03-OCT-24 02.41.13.516000 PM
16074.0,Normal user enters the Provvidenza Figli page,03-OCT-24 02.48.12.648000 PM
5884.0,Dettaglio elenco Cedolini e CU disponibili al download,03-OCT-24 01.48.10.421000 PM
5240.0,Normal user tries to create new Provvidenza request for a child,04-OCT-24 08.55.15.762000 AM
6906.0,HR/Normal user tries to update the answer,04-OCT-24 08.50.39.417000 AM
13002971.0,Recupero dettagli utente per Scelta orario di lavoro,20-OCT-24 06.28.00.721000 PM
13001184.0,HR tried to update grade,18-OCT-24 04.02.50.942000 PM
13000159.0,Normal user update grade for a child,04-OCT-24 08.46.19.351000 AM
19204.0,Normal user enters the Provvidenza Figli page,09-OCT-24 04.28.30.064000 PM
,Dettaglio elenco Cedolini e CU disponibili al download,24-OCT-24 05.22.05.889000 PM
6174.0,HR tried to update grade,07-OCT-24 10.41.11.887000 AM
16321.0,HR/Normal user tries to update the answer,07-OCT-24 10.44.30.805000 AM
,Download PDF dalla sezione Cedolini,07-OCT-24 11.09.18.396000 AM
5226.0,HR/Normal user tries to update the answer,07-OCT-24 10.59.15.566000 AM
5797.0,Normal user assign new grade for the child while creating a request,08-OCT-24 12.40.03.924000 PM
6199.0,Normal user enters the Provvidenza Figli page,09-OCT-24 01.15.30.411000 PM
13002224.0,Recupero dettagliutente per Scelta Welfare,30-OCT-24 04.13.36.646000 PM
,Download PDF dalla sezione Cedolini,17-OCT-24 09.49.47.046000 AM
,Download PDF dalla sezione Cedolini,29-OCT-24 10.07.39.007000 AM
8166.0,Normal user tries to create new Provvidenza request for a child,07-OCT-24 08.14.53.098000 AM
,Dettaglio elenco Cedolini e CU disponibili al download,29-OCT-24 06.02.15.998000 PM
6331.0,HR/Normal user tries to update the answer,07-OCT-24 12.26.15.524000 PM
8077.0,HR/Normal user tries to update the answer,07-OCT-24 09.08.49.548000 AM
6146.0,HR/Normal user tries to update the answer,05-OCT-24 05.32.02.815000 PM
,Dettaglio elenco Cedolini e CU disponibili al download,07-OCT-24 08.41.14.341000 AM
,Dettaglio elenco Cedolini e CU disponibili al download,25-OCT-24 09.57.52.678000 AM
7325.0,Normal user assign new grade for the child while creating a request,04-OCT-24 12.59.53.514000 PM
,Download PDF dalla sezione Cedolini,04-OCT-24 12.51.34.469000 PM
,Download PDF dalla sezione Cedolini,25-OCT-24 10.04.19.022000 AM
,Download PDF dalla sezione Cedolini,25-OCT-24 11.24.08.834000 AM
5459.0,Normal user tries to create new Provvidenza request for a child,07-OCT-24 11.25.22.790000 AM
6174.0,Normal user update grade for a child,07-OCT-24 10.53.50.433000 AM
7216.0,HR user tries to load Funzioni Batch,07-OCT-24 11.28.39.932000 AM
6906.0,Dettaglio elenco Cedolini e CU disponibili al download,22-OCT-24 10.55.43.256000 AM
6906.0,Dettaglio elenco Cedolini e CU disponibili al download,22-OCT-24 10.48.31.039000 AM
6199.0,HR user enters the Change Tipo Provvidenza  configuration,03-OCT-24 10.41.27.048000 AM
5463.0,HR/Normal user tries to update the answer,03-OCT-24 10.48.52.555000 AM
5365.0,HR/Normal user tries to update the answer,08-OCT-24 01.49.34.867000 PM
5238.0,Verifica possibilità di accesso a fondo pensione per Scelta Welfare,22-OCT-24 12.52.16.639000 PM
8370.0,Normal user update grade for a child,08-OCT-24 02.03.05.931000 PM
,Dettaglio elenco Cedolini e CU disponibili al download,01-OCT-24 04.48.28.894000 PM
6199.0,HR user updates the Tipo provvidenza configuration,03-OCT-24 10.41.04.310000 AM
8370.0,HR/Normal user tries to update the answer,08-OCT-24 01.57.07.929000 PM
,Download PDF dalla sezione Cedolini,25-OCT-24 10.04.29.154000 AM
5463.0,HR/Normal user tries to update the answer,03-OCT-24 10.48.25.505000 AM
6887.0,Normal user enters the Provvidenza Figli page,08-OCT-24 02.59.22.869000 PM
8708.0,Normal user assign new grade for the child while creating a request,03-OCT-24 01.21.25.511000 PM
6669.0,HR/Normal user tries to update the answer,03-OCT-24 01.20.53.606000 PM
8350.0,HR/Normal user tries to update the answer,03-OCT-24 01.21.41.300000 PM
9359.0,HR/Normal user tries to update the answer,03-OCT-24 01.19.47.876000 PM
7813.0,Normal user enters the Provvidenza Figli page,03-OCT-24 01.16.00.781000 PM
7129.0,Normal user enters the Provvidenza Figli page,03-OCT-24 01.21.59.098000 PM
7116.0,Normal user enters the Provvidenza Figli page,03-OCT-24 01.22.19.019000 PM
,Dettaglio elenco Cedolini e CU disponibili al download,30-OCT-24 10.25.18.361000 AM
5721.0,HR/Normal user tries to update the answer,03-OCT-24 01.22.02.871000 PM
6723.0,Normal user enters the Provvidenza Figli page,26-OCT-24 10.36.02.300000 AM
8453.0,HR/Normal user tries to update the answer,03-OCT-24 01.18.37.441000 PM
5219.0,Normal user assign new grade for the child while creating a request,03-OCT-24 01.17.43.630000 PM
13002994.0,Verifica possibilità di accesso a fondo pensione per Scelta Welfare,25-OCT-24 10.21.51.515000 AM
6556.0,Normal user tries to create new Provvidenza request for a child,03-OCT-24 01.18.24.305000 PM
6199.0,Normal user enters the Provvidenza Figli page,10-OCT-24 07.55.49.651000 AM
13001115.0,Recupero dettagliutente per Scelta Welfare,08-OCT-24 01.05.05.358000 PM
6219.0,HR/Normal user tries to update the answer,03-OCT-24 01.16.05.856000 PM
,Dettaglio elenco Cedolini e CU disponibili al download,25-OCT-24 10.03.54.964000 AM
5721.0,Normal user assign new grade for the child while creating a request,03-OCT-24 01.21.36.675000 PM
7263.0,HR/Normal user tries to update the answer,03-OCT-24 01.21.57.504000 PM
7124.0,HR/Normal user tries to update the answer,03-OCT-24 01.19.34.342000 PM
5802.0,Normal user enters the Provvidenza Figli page,03-OCT-24 01.22.17.600000 PM
5993.0,Normal user assign new grade for the child while creating a request,03-OCT-24 01.20.57.649000 PM
5802.0,Normal user tries to create new Provvidenza request for a child,03-OCT-24 01.22.23.262000 PM
,Dettaglio elenco Cedolini e CU disponibili al download,25-OCT-24 10.23.22.357000 AM
6915.0,HR/Normal user tries to update the answer,03-OCT-24 01.16.29.644000 PM
5731.0,Normal user assign new grade for the child while creating a request,03-OCT-24 01.17.55.343000 PM
8023.0,Normal user enters the Provvidenza Figli page,03-OCT-24 01.18.44.260000 PM
17721.0,Normal user assign new grade for the child while creating a request,03-OCT-24 01.17.43.203000 PM
,Download PDF dalla sezione Cedolini,03-OCT-24 12.24.56.451000 PM
7434.0,Normal user assign new grade for the child while creating a request,03-OCT-24 01.16.20.368000 PM
5849.0,Normal user enters the Provvidenza Figli page,03-OCT-24 07.21.43.707000 PM
6894.0,Normal user tries to create new Provvidenza request for a child,03-OCT-24 01.16.34.995000 PM
13001434.0,Normal user assign new grade for the child while creating a request,03-OCT-24 01.19.19.985000 PM
6882.0,Normal user enters the Provvidenza Figli page,03-OCT-24 01.21.34.831000 PM
6227.0,HR tried to update grade,03-OCT-24 01.18.17.300000 PM
8023.0,HR/Normal user tries to update the answer,03-OCT-24 01.18.15.480000 PM
,Download PDF dalla sezione Cedolini,10-OCT-24 09.06.59.645000 AM
6918.0,HR/Normal user tries to update the answer,03-OCT-24 01.17.10.391000 PM
,Download PDF dalla sezione Cedolini,08-OCT-24 12.49.48.075000 PM
5993.0,Normal user enters the Provvidenza Figli page,03-OCT-24 01.18.06.435000 PM
14669.0,HR/Normal user tries to update the answer,03-OCT-24 01.21.00.400000 PM
,Dettaglio elenco Cedolini e CU disponibili al download,25-OCT-24 10.08.40.173000 AM
9473.0,HR/Normal user tries to update the answer,03-OCT-24 01.18.49.332000 PM
,Dettaglio elenco Cedolini e CU disponibili al download,26-OCT-24 10.29.04.022000 AM
5467.0,HR/Normal user tries to update the answer,08-OCT-24 12.36.17.823000 PM
,Download PDF dalla sezione Cedolini,25-OCT-24 10.34.51.884000 AM
17721.0,HR/Normal user tries to update the answer,03-OCT-24 01.18.19.727000 PM
5893.0,Normal user enters the Provvidenza Figli page,03-OCT-24 01.15.32.303000 PM
6059.0,HR/Normal user tries to update the answer,03-OCT-24 01.21.43.274000 PM
6067.0,Normal user enters the Provvidenza Figli page,03-OCT-24 01.18.47.958000 PM
7906.0,Normal user tries to create new Provvidenza request for a child,03-OCT-24 01.18.48.187000 PM
13001627.0,HR/Normal user tries to update the answer,03-OCT-24 01.19.47.258000 PM
8309.0,Normal user enters the Provvidenza Figli page,03-OCT-24 01.14.45.700000 PM
8023.0,HR/Normal user tries to update the answer,03-OCT-24 01.18.50.776000 PM
,Dettaglio elenco Cedolini e CU disponibili al download,25-OCT-24 10.05.33.947000 AM
5847.0,Normal user enters the Provvidenza Figli page,03-OCT-24 01.21.23.951000 PM
7752.0,HR/Normal user tries to update the answer,03-OCT-24 01.22.19.566000 PM
17958.0,Recupero dettagliutente per Scelta Welfare,03-OCT-24 01.22.30.464000 PM
8124.0,HR/Normal user tries to update the answer,03-OCT-24 01.21.33.372000 PM
6059.0,HR/Normal user tries to update the answer,03-OCT-24 01.21.36.956000 PM
6956.0,Normal user assign new grade for the child while creating a request,03-OCT-24 01.21.34.171000 PM
8309.0,Normal user enters the Provvidenza Figli page,03-OCT-24 01.16.41.114000 PM
7458.0,HR/Normal user tries to update the answer,03-OCT-24 01.21.34.644000 PM
8708.0,HR/Normal user tries to update the answer,03-OCT-24 01.20.47.213000 PM
,Download PDF dalla sezione Cedolini,25-OCT-24 10.01.26.520000 AM
5958.0,HR/Normal user tries to update the answer,03-OCT-24 01.18.22.199000 PM
5863.0,HR/Normal user tries to update the answer,03-OCT-24 01.15.15.242000 PM
,Dettaglio elenco Cedolini e CU disponibili al download,03-OCT-24 01.22.07.810000 PM
6956.0,HR/Normal user tries to update the answer,03-OCT-24 01.21.46.981000 PM
7232.0,Normal user tries to create new Provvidenza request for a child,03-OCT-24 01.15.30.566000 PM
6852.0,HR tried to update grade,03-OCT-24 01.16.56.018000 PM
6486.0,HR/Normal user tries to update the answer,03-OCT-24 01.16.26.905000 PM
6008.0,Normal / HR user updates the answer,03-OCT-24 01.17.32.525000 PM
8124.0,Normal user tries to create new Provvidenza request for a child,03-OCT-24 01.21.01.767000 PM
6067.0,Normal user tries to create new Provvidenza request for a child,03-OCT-24 01.21.13.627000 PM
8708.0,Normal user tries to create new Provvidenza request for a child,03-OCT-24 01.21.25.352000 PM
8350.0,HR tried to update grade,03-OCT-24 01.22.04.663000 PM
17789.0,HR/Normal user tries to update the answer,03-OCT-24 01.21.52.285000 PM
7044.0,Normal user tries to create new Provvidenza request for a child,03-OCT-24 07.36.17.668000 PM
8350.0,Normal user tries to create new Provvidenza request for a child,03-OCT-24 01.21.12.668000 PM
7036.0,Normal user enters the Provvidenza Figli page,03-OCT-24 01.22.27.137000 PM
6365.0,Normal / HR user updates the answer,03-OCT-24 01.16.53.160000 PM
5895.0,Normal / HR user updates the answer,03-OCT-24 01.20.33.760000 PM
6669.0,HR/Normal user tries to update the answer,03-OCT-24 01.21.00.841000 PM
6894.0,HR/Normal user tries to update the answer,03-OCT-24 01.16.55.236000 PM
5731.0,Normal user assign new grade for the child while creating a request,03-OCT-24 01.16.25.503000 PM
6008.0,HR/Normal user tries to update the answer,03-OCT-24 01.18.20.996000 PM
6669.0,Normal user tries to create new Provvidenza request for a child,03-OCT-24 01.19.16.577000 PM
,Download PDF dalla sezione Cedolini,30-OCT-24 10.04.26.615000 AM
8410.0,HR tried to update grade,03-OCT-24 01.17.56.717000 PM
7081.0,Normal user assign new grade for the child while creating a request,03-OCT-24 01.17.31.553000 PM
8708.0,HR/Normal user tries to update the answer,03-OCT-24 01.21.34.072000 PM
6470.0,HR/Normal user tries to update the answer,03-OCT-24 01.20.28.967000 PM
8124.0,Normal user assign new grade for the child while creating a request,03-OCT-24 01.21.01.880000 PM
6224.0,HR/Normal user tries to update the answer,03-OCT-24 01.14.28.538000 PM
7458.0,Normal user tries to create new Provvidenza request for a child,03-OCT-24 01.21.14.242000 PM
6195.0,Normal user enters the Provvidenza Figli page,03-OCT-24 01.22.16.362000 PM
7868.0,HR/Normal user tries to update the answer,03-OCT-24 01.20.24.248000 PM
,Dettaglio elenco Cedolini e CU disponibili al download,25-OCT-24 10.01.00.015000 AM
7016.0,Normal user enters the Provvidenza Figli page,03-OCT-24 01.20.58.167000 PM
5130.0,HR/Normal user tries to update the answer,03-OCT-24 01.20.23.479000 PM
7386.0,HR/Normal user tries to update the answer,03-OCT-24 01.22.18.091000 PM
6360.0,Normal user enters the Provvidenza Figli page,03-OCT-24 01.20.07.108000 PM
6365.0,HR/Normal user tries to update the answer,03-OCT-24 01.16.35.636000 PM
7386.0,HR/Normal user tries to update the answer,03-OCT-24 01.21.12.853000 PM
6669.0,HR/Normal user tries to update the answer,03-OCT-24 01.21.04.240000 PM
6915.0,Normal user enters the Provvidenza Figli page,03-OCT-24 01.16.13.690000 PM
9473.0,Normal user enters the Provvidenza Figli page,03-OCT-24 01.17.00.209000 PM
14669.0,HR/Normal user tries to update the answer,03-OCT-24 01.21.33.924000 PM
5893.0,HR/Normal user tries to update the answer,03-OCT-24 01.18.06.002000 PM
13001434.0,HR/Normal user tries to update the answer,03-OCT-24 01.20.00.062000 PM
,Download PDF dalla sezione Cedolini,30-OCT-24 10.03.55.091000 AM
13002994.0,Verifica possibilità di accesso a fondo pensione per Scelta Welfare,25-OCT-24 10.23.27.811000 AM
,Dettaglio elenco Cedolini e CU disponibili al download,29-OCT-24 03.08.11.128000 PM
7016.0,HR/Normal user tries to update the answer,03-OCT-24 01.21.04.522000 PM
17789.0,HR/Normal user tries to update the answer,03-OCT-24 01.22.00.141000 PM
17958.0,Normal user enters the Provvidenza Figli page,03-OCT-24 01.22.14.898000 PM
7486.0,HR/Normal user tries to update the answer,03-OCT-24 01.20.53.095000 PM
7906.0,HR/Normal user tries to update the answer,03-OCT-24 01.19.03.670000 PM
7675.0,Normal user enters the Provvidenza Figli page,14-OCT-24 01.06.25.376000 PM
,Dettaglio elenco Cedolini e CU disponibili al download,16-OCT-24 07.43.36.381000 AM
7044.0,HR/Normal user tries to update the answer,03-OCT-24 07.36.34.343000 PM
17324.0,Recupero dettagli utente per Scelta orario di lavoro,30-OCT-24 10.12.55.328000 AM
,Dettaglio elenco Cedolini e CU disponibili al download,01-OCT-24 02.55.26.791000 PM
6199.0,HR user enters the Change Tipo Provvidenza  configuration,03-OCT-24 10.41.09.135000 AM
6745.0,Normal / HR user updates the answer,03-OCT-24 08.16.01.428000 PM
5849.0,Normal user enters the Provvidenza Figli page,03-OCT-24 07.21.07.291000 PM
,Download PDF dalla sezione Cedolini,03-OCT-24 10.36.44.631000 AM
6709.0,Normal user enters the Provvidenza Figli page,01-OCT-24 03.22.06.081000 PM
,Dettaglio elenco Cedolini e CU disponibili al download,01-OCT-24 02.56.53.542000 PM
5859.0,Normal user enters the Provvidenza Figli page,03-OCT-24 10.47.37.762000 AM
6745.0,Normal user enters the Provvidenza Figli page,03-OCT-24 08.15.51.738000 PM
6199.0,HR user updates the Tipo provvidenza configuration,03-OCT-24 10.41.26.941000 AM
5859.0,HR/Normal user tries to update the answer,03-OCT-24 10.49.58.434000 AM
,Download PDF dalla sezione Cedolini,24-OCT-24 11.46.44.519000 AM
13002985.0,Verifica possibilità di accesso a fondo pensione per Scelta Welfare,26-OCT-24 04.19.50.410000 PM
5859.0,HR/Normal user tries to update the answer,03-OCT-24 10.49.23.070000 AM
7601.0,Normal user enters the Provvidenza Figli page,03-OCT-24 01.22.10.412000 PM
,Dettaglio elenco Cedolini e CU disponibili al download,16-OCT-24 07.43.39.481000 AM
6915.0,Normal user enters the Provvidenza Figli page,03-OCT-24 01.16.39.026000 PM
6470.0,Normal user enters the Provvidenza Figli page,03-OCT-24 01.20.49.404000 PM
8410.0,HR/Normal user tries to update the answer,03-OCT-24 01.18.42.157000 PM
7151.0,HR/Normal user tries to update the answer,03-OCT-24 01.18.42.589000 PM
5893.0,HR/Normal user tries to update the answer,03-OCT-24 01.17.01.434000 PM
7434.0,HR/Normal user tries to update the answer,03-OCT-24 01.17.30.954000 PM
6219.0,Normal user enters the Provvidenza Figli page,03-OCT-24 01.15.34.739000 PM
5847.0,HR/Normal user tries to update the answer,03-OCT-24 01.22.36.562000 PM
,Download PDF dalla sezione Cedolini,28-OCT-24 10.24.27.380000 AM
,Dettaglio elenco Cedolini e CU disponibili al download,24-OCT-24 11.30.30.412000 AM
6556.0,Normal user enters the Provvidenza Figli page,03-OCT-24 01.18.16.194000 PM
7081.0,HR/Normal user tries to update the answer,03-OCT-24 01.17.55.363000 PM
6556.0,HR/Normal user tries to update the answer,03-OCT-24 01.17.10.947000 PM
6852.0,Normal user enters the Provvidenza Figli page,03-OCT-24 01.16.43.138000 PM
7342.0,Normal / HR user updates the answer,03-OCT-24 01.15.59.831000 PM
,Download PDF dalla sezione Cedolini,25-OCT-24 02.49.38.937000 PM
,Download PDF dalla sezione Cedolini,25-OCT-24 02.13.47.348000 PM
6186.0,Normal user tries to create new Provvidenza request for a child,11-OCT-24 09.53.20.287000 AM
5327.0,HR/Normal user tries to update the answer,11-OCT-24 10.21.55.953000 AM
,Dettaglio elenco Cedolini e CU disponibili al download,27-OCT-24 08.46.24.206000 AM
,Download PDF dalla sezione Cedolini,28-OCT-24 07.38.57.195000 AM
,Download PDF dalla sezione Cedolini,27-OCT-24 08.49.22.860000 AM
,Download PDF dalla sezione Cedolini,28-OCT-24 08.10.20.626000 AM
5771.0,HR/Normal user tries to update the answer,04-OCT-24 06.39.37.901000 PM
6143.0,HR/Normal user tries to update the answer,17-OCT-24 04.41.18.294000 PM
5199.0,Normal user enters the Provvidenza Figli page,16-OCT-24 04.29.57.748000 PM
,Dettaglio elenco Cedolini e CU disponibili al download,17-OCT-24 04.38.11.684000 PM
,Dettaglio elenco Cedolini e CU disponibili al download,01-OCT-24 09.12.37.774000 AM
6532.0,Verifica possibilità di accesso a fondo pensione per Scelta Welfare,07-OCT-24 05.24.15.205000 PM
13002735.0,Recupero dettagliutente per Scelta Welfare,16-OCT-24 04.02.04.079000 PM
5683.0,Normal user enters the Provvidenza Figli page,31-OCT-24 11.22.06.797000 AM
5934.0,HR/Normal user tries to update the answer,07-OCT-24 02.13.17.621000 PM
18618.0,Recupero dettagliutente per Scelta Welfare,23-OCT-24 01.58.54.577000 PM
,Download PDF dalla sezione Cedolini,31-OCT-24 02.44.58.158000 PM
18618.0,Verifica possibilità di accesso a fondo pensione per Scelta Welfare,23-OCT-24 01.58.54.600000 PM
13001109.0,Normal user update grade for a child,03-OCT-24 10.19.01.609000 PM
,Download PDF dalla sezione Cedolini,07-OCT-24 02.28.28.364000 PM
,Dettaglio elenco Cedolini e CU disponibili al download,31-OCT-24 02.44.57.968000 PM
,Download PDF dalla sezione Cedolini,25-OCT-24 01.50.21.603000 PM
8781.0,Normal user tries to create new Provvidenza request for a child,07-OCT-24 05.43.57.372000 PM
5622.0,Normal / HR user updates the answer,17-OCT-24 08.12.13.736000 AM
6003.0,HR/Normal user tries to update the answer,03-OCT-24 10.44.05.884000 PM
6420.0,Normal user enters the Provvidenza Figli page,07-OCT-24 05.19.59.502000 PM
7852.0,HR/Normal user tries to update the answer,07-OCT-24 02.30.27.095000 PM
15600.0,Normal user enters the Provvidenza Figli page,03-OCT-24 10.06.56.454000 PM
6349.0,Normal user update grade for a child,03-OCT-24 09.36.33.770000 PM
5622.0,HR/Normal user tries to update the answer,17-OCT-24 08.12.16.483000 AM
5972.0,Normal user tries to create new Provvidenza request for a child,03-OCT-24 09.53.42.102000 PM
,Dettaglio elenco Cedolini e CU disponibili al download,25-OCT-24 01.53.57.851000 PM
,Dettaglio elenco Cedolini e CU disponibili al download,07-OCT-24 01.21.58.469000 PM
,Download PDF dalla sezione Cedolini,25-OCT-24 01.48.45.640000 PM
5934.0,Dettaglio elenco Cedolini e CU disponibili al download,07-OCT-24 02.22.10.926000 PM
13001109.0,Normal / HR user updates the answer,03-OCT-24 10.19.37.503000 PM
6349.0,Normal user enters the Provvidenza Figli page,03-OCT-24 09.35.51.977000 PM
,Dettaglio elenco Cedolini e CU disponibili al download,24-OCT-24 07.53.04.121000 AM
,Download PDF dalla sezione Cedolini,25-OCT-24 01.55.33.739000 PM
,Dettaglio elenco Cedolini e CU disponibili al download,24-OCT-24 09.47.39.404000 AM
,Download PDF dalla sezione Cedolini,25-OCT-24 01.55.32.166000 PM
,Dettaglio elenco Cedolini e CU disponibili al download,24-OCT-24 04.08.16.256000 PM
6181.0,HR/Normal user tries to update the answer,11-OCT-24 12.23.44.037000 PM
,Dettaglio elenco Cedolini e CU disponibili al download,24-OCT-24 04.52.22.170000 PM
13002305.0,Verifica possibilità di accesso a fondo pensione per Scelta Welfare,09-OCT-24 07.40.25.378000 PM
5502.0,Normal user tries to create new Provvidenza request for a child,07-OCT-24 03.31.10.033000 PM
13002305.0,Recupero dettagli utente per Scelta orario di lavoro,11-OCT-24 12.54.20.044000 PM
,Dettaglio elenco Cedolini e CU disponibili al download,11-OCT-24 12.37.07.972000 PM
6181.0,Dettaglio elenco Cedolini e CU disponibili al download,11-OCT-24 12.22.16.043000 PM
19497.0,HR/Normal user tries to update the answer,07-OCT-24 03.27.42.768000 PM
5972.0,HR/Normal user tries to update the answer,03-OCT-24 09.55.14.553000 PM
6964.0,HR/Normal user tries to update the answer,06-OCT-24 03.43.12.462000 PM
,Download PDF dalla sezione Cedolini,07-OCT-24 03.20.48.076000 PM
7276.0,Normal user enters the Provvidenza Figli page,03-OCT-24 06.04.54.250000 PM
5979.0,Normal user assign new grade for the child while creating a request,03-OCT-24 06.02.48.541000 PM
,Download PDF dalla sezione Cedolini,31-OCT-24 04.08.18.930000 PM
,Download PDF dalla sezione Cedolini,25-OCT-24 03.36.43.056000 PM
,Dettaglio elenco Cedolini e CU disponibili al download,30-OCT-24 04.51.59.803000 PM
6003.0,Normal user enters the Provvidenza Figli page,03-OCT-24 10.44.47.190000 PM
7266.0,Normal user tries to create new Provvidenza request for a child,06-OCT-24 05.17.18.051000 PM
5450.0,HR/Normal user tries to update the answer,07-OCT-24 04.18.49.520000 PM
,Download PDF dalla sezione Cedolini,25-OCT-24 01.55.03.239000 PM
5979.0,HR/Normal user tries to update the answer,03-OCT-24 06.02.35.045000 PM
,A valid user enters the MIFID page details of the user would be logged,02-OCT-24 12.49.50.533000 PM
,Dettaglio elenco Cedolini e CU disponibili al download,25-OCT-24 01.48.34.736000 PM
,Dettaglio elenco Cedolini e CU disponibili al download,30-OCT-24 04.59.24.062000 PM
6107.0,Dettaglio elenco Cedolini e CU disponibili al download,30-OCT-24 05.29.49.607000 PM
,Download PDF dalla sezione Cedolini,25-OCT-24 01.55.43.000000 PM
,Download PDF dalla sezione Cedolini,24-OCT-24 09.39.56.075000 AM
7276.0,HR/Normal user tries to update the answer,03-OCT-24 06.04.09.669000 PM
5351.0,Normal user tries to create new Provvidenza request for a child,04-OCT-24 11.23.45.026000 AM
,Download PDF dalla sezione Cedolini,02-OCT-24 11.39.58.185000 AM
,Download PDF dalla sezione Cedolini,07-OCT-24 02.55.21.301000 PM
,Download PDF dalla sezione Cedolini,02-OCT-24 11.37.43.668000 AM
17188.0,HR/Normal user tries to update the answer,04-OCT-24 11.38.49.507000 AM
,Dettaglio elenco Cedolini e CU disponibili al download,24-OCT-24 01.28.34.583000 PM
7266.0,HR/Normal user tries to update the answer,06-OCT-24 05.18.27.436000 PM
13000509.0,Recupero dettagliutente per Scelta Welfare,01-OCT-24 10.48.49.420000 AM
7801.0,Normal user tries to create new Provvidenza request for a child,04-OCT-24 11.35.37.163000 AM
7055.0,Normal user tries to create new Provvidenza request for a child,06-OCT-24 05.48.50.284000 PM
5139.0,HR/Normal user tries to update the answer,04-OCT-24 11.20.19.489000 AM
13002070.0,Recupero dettagliutente per Scelta Welfare,11-OCT-24 11.18.25.549000 PM
,Dettaglio elenco Cedolini e CU disponibili al download,01-OCT-24 09.40.47.475000 AM
5502.0,Normal user enters the Provvidenza Figli page,07-OCT-24 03.31.06.938000 PM
,Download PDF dalla sezione Cedolini,30-OCT-24 05.18.06.980000 PM
,Download PDF dalla sezione Cedolini,21-OCT-24 11.07.25.847000 AM
,Download PDF dalla sezione Cedolini,04-OCT-24 11.38.51.051000 AM
13002097.0,Recupero dettagli utente per Scelta orario di lavoro,07-OCT-24 03.05.20.012000 PM
6335.0,Normal user enters the Provvidenza Figli page,04-OCT-24 04.35.15.743000 PM
6482.0,Normal user enters the Provvidenza Figli page,04-OCT-24 04.10.58.508000 PM
7801.0,HR/Normal user tries to update the answer,04-OCT-24 11.35.56.876000 AM
19497.0,HR/Normal user tries to update the answer,07-OCT-24 03.27.40.308000 PM
,Dettaglio elenco Cedolini e CU disponibili al download,23-OCT-24 09.11.38.176000 AM
13001389.0,Verifica possibilità di accesso a fondo pensione per Scelta Welfare,07-OCT-24 03.20.16.579000 PM
5139.0,Normal user assign new grade for the child while creating a request,04-OCT-24 11.18.34.889000 AM
,Download PDF dalla sezione Cedolini,01-OCT-24 09.46.20.483000 AM
,Dettaglio elenco Cedolini e CU disponibili al download,18-OCT-24 11.50.02.027000 AM
,Download PDF dalla sezione Cedolini,21-OCT-24 11.07.14.374000 AM
5188.0,Normal user enters the Provvidenza Figli page,04-OCT-24 04.48.44.765000 PM
5495.0,Normal user enters the Provvidenza Figli page,04-OCT-24 12.28.17.213000 PM
,Dettaglio elenco Cedolini e CU disponibili al download,04-OCT-24 04.30.33.795000 PM
,Download PDF dalla sezione Cedolini,09-OCT-24 06.51.01.961000 PM
6843.0,HR/Normal user tries to update the answer,04-OCT-24 12.22.00.628000 PM
5495.0,HR/Normal user tries to update the answer,04-OCT-24 12.29.00.490000 PM
,Download PDF dalla sezione Cedolini,04-OCT-24 12.39.35.731000 PM
,Dettaglio elenco Cedolini e CU disponibili al download,24-OCT-24 09.11.50.865000 AM
16940.0,HR/Normal user tries to update the answer,04-OCT-24 04.53.39.948000 PM
14621.0,HR tried to update grade,04-OCT-24 12.30.41.814000 PM
,Download PDF dalla sezione Cedolini,18-OCT-24 12.44.48.904000 PM
5188.0,Recupero dettagliutente per Scelta Welfare,07-OCT-24 03.14.19.956000 PM
,Dettaglio elenco Cedolini e CU disponibili al download,24-OCT-24 01.53.30.793000 PM
,Download PDF dalla sezione Cedolini,21-OCT-24 11.07.29.155000 AM
,Download PDF dalla sezione Cedolini,21-OCT-24 11.07.20.855000 AM
16940.0,Normal user tries to create new Provvidenza request for a child,04-OCT-24 04.53.21.905000 PM
5526.0,HR/Normal user tries to update the answer,03-OCT-24 03.00.15.760000 PM
,Download PDF dalla sezione Cedolini,21-OCT-24 11.06.54.748000 AM
,Dettaglio elenco Cedolini e CU disponibili al download,24-OCT-24 08.45.25.559000 AM
6103.0,Normal user enters the Provvidenza Figli page,03-OCT-24 03.11.19.567000 PM
,Download PDF dalla sezione Cedolini,25-OCT-24 06.49.45.109000 AM
,Dettaglio elenco Cedolini e CU disponibili al download,18-OCT-24 12.41.29.039000 PM
,Lettura e accettazione dell'accordo di smartworking,03-OCT-24 11.37.52.369000 AM
6914.0,HR/Normal user tries to update the answer,03-OCT-24 03.12.09.619000 PM
,Dettaglio elenco Cedolini e CU disponibili al download,24-OCT-24 09.18.34.302000 AM
6199.0,Normal user enters the Provvidenza Figli page,21-OCT-24 11.30.05.571000 AM
8059.0,Recupero dettagliutente per Scelta Welfare,24-OCT-24 12.37.50.364000 PM
5629.0,HR/Normal user tries to update the answer,03-OCT-24 03.09.14.075000 PM
5790.0,Normal user enters the Provvidenza Figli page,03-OCT-24 02.59.21.188000 PM
6913.0,Normal user tries to create new Provvidenza request for a child,03-OCT-24 03.32.29.888000 PM
5961.0,HR/Normal user tries to update the answer,03-OCT-24 03.06.18.863000 PM
7759.0,HR/Normal user tries to update the answer,03-OCT-24 03.07.17.471000 PM
6245.0,HR/Normal user tries to update the answer,03-OCT-24 02.56.34.138000 PM
13001798.0,HR/Normal user tries to update the answer,03-OCT-24 03.40.10.991000 PM
17987.0,Normal user assign new grade for the child while creating a request,03-OCT-24 03.24.03.466000 PM
5629.0,HR/Normal user tries to update the answer,03-OCT-24 03.09.18.496000 PM
6103.0,HR/Normal user tries to update the answer,03-OCT-24 03.10.02.416000 PM
6913.0,HR/Normal user tries to update the answer,03-OCT-24 03.31.31.909000 PM
5938.0,HR/Normal user tries to update the answer,03-OCT-24 03.20.11.811000 PM
5629.0,Normal user assign new grade for the child while creating a request,03-OCT-24 03.09.27.080000 PM
5938.0,HR/Normal user tries to update the answer,03-OCT-24 03.16.19.154000 PM
6124.0,Normal user assign new grade for the child while creating a request,03-OCT-24 04.08.19.970000 PM
18554.0,Normal user enters the Provvidenza Figli page,03-OCT-24 03.28.35.061000 PM
6245.0,HR/Normal user tries to update the answer,03-OCT-24 02.56.44.777000 PM
6017.0,Normal user enters the Provvidenza Figli page,03-OCT-24 02.55.14.334000 PM
8969.0,Normal user assign new grade for the child while creating a request,04-OCT-24 06.17.59.069000 PM
6245.0,Normal user enters the Provvidenza Figli page,03-OCT-24 02.55.01.675000 PM
17098.0,Normal user tries to create new Provvidenza request for a child,03-OCT-24 03.04.00.704000 PM
,Dettaglio elenco Cedolini e CU disponibili al download,24-OCT-24 08.29.32.202000 AM
6121.0,Normal user enters the Provvidenza Figli page,03-OCT-24 03.08.10.628000 PM
13001783.0,Normal user enters the Provvidenza Figli page,03-OCT-24 03.04.22.192000 PM
5984.0,HR/Normal user tries to update the answer,03-OCT-24 03.16.01.885000 PM
5790.0,Normal user enters the Provvidenza Figli page,03-OCT-24 02.57.23.113000 PM
,Download PDF dalla sezione Cedolini,25-OCT-24 04.24.35.792000 PM
,Dettaglio elenco Cedolini e CU disponibili al download,03-OCT-24 03.06.27.956000 PM
,Dettaglio elenco Cedolini e CU disponibili al download,25-OCT-24 07.58.44.115000 AM
6788.0,Normal user assign new grade for the child while creating a request,03-OCT-24 03.05.21.298000 PM
6400.0,HR/Normal user tries to update the answer,03-OCT-24 03.39.10.047000 PM
18554.0,Normal user tries to create new Provvidenza request for a child,03-OCT-24 03.27.32.797000 PM
5433.0,Normal user tries to create new Provvidenza request for a child,03-OCT-24 02.59.30.990000 PM
13001798.0,Normal user enters the Provvidenza Figli page,03-OCT-24 03.40.52.275000 PM
13001316.0,HR/Normal user tries to update the answer,03-OCT-24 03.45.11.290000 PM
7272.0,HR/Normal user tries to update the answer,03-OCT-24 02.59.33.105000 PM
6610.0,HR tried to update grade,03-OCT-24 03.09.01.010000 PM
8203.0,Normal / HR user updates the answer,03-OCT-24 03.20.33.786000 PM
7989.0,Verifica possibilità di accesso a fondo pensione per Scelta Welfare,03-OCT-24 03.02.44.506000 PM
6610.0,HR/Normal user tries to update the answer,03-OCT-24 03.09.08.618000 PM
6849.0,HR/Normal user tries to update the answer,03-OCT-24 03.38.13.678000 PM
5885.0,Normal user tries to create new Provvidenza request for a child,03-OCT-24 03.59.45.822000 PM
7355.0,Dettaglio elenco Cedolini e CU disponibili al download,03-OCT-24 03.10.37.933000 PM
5407.0,HR/Normal user tries to update the answer,03-OCT-24 03.09.49.876000 PM
,Download PDF dalla sezione Cedolini,21-OCT-24 12.14.57.887000 PM
5885.0,HR/Normal user tries to update the answer,03-OCT-24 03.59.55.888000 PM
9238.0,HR/Normal user tries to update the answer,03-OCT-24 03.56.28.795000 PM
6509.0,HR/Normal user tries to update the answer,03-OCT-24 03.57.22.073000 PM
6124.0,Normal user tries to create new Provvidenza request for a child,03-OCT-24 04.07.31.304000 PM
6735.0,Normal user tries to create new Provvidenza request for a child,03-OCT-24 04.01.45.677000 PM
5938.0,Normal user update grade for a child,03-OCT-24 03.32.52.263000 PM
5718.0,Normal / HR user updates the answer,03-OCT-24 03.15.48.351000 PM
6813.0,HR/Normal user tries to update the answer,03-OCT-24 02.55.02.308000 PM
5629.0,Normal user assign new grade for the child while creating a request,03-OCT-24 03.09.04.942000 PM
,Download PDF dalla sezione Cedolini,04-OCT-24 04.45.02.619000 PM
6050.0,Normal user tries to create new Provvidenza request for a child,03-OCT-24 03.17.15.413000 PM
5612.0,Dettaglio elenco Cedolini e CU disponibili al download,03-OCT-24 03.32.53.133000 PM
13000105.0,HR/Normal user tries to update the answer,03-OCT-24 02.56.19.549000 PM
13002832.0,HR/Normal user tries to update the answer,03-OCT-24 03.12.18.124000 PM
5096.0,Normal / HR user updates the answer,03-OCT-24 02.56.53.018000 PM
6122.0,HR/Normal user tries to update the answer,03-OCT-24 02.57.21.214000 PM
6849.0,HR/Normal user tries to update the answer,03-OCT-24 03.39.28.802000 PM
6368.0,Normal user enters the Provvidenza Figli page,03-OCT-24 03.34.23.228000 PM
9238.0,Normal user tries to create new Provvidenza request for a child,03-OCT-24 03.56.20.889000 PM
7864.0,HR/Normal user tries to update the answer,03-OCT-24 03.33.09.830000 PM
6103.0,HR/Normal user tries to update the answer,03-OCT-24 03.11.04.846000 PM
13001316.0,Normal user enters the Provvidenza Figli page,03-OCT-24 03.43.50.518000 PM
,Download PDF dalla sezione Cedolini,30-OCT-24 10.16.45.752000 AM
,Dettaglio elenco Cedolini e CU disponibili al download,24-OCT-24 04.01.46.986000 PM
5404.0,Normal / HR user updates the answer,03-OCT-24 03.18.23.121000 PM
9238.0,HR/Normal user tries to update the answer,03-OCT-24 03.57.01.189000 PM
5850.0,HR/Normal user tries to update the answer,03-OCT-24 03.38.35.077000 PM
5885.0,HR/Normal user tries to update the answer,03-OCT-24 03.59.23.926000 PM
5885.0,Normal user assign new grade for the child while creating a request,03-OCT-24 03.59.46.086000 PM
6204.0,HR/Normal user tries to update the answer,03-OCT-24 04.00.20.238000 PM
7852.0,Normal user enters the Provvidenza Figli page,07-OCT-24 02.29.34.279000 PM
,Dettaglio elenco Cedolini e CU disponibili al download,03-OCT-24 03.10.31.145000 PM
7109.0,HR/Normal user tries to update the answer,03-OCT-24 03.06.01.191000 PM
5961.0,Normal user enters the Provvidenza Figli page,03-OCT-24 03.06.12.462000 PM
6245.0,HR/Normal user tries to update the answer,03-OCT-24 02.55.58.932000 PM
18554.0,HR/Normal user tries to update the answer,03-OCT-24 03.27.53.237000 PM
,Accesso alle funzionalità BackOffice di Cedolini e CU per dettaglio PDF caricati per società,24-OCT-24 05.03.29.859000 PM
6938.0,Normal user assign new grade for the child while creating a request,03-OCT-24 09.20.22.315000 PM
5938.0,Normal user enters the Provvidenza Figli page,03-OCT-24 03.33.30.208000 PM
6735.0,Normal user enters the Provvidenza Figli page,03-OCT-24 04.03.12.069000 PM
6159.0,Normal user tries to create new Provvidenza request for a child,03-OCT-24 04.08.34.024000 PM
,Download PDF dalla sezione Cedolini,25-OCT-24 08.06.56.159000 AM
,Dettaglio elenco Cedolini e CU disponibili al download,24-OCT-24 05.44.19.482000 PM
7916.0,Dettaglio elenco Cedolini e CU disponibili al download,24-OCT-24 05.26.23.343000 PM
6783.0,Recupero dettagli utente per Scelta orario di lavoro,30-OCT-24 10.20.18.935000 AM
,Download PDF dalla sezione Cedolini,25-OCT-24 04.25.45.100000 PM
5670.0,Normal user enters the Provvidenza Figli page,03-OCT-24 03.30.00.949000 PM
5938.0,HR/Normal user tries to update the answer,03-OCT-24 03.16.27.915000 PM
7101.0,HR/Normal user tries to update the answer,03-OCT-24 04.01.03.572000 PM
,Dettaglio elenco Cedolini e CU disponibili al download,24-OCT-24 05.41.01.173000 PM
,Dettaglio elenco Cedolini e CU disponibili al download,24-OCT-24 05.40.58.463000 PM
5662.0,Normal / HR user updates the answer,03-OCT-24 09.46.14.077000 PM
8781.0,HR/Normal user tries to update the answer,07-OCT-24 05.44.08.552000 PM
,Download PDF dalla sezione Cedolini,26-OCT-24 06.11.41.265000 PM
7203.0,Normal user enters the Provvidenza Figli page,03-OCT-24 03.46.45.711000 PM
,Dettaglio elenco Cedolini e CU disponibili al download,24-OCT-24 05.01.38.999000 PM
17731.0,Normal user enters the Provvidenza Figli page,14-OCT-24 03.43.45.502000 PM
6244.0,HR/Normal user tries to update the answer,11-OCT-24 04.32.37.883000 PM
,Accesso alle funzionalità BackOffice di Cedolini e CU per dettaglio PDF caricati per società,24-OCT-24 04.59.23.769000 PM
,Download PDF dalla sezione Cedolini,26-OCT-24 06.11.42.717000 PM
13002783.0,Recupero dettagliutente per Scelta Welfare,16-OCT-24 12.52.49.936000 PM
5662.0,HR/Normal user tries to update the answer,03-OCT-24 09.46.25.721000 PM
,Accesso alle funzionalità BackOffice di Cedolini e CU per dettaglio PDF caricati per società,24-OCT-24 04.59.24.961000 PM
,Dettaglio elenco Cedolini e CU disponibili al download,24-OCT-24 04.20.09.767000 PM
8320.0,Normal user enters the Provvidenza Figli page,11-OCT-24 06.15.38.894000 PM
,Download PDF dalla sezione Cedolini,11-OCT-24 07.04.43.410000 PM
7313.0,Normal / HR user updates the answer,07-OCT-24 11.59.23.972000 AM
6244.0,Normal user enters the Provvidenza Figli page,11-OCT-24 04.32.18.330000 PM
17151.0,HR/Normal user tries to update the answer,11-OCT-24 06.10.00.058000 PM
,Dettaglio elenco Cedolini e CU disponibili al download,25-OCT-24 01.49.33.627000 PM
,Accesso alle funzionalità BackOffice di Cedolini e CU per dettaglio PDF caricati per società,24-OCT-24 05.03.11.007000 PM
7313.0,Normal user enters the Provvidenza Figli page,07-OCT-24 12.01.04.852000 PM
13002930.0,Recupero dettagli utente per Scelta orario di lavoro,13-OCT-24 10.55.42.306000 PM
17151.0,HR/Normal user tries to update the answer,11-OCT-24 06.12.54.152000 PM
,Download PDF dalla sezione Cedolini,14-OCT-24 11.00.04.415000 AM
8288.0,HR/Normal user tries to update the answer,08-OCT-24 02.23.23.869000 PM
17151.0,HR/Normal user tries to update the answer,11-OCT-24 06.09.33.210000 PM
7916.0,Dettaglio elenco Cedolini e CU disponibili al download,24-OCT-24 05.32.15.859000 PM
8288.0,Normal user enters the Provvidenza Figli page,08-OCT-24 02.23.45.224000 PM
5754.0,Normal user tries to create new Provvidenza request for a child,07-OCT-24 12.20.34.746000 PM
,Download PDF dalla sezione Cedolini,24-OCT-24 05.10.46.226000 PM
8040.0,Normal user enters the Provvidenza Figli page,07-OCT-24 11.59.59.383000 AM
5831.0,Normal user tries to create new Provvidenza request for a child,06-OCT-24 07.58.08.551000 PM
5647.0,HR/Normal user tries to update the answer,07-OCT-24 01.00.42.384000 PM
5581.0,Normal user tries to create new Provvidenza request for a child,07-OCT-24 08.45.53.527000 AM
,Download PDF dalla sezione Cedolini,09-OCT-24 07.13.13.394000 PM
,Dettaglio elenco Cedolini e CU disponibili al download,07-OCT-24 12.16.24.416000 PM
7313.0,Normal user enters the Provvidenza Figli page,07-OCT-24 12.01.29.043000 PM
7307.0,Download PDF dalla sezione Cedolini,28-OCT-24 04.14.57.085000 PM
6979.0,HR/Normal user tries to update the answer,07-OCT-24 12.53.52.713000 PM
6137.0,Normal user enters the Provvidenza Figli page,07-OCT-24 08.35.24.165000 AM
6282.0,Normal user assign new grade for the child while creating a request,07-OCT-24 12.11.06.753000 PM
7380.0,Normal user enters the Provvidenza Figli page,07-OCT-24 12.39.57.631000 PM
5757.0,HR/Normal user tries to update the answer,07-OCT-24 12.55.21.900000 PM
14619.0,Normal user enters the Provvidenza Figli page,04-OCT-24 09.14.45.896000 PM
19449.0,Download PDF dalla sezione Cedolini,28-OCT-24 04.09.36.996000 PM
13001387.0,Verifica possibilità di accesso a fondo pensione per Scelta Welfare,28-OCT-24 04.11.18.429000 PM
15649.0,Normal user tries to create new Provvidenza request for a child,24-OCT-24 09.57.03.232000 AM
,Download PDF dalla sezione Cedolini,07-OCT-24 12.38.45.973000 PM
,Download PDF dalla sezione Cedolini,08-OCT-24 02.34.37.626000 PM
8264.0,Normal user update grade for a child,03-OCT-24 05.44.12.067000 PM
13002865.0,Verifica possibilità di accesso a fondo pensione per Scelta Welfare,07-OCT-24 08.52.01.332000 AM
13001233.0,Verifica possibilità di accesso a fondo pensione per Scelta Welfare,07-OCT-24 12.45.47.200000 PM
6979.0,HR/Normal user tries to update the answer,07-OCT-24 12.55.04.099000 PM
8166.0,Normal user enters the Provvidenza Figli page,07-OCT-24 08.13.46.520000 AM
5590.0,Normal user enters the Provvidenza Figli page,07-OCT-24 08.25.50.201000 AM
5527.0,Normal user enters the Provvidenza Figli page,14-OCT-24 11.34.32.742000 AM
,Dettaglio elenco Cedolini e CU disponibili al download,22-OCT-24 01.51.06.851000 PM
6872.0,Normal user enters the Provvidenza Figli page,11-OCT-24 04.20.09.053000 PM
19359.0,Recupero dettagliutente per Scelta Welfare,28-OCT-24 04.14.43.854000 PM
6982.0,Normal user tries to create new Provvidenza request for a child,07-OCT-24 08.10.22.381000 AM
7375.0,Normal user tries to create new Provvidenza request for a child,03-OCT-24 05.31.03.005000 PM
,Download PDF dalla sezione Cedolini,07-OCT-24 12.56.12.630000 PM
,Download PDF dalla sezione Cedolini,22-OCT-24 01.42.56.019000 PM
,Dettaglio elenco Cedolini e CU disponibili al download,28-OCT-24 04.09.11.591000 PM
7375.0,Normal user assign new grade for the child while creating a request,03-OCT-24 05.29.22.186000 PM
,Download PDF dalla sezione Cedolini,28-OCT-24 04.24.11.718000 PM
19449.0,Download PDF dalla sezione Cedolini,28-OCT-24 04.09.16.974000 PM
8986.0,Recupero dettagli utente per invio adesione Fondo Nazionale,28-OCT-24 04.17.54.827000 PM
6828.0,Normal user tries to create new Provvidenza request for a child,03-OCT-24 05.30.07.415000 PM
19359.0,Recupero dettagli utente per Scelta orario di lavoro,28-OCT-24 04.15.14.415000 PM
5590.0,HR/Normal user tries to update the answer,07-OCT-24 08.27.24.277000 AM
8166.0,HR/Normal user tries to update the answer,07-OCT-24 08.14.09.702000 AM
19449.0,Download PDF dalla sezione Cedolini,28-OCT-24 04.09.02.806000 PM
5272.0,Normal / HR user updates the answer,07-OCT-24 04.22.28.553000 PM
5505.0,Normal / HR user updates the answer,07-OCT-24 08.58.43.567000 AM
,Dettaglio elenco Cedolini e CU disponibili al download,28-OCT-24 04.16.34.341000 PM
6376.0,Normal user enters the Provvidenza Figli page,11-OCT-24 04.16.15.471000 PM
13002994.0,Recupero dettagliutente per Scelta Welfare,25-OCT-24 03.35.40.596000 PM
6084.0,HR tried to update grade,11-OCT-24 04.50.31.396000 PM
6982.0,HR/Normal user tries to update the answer,07-OCT-24 08.10.41.339000 AM
5473.0,Normal user tries to create new Provvidenza request for a child,11-OCT-24 04.22.59.404000 PM
5817.0,Verifica possibilità di accesso a fondo pensione per Scelta Welfare,03-OCT-24 05.52.46.711000 PM
6905.0,HR/Normal user tries to update the answer,07-OCT-24 08.52.23.606000 AM
7000.0,HR/Normal user tries to update the answer,03-OCT-24 06.58.57.273000 PM
6130.0,Download PDF dalla sezione Cedolini,28-OCT-24 04.35.56.015000 PM
6872.0,Normal / HR user updates the answer,11-OCT-24 04.17.32.509000 PM
,Dettaglio elenco Cedolini e CU disponibili al download,28-OCT-24 04.50.45.571000 PM
,Dettaglio elenco Cedolini e CU disponibili al download,24-OCT-24 12.12.27.954000 PM
14362.0,Recupero dettagli utente per Scelta orario di lavoro,28-OCT-24 04.07.48.044000 PM
15341.0,Recupero dettagliutente per Scelta Welfare,28-OCT-24 04.42.42.493000 PM
15798.0,Download PDF dalla sezione Cedolini,28-OCT-24 04.18.19.195000 PM
7674.0,Dettaglio elenco Cedolini e CU disponibili al download,28-OCT-24 04.28.05.160000 PM
,Dettaglio elenco Cedolini e CU disponibili al download,28-OCT-24 04.32.56.763000 PM
,Download PDF dalla sezione Cedolini,28-OCT-24 04.27.23.230000 PM
8264.0,HR/Normal user tries to update the answer,03-OCT-24 05.43.12.412000 PM
,Download PDF dalla sezione Cedolini,28-OCT-24 04.31.42.256000 PM
,Dettaglio elenco Cedolini e CU disponibili al download,21-OCT-24 04.14.55.989000 PM
7832.0,Normal user tries to create new Provvidenza request for a child,03-OCT-24 06.17.19.229000 PM
,Download PDF dalla sezione Cedolini,28-OCT-24 04.52.09.290000 PM
6119.0,Normal user enters the Provvidenza Figli page,03-OCT-24 06.16.44.300000 PM
,Dettaglio elenco Cedolini e CU disponibili al download,24-OCT-24 01.37.28.231000 PM
,Download PDF dalla sezione Cedolini,25-OCT-24 02.26.13.978000 PM
5712.0,Dettaglio elenco Cedolini e CU disponibili al download,03-OCT-24 05.34.08.002000 PM
6130.0,Dettaglio elenco Cedolini e CU disponibili al download,28-OCT-24 04.35.41.078000 PM
,Download PDF dalla sezione Cedolini,30-OCT-24 04.58.24.485000 PM
,Dettaglio elenco Cedolini e CU disponibili al download,01-OCT-24 10.20.12.510000 AM
,Download PDF dalla sezione Cedolini,28-OCT-24 04.43.46.078000 PM
13002408.0,Normal user enters the Provvidenza Figli page,16-OCT-24 10.51.54.740000 AM
,Download PDF dalla sezione Cedolini,01-OCT-24 12.59.57.853000 PM
,Dettaglio elenco Cedolini e CU disponibili al download,25-OCT-24 03.35.59.432000 PM
18205.0,Verifica possibilità di accesso a fondo pensione per Scelta Welfare,28-OCT-24 04.47.38.465000 PM
5712.0,HR/Normal user tries to update the answer,03-OCT-24 05.34.51.224000 PM
7506.0,Normal user enters the Provvidenza Figli page,06-OCT-24 08.11.53.286000 PM
9966.0,Normal user update grade for a child,03-OCT-24 05.44.52.188000 PM
5222.0,Normal user enters the Provvidenza Figli page,22-OCT-24 06.05.03.171000 AM
6822.0,Normal user enters the Provvidenza Figli page,09-OCT-24 04.59.58.844000 PM
,Dettaglio elenco Cedolini e CU disponibili al download,25-OCT-24 03.34.49.243000 PM
,Dettaglio elenco Cedolini e CU disponibili al download,25-OCT-24 02.28.05.733000 PM
13002872.0,Recupero dettagliutente per Scelta Welfare,04-OCT-24 11.49.36.694000 AM
6199.0,Normal user enters the Provvidenza Figli page,09-OCT-24 05.09.26.872000 PM
13000509.0,Verifica possibilità di accesso a fondo pensione per Scelta Welfare,01-OCT-24 10.48.50.219000 AM
7276.0,Normal user assign new grade for the child while creating a request,03-OCT-24 06.03.51.901000 PM
13000730.0,Recupero dettagli utente per invio adesione Fondo Nazionale,14-OCT-24 06.02.38.040000 PM
,Dettaglio elenco Cedolini e CU disponibili al download,28-OCT-24 04.30.46.318000 PM
,Dettaglio elenco Cedolini e CU disponibili al download,15-OCT-24 12.28.26.530000 PM
,Dettaglio elenco Cedolini e CU disponibili al download,05-OCT-24 01.59.23.293000 PM
8259.0,Normal user assign new grade for the child while creating a request,04-OCT-24 11.32.53.503000 AM
7593.0,Normal user tries to create new Provvidenza request for a child,09-OCT-24 11.22.51.459000 AM
7055.0,HR/Normal user tries to update the answer,06-OCT-24 05.49.29.914000 PM
,Dettaglio elenco Cedolini e CU disponibili al download,01-OCT-24 12.59.53.715000 PM
6964.0,Normal user tries to create new Provvidenza request for a child,06-OCT-24 03.43.00.764000 PM
,Dettaglio elenco Cedolini e CU disponibili al download,29-OCT-24 08.51.08.536000 AM
,Dettaglio elenco Cedolini e CU disponibili al download,09-OCT-24 11.51.11.277000 AM
,Dettaglio elenco Cedolini e CU disponibili al download,02-OCT-24 04.47.59.157000 PM
7266.0,HR/Normal user tries to update the answer,06-OCT-24 05.19.23.646000 PM
7059.0,Normal user enters the Provvidenza Figli page,10-OCT-24 02.42.34.348000 PM
13002993.0,Verifica possibilità di accesso a fondo pensione per Scelta Welfare,29-OCT-24 08.56.38.427000 AM
7149.0,Normal user assign new grade for the child while creating a request,04-OCT-24 03.13.49.741000 PM
,Dettaglio elenco Cedolini e CU disponibili al download,09-OCT-24 11.25.44.925000 AM
5938.0,HR/Normal user tries to update the answer,03-OCT-24 03.20.14.279000 PM
13001060.0,Normal user enters the Provvidenza Figli page,04-OCT-24 04.08.32.393000 PM
8423.0,HR/Normal user tries to update the answer,29-OCT-24 08.18.42.003000 AM
13002608.0,HR/Normal user tries to update the answer,09-OCT-24 11.24.48.479000 AM
,Dettaglio elenco Cedolini e CU disponibili al download,04-OCT-24 02.47.37.302000 PM
7266.0,Normal user assign new grade for the child while creating a request,06-OCT-24 05.19.07.384000 PM
,Download PDF dalla sezione Cedolini,04-OCT-24 02.49.17.794000 PM
,Download PDF dalla sezione Cedolini,09-OCT-24 11.28.59.556000 AM
,Dettaglio elenco Cedolini e CU disponibili al download,09-OCT-24 11.28.23.880000 AM
,Download PDF dalla sezione Cedolini,02-OCT-24 11.18.00.366000 AM
,Download PDF dalla sezione Cedolini,04-OCT-24 02.49.15.710000 PM
15319.0,HR/Normal user tries to update the answer,04-OCT-24 03.16.58.740000 PM
5434.0,Normal user enters the Provvidenza Figli page,11-OCT-24 10.25.58.462000 AM
,Download PDF dalla sezione Cedolini,10-OCT-24 02.49.02.475000 PM
5254.0,Normal user enters the Provvidenza Figli page,11-OCT-24 09.38.49.570000 AM
,Dettaglio elenco Cedolini e CU disponibili al download,02-OCT-24 12.01.17.708000 PM
9233.0,HR/Normal user tries to update the answer,03-OCT-24 03.21.19.901000 PM
8189.0,HR/Normal user tries to update the answer,10-OCT-24 02.46.36.167000 PM
,Download PDF dalla sezione Cedolini,10-OCT-24 02.56.28.564000 PM
6880.0,Normal user enters the Provvidenza Figli page,03-OCT-24 03.31.18.633000 PM
6964.0,HR/Normal user tries to update the answer,06-OCT-24 03.42.42.608000 PM
6900.0,Normal user enters the Provvidenza Figli page,04-OCT-24 03.38.14.678000 PM
5714.0,Normal user tries to create new Provvidenza request for a child,03-OCT-24 03.32.35.552000 PM
7149.0,HR/Normal user tries to update the answer,04-OCT-24 03.14.35.008000 PM
8203.0,Normal user assign new grade for the child while creating a request,03-OCT-24 03.21.18.707000 PM
13001994.0,HR/Normal user tries to update the answer,03-OCT-24 03.57.15.975000 PM
6900.0,HR/Normal user tries to update the answer,04-OCT-24 03.40.20.351000 PM
13001316.0,Normal user enters the Provvidenza Figli page,03-OCT-24 03.46.48.213000 PM
6390.0,HR/Normal user tries to update the answer,10-OCT-24 03.20.22.190000 PM
,Download PDF dalla sezione Cedolini,28-OCT-24 12.51.19.099000 PM
18554.0,HR/Normal user tries to update the answer,03-OCT-24 03.27.51.313000 PM
,Dettaglio elenco Cedolini e CU disponibili al download,02-OCT-24 11.35.13.490000 AM
15308.0,Normal user assign new grade for the child while creating a request,04-OCT-24 03.19.26.370000 PM
8320.0,HR/Normal user tries to update the answer,03-OCT-24 04.03.59.144000 PM
6913.0,HR/Normal user tries to update the answer,03-OCT-24 03.31.35.794000 PM
5714.0,HR/Normal user tries to update the answer,03-OCT-24 03.32.52.155000 PM
19323.0,Normal user tries to create new Provvidenza request for a child,03-OCT-24 04.05.05.459000 PM
8450.0,Verifica possibilità di accesso a fondo pensione per Scelta Welfare,28-OCT-24 01.08.50.192000 PM
5714.0,Normal user enters the Provvidenza Figli page,03-OCT-24 03.32.26.517000 PM
15319.0,HR/Normal user tries to update the answer,04-OCT-24 03.15.11.370000 PM
7864.0,HR/Normal user tries to update the answer,03-OCT-24 03.32.57.803000 PM
7118.0,Normal user enters the Provvidenza Figli page,03-OCT-24 03.21.12.517000 PM
13002729.0,Normal user enters the Provvidenza Figli page,02-OCT-24 11.15.39.368000 AM
,Dettaglio elenco Cedolini e CU disponibili al download,03-OCT-24 04.00.34.496000 PM
13001316.0,Normal / HR user updates the answer,03-OCT-24 03.45.19.879000 PM
6547.0,Normal user tries to create new Provvidenza request for a child,03-OCT-24 03.23.18.490000 PM
6928.0,HR/Normal user tries to update the answer,03-OCT-24 03.53.25.004000 PM
5714.0,HR/Normal user tries to update the answer,03-OCT-24 03.35.00.803000 PM
9238.0,Normal user assign new grade for the child while creating a request,03-OCT-24 03.55.27.163000 PM
6082.0,HR/Normal user tries to update the answer,03-OCT-24 03.42.24.366000 PM
13002975.0,Normal user enters the Provvidenza Figli page,22-OCT-24 12.51.51.439000 PM
6547.0,HR/Normal user tries to update the answer,03-OCT-24 03.22.47.601000 PM
6528.0,Normal user enters the Provvidenza Figli page,03-OCT-24 03.51.41.832000 PM
13001798.0,Normal user enters the Provvidenza Figli page,03-OCT-24 03.39.41.735000 PM
7864.0,Normal user assign new grade for the child while creating a request,03-OCT-24 03.32.45.826000 PM
5942.0,HR/Normal user tries to update the answer,03-OCT-24 03.52.30.046000 PM
5404.0,Verifica possibilità di accesso a fondo pensione per Scelta Welfare,03-OCT-24 03.49.08.303000 PM
5500.0,HR/Normal user tries to update the answer,03-OCT-24 03.26.19.990000 PM
17987.0,Normal user enters the Provvidenza Figli page,03-OCT-24 03.23.27.284000 PM
5327.0,HR/Normal user tries to update the answer,11-OCT-24 10.20.53.800000 AM
6204.0,HR tried to update grade,03-OCT-24 03.59.52.180000 PM
6928.0,Normal user enters the Provvidenza Figli page,03-OCT-24 03.52.47.232000 PM
7101.0,Normal user assign new grade for the child while creating a request,03-OCT-24 04.00.33.741000 PM
5938.0,HR tried to update grade,03-OCT-24 03.19.58.339000 PM
5658.0,Normal user update grade for a child,03-OCT-24 03.28.21.702000 PM
6735.0,HR tried to update grade,03-OCT-24 04.03.39.483000 PM
9238.0,HR/Normal user tries to update the answer,03-OCT-24 03.56.35.184000 PM
6082.0,HR/Normal user tries to update the answer,03-OCT-24 03.42.19.510000 PM
13002601.0,Recupero dettagliutente per Scelta Welfare,24-OCT-24 09.18.13.455000 AM
17987.0,HR/Normal user tries to update the answer,03-OCT-24 03.25.29.029000 PM
6465.0,Normal user enters the Provvidenza Figli page,03-OCT-24 03.21.59.694000 PM
6082.0,HR/Normal user tries to update the answer,03-OCT-24 03.42.27.244000 PM
6659.0,HR/Normal user tries to update the answer,03-OCT-24 03.23.17.432000 PM
6987.0,HR/Normal user tries to update the answer,03-OCT-24 03.32.29.642000 PM
6204.0,Normal user assign new grade for the child while creating a request,03-OCT-24 03.59.46.251000 PM
5658.0,HR/Normal user tries to update the answer,03-OCT-24 03.26.53.711000 PM
6082.0,Normal user enters the Provvidenza Figli page,03-OCT-24 03.42.48.956000 PM
5500.0,HR/Normal user tries to update the answer,03-OCT-24 03.26.21.831000 PM
,Dettaglio elenco Cedolini e CU disponibili al download,03-OCT-24 03.53.54.540000 PM
6037.0,HR/Normal user tries to update the answer,08-OCT-24 05.35.36.559000 PM
6990.0,HR/Normal user tries to update the answer,03-OCT-24 03.39.04.468000 PM
6958.0,Normal user enters the Provvidenza Figli page,03-OCT-24 03.09.09.223000 PM
,Download PDF dalla sezione Cedolini,25-OCT-24 07.39.08.076000 AM
7136.0,Normal user enters the Provvidenza Figli page,03-OCT-24 03.04.08.324000 PM
5313.0,HR/Normal user tries to update the answer,03-OCT-24 03.50.59.983000 PM
7355.0,HR/Normal user tries to update the answer,03-OCT-24 03.09.21.753000 PM
5961.0,Normal / HR user updates the answer,03-OCT-24 03.05.57.731000 PM
7319.0,HR/Normal user tries to update the answer,03-OCT-24 03.07.39.606000 PM
5535.0,HR/Normal user tries to update the answer,03-OCT-24 03.03.04.413000 PM
9238.0,HR/Normal user tries to update the answer,03-OCT-24 03.55.45.453000 PM
,Download PDF dalla sezione Cedolini,10-OCT-24 09.17.34.859000 AM
6820.0,Normal user assign new grade for the child while creating a request,03-OCT-24 04.03.43.675000 PM
7575.0,HR/Normal user tries to update the answer,03-OCT-24 02.56.06.150000 PM
5663.0,HR/Normal user tries to update the answer,03-OCT-24 03.06.57.479000 PM
6718.0,Normal user enters the Provvidenza Figli page,03-OCT-24 03.05.51.987000 PM
,Dettaglio elenco Cedolini e CU disponibili al download,28-OCT-24 10.37.48.675000 AM
5926.0,HR/Normal user tries to update the answer,10-OCT-24 09.29.55.008000 AM
5926.0,HR/Normal user tries to update the answer,10-OCT-24 09.30.18.033000 AM
6050.0,HR/Normal user tries to update the answer,03-OCT-24 03.17.56.070000 PM
13002128.0,HR/Normal user tries to update the answer,03-OCT-24 02.57.20.305000 PM
6813.0,HR/Normal user tries to update the answer,03-OCT-24 02.54.52.560000 PM
7985.0,Verifica possibilità di accesso a fondo pensione per Scelta Welfare,10-OCT-24 09.38.17.170000 AM
13001184.0,HR/Normal user tries to update the answer,18-OCT-24 04.03.28.634000 PM
6199.0,Normal user enters the Provvidenza Figli page,10-OCT-24 09.34.11.210000 AM
5587.0,Normal user enters the Provvidenza Figli page,10-OCT-24 10.16.04.415000 AM
10677.0,Normal user enters the Provvidenza Figli page,07-OCT-24 09.44.26.361000 AM
13001184.0,HR/Normal user tries to update the answer,18-OCT-24 04.02.58.777000 PM
,Dettaglio elenco Cedolini e CU disponibili al download,28-OCT-24 10.52.27.560000 AM
5618.0,Normal user enters the Provvidenza Figli page,07-OCT-24 10.07.42.878000 AM
6147.0,Normal user assign new grade for the child while creating a request,07-OCT-24 09.51.13.740000 AM
13002975.0,Normal user assign new grade for the child while creating a request,22-OCT-24 08.34.14.384000 AM
6037.0,HR/Normal user tries to update the answer,08-OCT-24 05.35.39.473000 PM
13002609.0,Verifica possibilità di accesso a fondo pensione per Scelta Welfare,23-OCT-24 03.52.34.486000 PM
7762.0,HR/Normal user tries to update the answer,07-OCT-24 09.58.08.025000 AM
6058.0,HR/Normal user tries to update the answer,07-OCT-24 10.20.18.984000 AM
7762.0,Normal user assign new grade for the child while creating a request,07-OCT-24 09.57.34.049000 AM
18506.0,Recupero dettagliutente per Scelta Welfare,10-OCT-24 11.22.09.710000 AM
7885.0,HR/Normal user tries to update the answer,07-OCT-24 10.06.20.440000 AM
,Dettaglio elenco Cedolini e CU disponibili al download,02-OCT-24 04.10.44.018000 PM
6626.0,Normal user enters the Provvidenza Figli page,07-OCT-24 09.59.33.003000 AM
,Download PDF dalla sezione Cedolini,07-OCT-24 10.19.14.481000 AM
13002975.0,HR/Normal user tries to update the answer,22-OCT-24 08.34.25.040000 AM
,Dettaglio elenco Cedolini e CU disponibili al download,24-OCT-24 10.58.42.572000 PM
6058.0,Normal user enters the Provvidenza Figli page,07-OCT-24 10.19.18.461000 AM
17124.0,Recupero dettagliutente per Scelta Welfare,11-OCT-24 10.43.12.024000 AM
,Download PDF dalla sezione Cedolini,11-OCT-24 10.37.40.577000 AM
8464.0,Normal user assign new grade for the child while creating a request,14-OCT-24 04.56.13.718000 PM
13002305.0,Recupero dettagli utente per Scelta orario di lavoro,11-OCT-24 11.13.49.172000 AM
17151.0,Normal user assign new grade for the child while creating a request,11-OCT-24 06.09.57.422000 PM
6972.0,HR/Normal user tries to update the answer,14-OCT-24 04.37.35.958000 PM
5492.0,HR/Normal user tries to update the answer,14-OCT-24 05.24.58.990000 PM
13002305.0,Recupero dettagliutente per Scelta Welfare,11-OCT-24 11.11.34.134000 AM
6058.0,HR/Normal user tries to update the answer,07-OCT-24 10.17.37.923000 AM
5804.0,Normal user enters the Provvidenza Figli page,01-OCT-24 04.34.10.337000 PM
7763.0,HR/Normal user tries to update the answer,25-OCT-24 09.04.20.649000 AM
6037.0,HR/Normal user tries to update the answer,08-OCT-24 05.37.06.377000 PM
,Dettaglio elenco Cedolini e CU disponibili al download,22-OCT-24 04.07.09.495000 PM
5533.0,Normal user enters the Provvidenza Figli page,08-OCT-24 05.11.52.603000 PM
,Dettaglio elenco Cedolini e CU disponibili al download,14-OCT-24 05.19.07.013000 PM
13002986.0,Recupero dettagliutente per Scelta Welfare,22-OCT-24 05.07.51.131000 PM
5271.0,Normal user update grade for a child,21-OCT-24 12.48.51.515000 PM
5948.0,HR/Normal user tries to update the answer,08-OCT-24 01.48.55.740000 PM
17151.0,Normal user update grade for a child,11-OCT-24 06.12.04.105000 PM
19449.0,Dettaglio elenco Cedolini e CU disponibili al download,14-OCT-24 10.26.09.130000 AM
,Download PDF dalla sezione Cedolini,21-OCT-24 11.07.49.895000 AM
5926.0,Normal user enters the Provvidenza Figli page,10-OCT-24 09.29.21.046000 AM
,Download PDF dalla sezione Cedolini,18-OCT-24 10.28.37.836000 AM
6199.0,Normal user enters the Provvidenza Figli page,08-OCT-24 02.16.18.047000 PM
,Download PDF dalla sezione Cedolini,21-OCT-24 10.48.37.527000 AM
,Download PDF dalla sezione Cedolini,21-OCT-24 12.14.43.673000 PM
,Dettaglio elenco Cedolini e CU disponibili al download,25-OCT-24 08.46.08.291000 AM
5271.0,Normal user enters the Provvidenza Figli page,21-OCT-24 12.49.56.178000 PM
5137.0,Normal user tries to create new Provvidenza request for a child,11-OCT-24 09.01.17.707000 AM
,Dettaglio elenco Cedolini e CU disponibili al download,25-OCT-24 08.44.09.606000 AM
,Download PDF dalla sezione Cedolini,25-OCT-24 09.10.07.484000 AM
5672.0,Recupero dettagliutente per Scelta Welfare,25-OCT-24 09.28.43.025000 AM
13001313.0,HR/Normal user tries to update the answer,25-OCT-24 09.15.19.959000 AM
,Download PDF dalla sezione Cedolini,25-OCT-24 09.41.56.320000 AM
7763.0,HR/Normal user tries to update the answer,25-OCT-24 09.04.25.344000 AM
7150.0,Normal user enters the Provvidenza Figli page,07-OCT-24 07.52.21.451000 AM
,Download PDF dalla sezione Cedolini,25-OCT-24 08.32.01.610000 AM
,Dettaglio elenco Cedolini e CU disponibili al download,25-OCT-24 08.41.30.164000 AM
,Download PDF dalla sezione Cedolini,25-OCT-24 08.35.26.445000 AM
,Dettaglio elenco Cedolini e CU disponibili al download,25-OCT-24 08.59.32.494000 AM
5578.0,Verifica possibilità di accesso a fondo pensione per Scelta Welfare,29-OCT-24 09.29.54.549000 AM
,Dettaglio elenco Cedolini e CU disponibili al download,25-OCT-24 09.36.26.071000 AM
6252.0,HR/Normal user tries to update the answer,07-OCT-24 08.13.09.158000 AM
5647.0,HR/Normal user tries to update the answer,07-OCT-24 01.00.05.256000 PM
15872.0,Normal user update grade for a child,09-OCT-24 09.59.10.745000 AM
7382.0,Recupero dettagliutente per Scelta Welfare,14-OCT-24 08.51.57.733000 AM
,Download PDF dalla sezione Cedolini,25-OCT-24 08.53.40.131000 AM
,Dettaglio elenco Cedolini e CU disponibili al download,07-OCT-24 06.01.19.270000 PM
,Dettaglio elenco Cedolini e CU disponibili al download,14-OCT-24 10.44.00.480000 AM
,Download PDF dalla sezione Cedolini,22-OCT-24 01.46.46.912000 PM
15872.0,HR/Normal user tries to update the answer,09-OCT-24 09.58.27.987000 AM
,Download PDF dalla sezione Cedolini,21-OCT-24 11.07.24.612000 AM
6922.0,Normal user enters the Provvidenza Figli page,06-OCT-24 10.07.52.294000 AM
,Download PDF dalla sezione Cedolini,15-OCT-24 10.53.23.301000 AM
,Download PDF dalla sezione Cedolini,25-OCT-24 09.14.32.328000 AM
7147.0,Normal user update grade for a child,03-OCT-24 04.30.30.102000 PM
,Dettaglio elenco Cedolini e CU disponibili al download,25-OCT-24 09.22.57.648000 AM
,Dettaglio elenco Cedolini e CU disponibili al download,25-OCT-24 09.10.14.418000 AM
,Download PDF dalla sezione Cedolini,25-OCT-24 08.25.17.419000 AM
,Dettaglio elenco Cedolini e CU disponibili al download,07-OCT-24 08.34.30.170000 AM
,Download PDF dalla sezione Cedolini,25-OCT-24 09.03.34.414000 AM
6199.0,Normal user enters the Provvidenza Figli page,14-OCT-24 10.28.45.144000 AM
,Dettaglio elenco Cedolini e CU disponibili al download,25-OCT-24 08.19.24.544000 AM
5137.0,Normal user assign new grade for the child while creating a request,11-OCT-24 09.01.17.962000 AM
13002608.0,Normal user enters the Provvidenza Figli page,03-OCT-24 04.55.23.758000 PM
7696.0,Normal user tries to create new Provvidenza request for a child,03-OCT-24 05.22.55.824000 PM
,Dettaglio elenco Cedolini e CU disponibili al download,14-OCT-24 08.40.04.821000 AM
,Download PDF dalla sezione Cedolini,25-OCT-24 08.49.07.921000 AM
,Download PDF dalla sezione Cedolini,29-OCT-24 06.45.35.983000 PM
5561.0,HR/Normal user tries to update the answer,03-OCT-24 04.13.58.303000 PM
8136.0,HR/Normal user tries to update the answer,03-OCT-24 04.36.14.799000 PM
6183.0,Normal user assign new grade for the child while creating a request,03-OCT-24 04.20.02.270000 PM
13001928.0,Normal user enters the Provvidenza Figli page,03-OCT-24 04.35.32.410000 PM
7147.0,HR/Normal user tries to update the answer,03-OCT-24 04.30.40.076000 PM
13002974.0,Recupero dettagli utente per invio adesione Fondo Nazionale,21-OCT-24 03.32.39.963000 PM
5561.0,Normal user assign new grade for the child while creating a request,03-OCT-24 04.14.25.476000 PM
13002973.0,Verifica possibilità di accesso a fondo pensione per Scelta Welfare,28-OCT-24 04.14.19.136000 PM
,Dettaglio elenco Cedolini e CU disponibili al download,25-OCT-24 09.41.53.110000 AM
7696.0,Normal user enters the Provvidenza Figli page,03-OCT-24 05.23.56.368000 PM
13002608.0,HR/Normal user tries to update the answer,03-OCT-24 04.54.36.248000 PM
7071.0,HR/Normal user tries to update the answer,03-OCT-24 04.25.36.385000 PM
,Dettaglio elenco Cedolini e CU disponibili al download,25-OCT-24 09.28.35.503000 AM
7147.0,HR/Normal user tries to update the answer,03-OCT-24 04.36.22.009000 PM
8098.0,HR tried to update grade,03-OCT-24 04.46.59.584000 PM
6479.0,Normal user enters the Provvidenza Figli page,11-OCT-24 09.14.41.719000 AM
7147.0,HR/Normal user tries to update the answer,03-OCT-24 04.30.45.229000 PM
6925.0,Download PDF dalla sezione Cedolini,03-OCT-24 04.22.39.926000 PM
5812.0,Normal user tries to create new Provvidenza request for a child,03-OCT-24 04.27.24.322000 PM
5188.0,HR/Normal user tries to update the answer,10-OCT-24 12.01.08.913000 PM
13001928.0,HR/Normal user tries to update the answer,03-OCT-24 04.34.54.436000 PM
6397.0,HR/Normal user tries to update the answer,03-OCT-24 04.30.27.717000 PM
7369.0,Normal user enters the Provvidenza Figli page,07-OCT-24 08.43.35.978000 AM
,Dettaglio elenco Cedolini e CU disponibili al download,28-OCT-24 03.46.43.902000 PM
5827.0,HR/Normal user tries to update the answer,10-OCT-24 01.12.00.144000 PM
13002119.0,Recupero dettagliutente per Scelta Welfare,07-OCT-24 06.19.09.316000 PM
5197.0,HR/Normal user tries to update the answer,03-OCT-24 04.27.59.064000 PM
8015.0,Normal user enters the Provvidenza Figli page,03-OCT-24 05.28.30.386000 PM
7170.0,Normal / HR user updates the answer,03-OCT-24 04.12.23.145000 PM
5701.0,HR/Normal user tries to update the answer,03-OCT-24 04.42.00.601000 PM
6942.0,Normal user assign new grade for the child while creating a request,15-OCT-24 11.17.36.844000 AM
,Download PDF dalla sezione Cedolini,25-OCT-24 08.52.07.925000 AM
5182.0,Normal user assign new grade for the child while creating a request,09-OCT-24 10.18.53.132000 AM
6380.0,HR/Normal user tries to update the answer,03-OCT-24 05.12.04.495000 PM
,Dettaglio elenco Cedolini e CU disponibili al download,25-OCT-24 09.38.39.805000 AM
6558.0,HR tried to update grade,03-OCT-24 05.07.05.445000 PM
5561.0,HR/Normal user tries to update the answer,03-OCT-24 04.14.11.858000 PM
6641.0,Normal user enters the Provvidenza Figli page,03-OCT-24 04.51.32.520000 PM
,Download PDF dalla sezione Cedolini,28-OCT-24 04.38.52.928000 PM
,Dettaglio elenco Cedolini e CU disponibili al download,03-OCT-24 04.46.12.722000 PM
6566.0,Normal user enters the Provvidenza Figli page,03-OCT-24 05.13.29.820000 PM
5213.0,Normal user enters the Provvidenza Figli page,03-OCT-24 05.01.32.420000 PM
6942.0,Normal user enters the Provvidenza Figli page,15-OCT-24 11.18.01.249000 AM
9555.0,Verifica possibilità di accesso a fondo pensione per Scelta Welfare,09-OCT-24 10.24.33.342000 AM
,Dettaglio elenco Cedolini e CU disponibili al download,03-OCT-24 04.16.17.818000 PM
9545.0,HR/Normal user tries to update the answer,03-OCT-24 06.09.54.929000 PM
8259.0,HR/Normal user tries to update the answer,04-OCT-24 11.33.09.557000 AM
5601.0,HR/Normal user tries to update the answer,03-OCT-24 04.59.44.188000 PM
5197.0,Normal user enters the Provvidenza Figli page,03-OCT-24 04.27.50.916000 PM
7690.0,Normal user tries to create new Provvidenza request for a child,03-OCT-24 01.34.27.653000 PM
7949.0,HR/Normal user tries to update the answer,03-OCT-24 01.34.47.811000 PM
6377.0,Normal user tries to create new Provvidenza request for a child,04-OCT-24 11.54.26.677000 AM
7637.0,Normal user tries to create new Provvidenza request for a child,03-OCT-24 01.24.38.391000 PM
6132.0,Normal user enters the Provvidenza Figli page,03-OCT-24 01.21.19.868000 PM
6692.0,Normal user tries to create new Provvidenza request for a child,03-OCT-24 01.35.04.675000 PM
13000760.0,Normal user tries to create new Provvidenza request for a child,03-OCT-24 01.35.08.426000 PM
13001081.0,Normal user assign new grade for the child while creating a request,04-OCT-24 12.00.49.497000 PM
,Dettaglio elenco Cedolini e CU disponibili al download,30-OCT-24 12.10.22.396000 PM
6199.0,Normal user enters the Provvidenza Figli page,03-OCT-24 04.47.46.781000 PM
,Dettaglio elenco Cedolini e CU disponibili al download,03-OCT-24 01.25.34.975000 PM
9474.0,Normal user assign new grade for the child while creating a request,03-OCT-24 01.34.41.555000 PM
7836.0,HR/Normal user tries to update the answer,03-OCT-24 01.24.32.479000 PM
18173.0,Normal user enters the Provvidenza Figli page,12-OCT-24 10.05.36.849000 AM
13001862.0,Normal user enters the Provvidenza Figli page,03-OCT-24 01.36.23.958000 PM
9407.0,Normal user enters the Provvidenza Figli page,03-OCT-24 01.36.17.973000 PM
7207.0,HR/Normal user tries to update the answer,03-OCT-24 01.24.30.998000 PM
,Dettaglio elenco Cedolini e CU disponibili al download,24-OCT-24 02.01.18.654000 PM
6059.0,Normal user assign new grade for the child while creating a request,03-OCT-24 01.21.16.595000 PM
6059.0,Normal user tries to create new Provvidenza request for a child,03-OCT-24 01.21.16.338000 PM
7386.0,HR/Normal user tries to update the answer,03-OCT-24 01.21.04.720000 PM
16895.0,Normal user enters the Provvidenza Figli page,03-OCT-24 01.34.57.900000 PM
7949.0,Normal user assign new grade for the child while creating a request,03-OCT-24 01.35.36.700000 PM
5255.0,HR/Normal user tries to update the answer,03-OCT-24 01.25.18.792000 PM
6377.0,HR/Normal user tries to update the answer,04-OCT-24 11.55.32.915000 AM
5227.0,HR/Normal user tries to update the answer,03-OCT-24 01.26.19.180000 PM
6227.0,Normal user assign new grade for the child while creating a request,03-OCT-24 01.18.12.423000 PM
7243.0,Normal user tries to create new Provvidenza request for a child,03-OCT-24 01.24.12.262000 PM
7386.0,Normal / HR user updates the answer,03-OCT-24 01.21.22.149000 PM
8350.0,HR/Normal user tries to update the answer,03-OCT-24 01.23.03.939000 PM
16895.0,HR/Normal user tries to update the answer,03-OCT-24 01.23.19.471000 PM
7707.0,HR/Normal user tries to update the answer,03-OCT-24 01.21.38.706000 PM
5760.0,Normal user enters the Provvidenza Figli page,03-OCT-24 01.23.23.702000 PM
13001862.0,Normal user enters the Provvidenza Figli page,03-OCT-24 01.33.00.838000 PM
5927.0,Normal user tries to create new Provvidenza request for a child,03-OCT-24 01.22.41.997000 PM
8108.0,Normal user enters the Provvidenza Figli page,03-OCT-24 01.19.16.232000 PM
6843.0,Normal user assign new grade for the child while creating a request,04-OCT-24 12.21.57.522000 PM
,Download PDF dalla sezione Cedolini,27-OCT-24 08.49.24.877000 PM
6806.0,HR/Normal user tries to update the answer,03-OCT-24 01.27.12.443000 PM
7637.0,HR/Normal user tries to update the answer,03-OCT-24 01.24.58.329000 PM
,Download PDF dalla sezione Cedolini,04-OCT-24 11.38.41.775000 AM
6199.0,Normal user enters the Provvidenza Figli page,10-OCT-24 01.12.15.242000 PM
6556.0,HR/Normal user tries to update the answer,03-OCT-24 01.18.29.854000 PM
5704.0,Normal user enters the Provvidenza Figli page,03-OCT-24 01.28.26.272000 PM
6035.0,Normal user enters the Provvidenza Figli page,03-OCT-24 01.18.51.280000 PM
7200.0,HR/Normal user tries to update the answer,03-OCT-24 01.26.25.788000 PM
7813.0,HR/Normal user tries to update the answer,03-OCT-24 01.16.28.932000 PM
7296.0,HR/Normal user tries to update the answer,03-OCT-24 01.15.44.980000 PM
,Download PDF dalla sezione Cedolini,31-OCT-24 01.43.34.433000 PM
7868.0,HR/Normal user tries to update the answer,03-OCT-24 01.20.27.785000 PM
7601.0,Normal user enters the Provvidenza Figli page,03-OCT-24 01.18.01.329000 PM
5957.0,Normal user assign new grade for the child while creating a request,03-OCT-24 01.35.18.274000 PM
6195.0,HR/Normal user tries to update the answer,03-OCT-24 01.22.00.498000 PM
5227.0,Normal user enters the Provvidenza Figli page,03-OCT-24 01.27.01.636000 PM
7487.0,HR/Normal user tries to update the answer,03-OCT-24 01.27.15.160000 PM
18705.0,HR/Normal user tries to update the answer,03-OCT-24 01.16.57.565000 PM
8309.0,HR/Normal user tries to update the answer,03-OCT-24 01.16.33.449000 PM
5891.0,HR/Normal user tries to update the answer,03-OCT-24 01.26.46.475000 PM
13000760.0,Normal user assign new grade for the child while creating a request,03-OCT-24 01.36.05.009000 PM
7801.0,HR/Normal user tries to update the answer,04-OCT-24 11.36.08.547000 AM
5630.0,Normal user assign new grade for the child while creating a request,03-OCT-24 04.32.28.881000 PM
9407.0,Normal user assign new grade for the child while creating a request,03-OCT-24 01.35.22.413000 PM
5854.0,HR/Normal user tries to update the answer,03-OCT-24 01.32.23.453000 PM
,Dettaglio elenco Cedolini e CU disponibili al download,03-OCT-24 01.17.41.039000 PM
15870.0,HR/Normal user tries to update the answer,03-OCT-24 01.17.12.119000 PM
5351.0,HR/Normal user tries to update the answer,04-OCT-24 11.25.36.327000 AM
6624.0,Normal user assign new grade for the child while creating a request,03-OCT-24 01.33.21.449000 PM
5472.0,HR/Normal user tries to update the answer,03-OCT-24 01.31.31.630000 PM
5977.0,HR/Normal user tries to update the answer,03-OCT-24 01.34.17.210000 PM
5993.0,Normal user enters the Provvidenza Figli page,03-OCT-24 01.21.10.655000 PM
5731.0,HR/Normal user tries to update the answer,03-OCT-24 01.17.04.150000 PM
5731.0,Normal / HR user updates the answer,03-OCT-24 01.17.35.678000 PM
,Download PDF dalla sezione Cedolini,24-OCT-24 02.48.51.220000 PM
,Download PDF dalla sezione Cedolini,06-OCT-24 10.17.51.106000 AM
7606.0,HR/Normal user tries to update the answer,03-OCT-24 01.27.33.674000 PM
8350.0,Normal user enters the Provvidenza Figli page,03-OCT-24 01.21.55.086000 PM
7264.0,Dettaglio elenco Cedolini e CU disponibili al download,03-OCT-24 01.17.15.025000 PM
6894.0,Normal user enters the Provvidenza Figli page,03-OCT-24 01.17.54.655000 PM
9473.0,Normal user enters the Provvidenza Figli page,03-OCT-24 01.20.07.442000 PM
17721.0,Normal user enters the Provvidenza Figli page,03-OCT-24 01.16.54.180000 PM
8708.0,HR/Normal user tries to update the answer,03-OCT-24 01.21.17.220000 PM
7000.0,HR/Normal user tries to update the answer,03-OCT-24 06.58.49.115000 PM
9473.0,Verifica possibilità di accesso a fondo pensione per Scelta Welfare,03-OCT-24 01.23.14.447000 PM
5710.0,HR/Normal user tries to update the answer,03-OCT-24 01.15.39.303000 PM
5687.0,Normal user assign new grade for the child while creating a request,03-OCT-24 01.17.28.695000 PM
5472.0,Normal user tries to create new Provvidenza request for a child,03-OCT-24 01.31.28.403000 PM
15870.0,Normal user update grade for a child,03-OCT-24 01.26.48.341000 PM
5847.0,HR/Normal user tries to update the answer,03-OCT-24 01.25.25.817000 PM
6013.0,Normal user assign new grade for the child while creating a request,03-OCT-24 01.19.40.695000 PM
17720.0,Normal user enters the Provvidenza Figli page,03-OCT-24 01.20.46.858000 PM
13001081.0,Normal user enters the Provvidenza Figli page,04-OCT-24 12.00.43.021000 PM
5993.0,HR/Normal user tries to update the answer,03-OCT-24 01.20.08.697000 PM
5977.0,Normal user tries to create new Provvidenza request for a child,03-OCT-24 01.34.56.813000 PM
6097.0,HR/Normal user tries to update the answer,03-OCT-24 01.17.15.744000 PM
6894.0,HR/Normal user tries to update the answer,03-OCT-24 01.17.19.463000 PM
,Dettaglio elenco Cedolini e CU disponibili al download,11-OCT-24 03.38.32.809000 PM
8192.0,Dettaglio elenco Cedolini e CU disponibili al download,03-OCT-24 01.18.23.564000 PM
6806.0,Normal user enters the Provvidenza Figli page,03-OCT-24 01.27.55.099000 PM
6258.0,Normal user tries to create new Provvidenza request for a child,03-OCT-24 01.21.01.410000 PM
6764.0,Normal user enters the Provvidenza Figli page,04-OCT-24 12.09.09.097000 PM
6035.0,Normal user tries to create new Provvidenza request for a child,03-OCT-24 01.17.39.650000 PM
8708.0,Normal user enters the Provvidenza Figli page,03-OCT-24 01.21.24.275000 PM
7128.0,HR/Normal user tries to update the answer,03-OCT-24 01.24.20.308000 PM
7151.0,Normal user enters the Provvidenza Figli page,03-OCT-24 01.19.25.731000 PM
5731.0,Normal user enters the Provvidenza Figli page,03-OCT-24 01.15.47.220000 PM
6486.0,Normal user tries to create new Provvidenza request for a child,03-OCT-24 01.15.32.656000 PM
8350.0,HR/Normal user tries to update the answer,03-OCT-24 01.21.30.895000 PM
5562.0,Normal user enters the Provvidenza Figli page,03-OCT-24 01.29.09.037000 PM
5255.0,HR/Normal user tries to update the answer,03-OCT-24 01.25.11.442000 PM
5993.0,Normal / HR user updates the answer,03-OCT-24 01.19.01.997000 PM
6850.0,HR/Normal user tries to update the answer,03-OCT-24 01.27.43.512000 PM
7199.0,Normal user assign new grade for the child while creating a request,03-OCT-24 01.29.11.096000 PM
6867.0,Normal user enters the Provvidenza Figli page,03-OCT-24 01.18.48.082000 PM
13002973.0,Verifica possibilità di accesso a fondo pensione per Scelta Welfare,21-OCT-24 01.05.39.422000 PM
5721.0,Normal user enters the Provvidenza Figli page,03-OCT-24 01.16.08.878000 PM
7256.0,Normal user tries to create new Provvidenza request for a child,03-OCT-24 04.59.36.214000 PM
6708.0,Normal user assign new grade for the child while creating a request,03-OCT-24 01.27.24.489000 PM
5219.0,HR/Normal user tries to update the answer,03-OCT-24 01.18.19.326000 PM
7199.0,HR/Normal user tries to update the answer,03-OCT-24 01.31.20.121000 PM
6035.0,HR/Normal user tries to update the answer,03-OCT-24 01.17.47.837000 PM
5895.0,Normal user enters the Provvidenza Figli page,03-OCT-24 01.17.48.280000 PM
13002535.0,Recupero dettagliutente per Scelta Welfare,18-OCT-24 03.44.31.664000 PM
6360.0,Normal user update grade for a child,03-OCT-24 01.19.15.552000 PM
6922.0,HR/Normal user tries to update the answer,06-OCT-24 10.08.51.162000 AM
13001627.0,HR/Normal user tries to update the answer,03-OCT-24 01.19.52.944000 PM
5731.0,Normal user tries to create new Provvidenza request for a child,03-OCT-24 01.17.55.061000 PM
7816.0,HR/Normal user tries to update the answer,03-OCT-24 01.15.34.678000 PM
6556.0,Normal user enters the Provvidenza Figli page,03-OCT-24 01.19.14.887000 PM
5721.0,HR/Normal user tries to update the answer,03-OCT-24 01.16.39.636000 PM
8826.0,HR/Normal user tries to update the answer,03-OCT-24 01.31.03.109000 PM
,Download PDF dalla sezione Cedolini,29-OCT-24 12.58.15.088000 PM
7906.0,HR/Normal user tries to update the answer,03-OCT-24 01.18.57.234000 PM
8826.0,Normal user enters the Provvidenza Figli page,03-OCT-24 01.30.48.364000 PM
17789.0,Normal user enters the Provvidenza Figli page,03-OCT-24 01.22.05.683000 PM
6956.0,Normal user enters the Provvidenza Figli page,03-OCT-24 01.21.28.866000 PM
9474.0,Normal user tries to create new Provvidenza request for a child,03-OCT-24 01.34.41.420000 PM
16895.0,Normal user assign new grade for the child while creating a request,03-OCT-24 01.23.11.707000 PM
9403.0,Normal user enters the Provvidenza Figli page,03-OCT-24 01.14.51.773000 PM
5562.0,Normal user tries to create new Provvidenza request for a child,03-OCT-24 01.25.30.637000 PM
13002577.0,Recupero dettagliutente per Scelta Welfare,02-OCT-24 01.25.28.688000 PM
13002577.0,Verifica possibilità di accesso a fondo pensione per Scelta Welfare,02-OCT-24 01.25.29.213000 PM
6164.0,HR/Normal user tries to update the answer,03-OCT-24 01.15.49.311000 PM
6382.0,Normal user enters the Provvidenza Figli page,03-OCT-24 01.23.36.555000 PM
6382.0,HR/Normal user tries to update the answer,03-OCT-24 01.23.12.120000 PM
,Dettaglio elenco Cedolini e CU disponibili al download,11-OCT-24 03.58.46.936000 PM
6097.0,Normal user tries to create new Provvidenza request for a child,03-OCT-24 01.17.09.054000 PM
6822.0,HR/Normal user tries to update the answer,09-OCT-24 05.00.23.487000 PM
5562.0,HR/Normal user tries to update the answer,03-OCT-24 01.27.59.899000 PM
18705.0,HR/Normal user tries to update the answer,03-OCT-24 01.17.09.443000 PM
6844.0,HR/Normal user tries to update the answer,03-OCT-24 01.31.54.816000 PM
5704.0,HR/Normal user tries to update the answer,03-OCT-24 01.28.36.163000 PM
13002831.0,Normal user enters the Provvidenza Figli page,03-OCT-24 01.33.03.368000 PM
6556.0,Normal / HR user updates the answer,03-OCT-24 01.19.59.486000 PM
8453.0,Normal user assign new grade for the child while creating a request,03-OCT-24 01.18.29.280000 PM
6179.0,HR/Normal user tries to update the answer,03-OCT-24 01.23.45.670000 PM
5297.0,Verifica possibilità di accesso a fondo pensione per Scelta Welfare,29-OCT-24 08.14.38.020000 AM
6199.0,Normal user enters the Provvidenza Figli page,11-OCT-24 03.49.41.157000 PM
5604.0,Normal user tries to create new Provvidenza request for a child,03-OCT-24 01.27.28.267000 PM
5761.0,HR/Normal user tries to update the answer,03-OCT-24 01.18.10.083000 PM
6947.0,HR/Normal user tries to update the answer,09-OCT-24 05.26.55.081000 PM
6199.0,Normal user enters the Provvidenza Figli page,18-OCT-24 03.48.14.129000 PM
6199.0,Normal user enters the Provvidenza Figli page,11-OCT-24 03.53.53.348000 PM
13000617.0,Recupero dettagliutente per Scelta Welfare,03-OCT-24 05.16.27.877000 PM
13000916.0,Normal user tries to create new Provvidenza request for a child,08-OCT-24 09.49.46.518000 AM
13000916.0,HR/Normal user tries to update the answer,08-OCT-24 09.49.05.495000 AM
6822.0,HR/Normal user tries to update the answer,09-OCT-24 05.00.20.610000 PM
,Download PDF dalla sezione Cedolini,17-OCT-24 09.50.26.040000 AM
13001727.0,Normal user assign new grade for the child while creating a request,08-OCT-24 09.25.35.199000 AM
6186.0,Normal user enters the Provvidenza Figli page,11-OCT-24 03.34.13.073000 PM
,Dettaglio elenco Cedolini e CU disponibili al download,17-OCT-24 09.20.51.774000 AM
13002975.0,Recupero dettagli utente per invio adesione Fondo Nazionale,17-OCT-24 08.21.17.376000 AM
6358.0,HR/Normal user tries to update the answer,11-OCT-24 03.41.07.329000 PM
6059.0,HR/Normal user tries to update the answer,03-OCT-24 01.37.03.644000 PM
5704.0,Normal user assign new grade for the child while creating a request,03-OCT-24 01.27.47.839000 PM
11418.0,HR/Normal user tries to update the answer,15-OCT-24 09.55.52.140000 PM
7313.0,Normal user enters the Provvidenza Figli page,08-OCT-24 08.52.12.297000 AM
5501.0,HR/Normal user tries to update the answer,03-OCT-24 02.45.20.583000 PM
13002974.0,Recupero dettagli utente per Scelta orario di lavoro,17-OCT-24 09.31.15.782000 AM
6103.0,HR/Normal user tries to update the answer,03-OCT-24 03.11.00.080000 PM
7485.0,HR tried to update grade,03-OCT-24 02.43.08.384000 PM
6469.0,Normal user assign new grade for the child while creating a request,03-OCT-24 02.47.15.931000 PM
6914.0,HR/Normal user tries to update the answer,03-OCT-24 03.12.06.975000 PM
5290.0,Normal user tries to create new Provvidenza request for a child,03-OCT-24 02.54.40.570000 PM
6718.0,HR/Normal user tries to update the answer,03-OCT-24 03.01.42.407000 PM
6197.0,HR/Normal user tries to update the answer,03-OCT-24 02.42.20.631000 PM
18260.0,Dettaglio elenco Cedolini e CU disponibili al download,17-OCT-24 09.28.44.676000 AM
8277.0,HR/Normal user tries to update the answer,03-OCT-24 02.38.38.280000 PM
5651.0,Normal user enters the Provvidenza Figli page,03-OCT-24 02.44.05.948000 PM
6378.0,HR/Normal user tries to update the answer,03-OCT-24 02.44.02.572000 PM
8277.0,Normal user tries to create new Provvidenza request for a child,03-OCT-24 02.38.22.718000 PM
6149.0,HR/Normal user tries to update the answer,03-OCT-24 02.37.55.685000 PM
13000105.0,Normal user enters the Provvidenza Figli page,03-OCT-24 02.45.47.351000 PM
5953.0,HR/Normal user tries to update the answer,03-OCT-24 02.41.10.151000 PM
6790.0,Normal user assign new grade for the child while creating a request,03-OCT-24 02.51.23.025000 PM
,Dettaglio elenco Cedolini e CU disponibili al download,30-OCT-24 08.25.13.732000 AM
6847.0,Normal user enters the Provvidenza Figli page,03-OCT-24 02.58.11.223000 PM
7136.0,Normal user tries to create new Provvidenza request for a child,03-OCT-24 02.51.01.913000 PM
10057.0,HR/Normal user tries to update the answer,03-OCT-24 02.43.35.773000 PM
13002128.0,Normal user assign new grade for the child while creating a request,03-OCT-24 02.54.00.914000 PM
13002179.0,Normal user enters the Provvidenza Figli page,03-OCT-24 02.47.13.258000 PM
7319.0,HR/Normal user tries to update the answer,03-OCT-24 03.07.36.903000 PM
6631.0,HR/Normal user tries to update the answer,03-OCT-24 02.53.34.320000 PM
,Dettaglio elenco Cedolini e CU disponibili al download,26-OCT-24 04.21.26.261000 PM
7287.0,Normal user enters the Provvidenza Figli page,03-OCT-24 02.48.39.512000 PM
13000105.0,HR/Normal user tries to update the answer,03-OCT-24 02.56.22.954000 PM
5576.0,Normal user enters the Provvidenza Figli page,03-OCT-24 02.57.12.124000 PM
5686.0,HR/Normal user tries to update the answer,03-OCT-24 02.50.27.563000 PM
7485.0,Normal user enters the Provvidenza Figli page,03-OCT-24 02.43.00.764000 PM
5769.0,Recupero dettagli utente per Scelta orario di lavoro,03-OCT-24 02.59.41.531000 PM
8228.0,HR/Normal user tries to update the answer,03-OCT-24 02.39.58.410000 PM
6017.0,Normal user enters the Provvidenza Figli page,03-OCT-24 02.55.42.620000 PM
6245.0,Normal user tries to create new Provvidenza request for a child,03-OCT-24 02.55.38.518000 PM
7109.0,HR/Normal user tries to update the answer,03-OCT-24 03.06.04.135000 PM
18139.0,HR/Normal user tries to update the answer,03-OCT-24 02.40.05.339000 PM
7146.0,Normal user enters the Provvidenza Figli page,03-OCT-24 02.46.35.334000 PM
8277.0,Dettaglio elenco Cedolini e CU disponibili al download,03-OCT-24 02.39.38.343000 PM
6229.0,HR/Normal user tries to update the answer,08-OCT-24 09.27.58.920000 AM
7869.0,HR/Normal user tries to update the answer,03-OCT-24 02.51.07.981000 PM
6096.0,HR/Normal user tries to update the answer,03-OCT-24 02.40.41.144000 PM
7606.0,Normal user enters the Provvidenza Figli page,03-OCT-24 02.41.26.431000 PM
5776.0,Normal user tries to create new Provvidenza request for a child,07-OCT-24 11.55.07.636000 PM
7052.0,HR/Normal user tries to update the answer,03-OCT-24 02.48.57.006000 PM
6229.0,Normal user enters the Provvidenza Figli page,08-OCT-24 09.27.39.061000 AM
6050.0,Normal user assign new grade for the child while creating a request,03-OCT-24 03.17.15.542000 PM
7115.0,HR/Normal user tries to update the answer,03-OCT-24 03.08.16.099000 PM
8228.0,HR/Normal user tries to update the answer,03-OCT-24 02.39.20.888000 PM
6226.0,Normal user tries to create new Provvidenza request for a child,03-OCT-24 02.39.13.387000 PM
7304.0,Normal user assign new grade for the child while creating a request,03-OCT-24 02.52.11.197000 PM
6122.0,HR/Normal user tries to update the answer,03-OCT-24 02.58.11.692000 PM
11418.0,Normal / HR user updates the answer,15-OCT-24 09.55.38.113000 PM
5913.0,Normal user assign new grade for the child while creating a request,08-OCT-24 09.57.28.626000 AM
,Dettaglio elenco Cedolini e CU disponibili al download,30-OCT-24 12.14.00.383000 AM
13000695.0,Normal user enters the Provvidenza Figli page,03-OCT-24 02.39.16.972000 PM
6718.0,HR/Normal user tries to update the answer,03-OCT-24 03.00.26.187000 PM
5954.0,Normal / HR user updates the answer,03-OCT-24 03.07.05.799000 PM
,Dettaglio elenco Cedolini e CU disponibili al download,03-OCT-24 03.01.30.430000 PM
7319.0,HR/Normal user tries to update the answer,03-OCT-24 03.07.50.603000 PM
,Dettaglio elenco Cedolini e CU disponibili al download,03-OCT-24 02.42.58.623000 PM
14297.0,Normal user enters the Provvidenza Figli page,03-OCT-24 02.41.54.066000 PM
6790.0,HR/Normal user tries to update the answer,03-OCT-24 02.49.48.655000 PM
6599.0,HR/Normal user tries to update the answer,03-OCT-24 02.47.38.155000 PM
13001783.0,HR/Normal user tries to update the answer,03-OCT-24 03.03.54.822000 PM
5663.0,HR/Normal user tries to update the answer,03-OCT-24 03.03.45.768000 PM
13002128.0,Normal user enters the Provvidenza Figli page,03-OCT-24 02.53.53.339000 PM
5953.0,Normal user tries to create new Provvidenza request for a child,03-OCT-24 02.40.41.734000 PM
5096.0,HR/Normal user tries to update the answer,03-OCT-24 02.55.53.670000 PM
7141.0,HR/Normal user tries to update the answer,03-OCT-24 02.57.26.341000 PM
7575.0,Normal user enters the Provvidenza Figli page,03-OCT-24 02.57.18.797000 PM
7448.0,HR/Normal user tries to update the answer,03-OCT-24 02.56.06.767000 PM
9438.0,HR/Normal user tries to update the answer,03-OCT-24 03.02.43.534000 PM
13002935.0,Recupero dettagliutente per Scelta Welfare,30-OCT-24 09.44.25.767000 AM
10678.0,HR/Normal user tries to update the answer,03-OCT-24 02.45.22.631000 PM
7287.0,Normal user tries to create new Provvidenza request for a child,03-OCT-24 02.47.51.060000 PM
6249.0,Normal user enters the Provvidenza Figli page,03-OCT-24 03.18.12.722000 PM
6922.0,HR/Normal user tries to update the answer,06-OCT-24 10.09.01.068000 AM
5404.0,Normal user assign new grade for the child while creating a request,03-OCT-24 03.18.58.676000 PM
6601.0,HR/Normal user tries to update the answer,03-OCT-24 02.52.02.682000 PM
7109.0,Normal / HR user updates the answer,03-OCT-24 03.06.06.233000 PM
6788.0,Normal user enters the Provvidenza Figli page,03-OCT-24 03.05.18.847000 PM
6788.0,Normal user tries to create new Provvidenza request for a child,03-OCT-24 03.04.08.202000 PM
6880.0,Dettaglio elenco Cedolini e CU disponibili al download,03-OCT-24 03.13.29.485000 PM
,Dettaglio elenco Cedolini e CU disponibili al download,03-OCT-24 03.10.16.374000 PM
13002580.0,HR/Normal user tries to update the answer,03-OCT-24 03.09.03.627000 PM
16590.0,Normal user enters the Provvidenza Figli page,03-OCT-24 02.57.42.561000 PM
5961.0,Normal user tries to create new Provvidenza request for a child,03-OCT-24 03.04.50.292000 PM
7615.0,Normal user assign new grade for the child while creating a request,03-OCT-24 02.43.14.554000 PM
,Dettaglio elenco Cedolini e CU disponibili al download,01-OCT-24 12.04.12.639000 PM
,Dettaglio elenco Cedolini e CU disponibili al download,03-OCT-24 03.03.22.549000 PM
6652.0,Normal user assign new grade for the child while creating a request,03-OCT-24 03.04.27.972000 PM
17098.0,HR/Normal user tries to update the answer,03-OCT-24 03.04.15.393000 PM
7304.0,Normal user enters the Provvidenza Figli page,03-OCT-24 02.52.44.628000 PM
,Download PDF dalla sezione Cedolini,30-OCT-24 12.21.06.217000 AM
7470.0,HR/Normal user tries to update the answer,03-OCT-24 02.41.31.115000 PM
6958.0,HR tried to update grade,03-OCT-24 03.09.48.402000 PM
7141.0,HR/Normal user tries to update the answer,03-OCT-24 02.56.38.367000 PM
13002834.0,HR tried to update grade,03-OCT-24 03.02.28.256000 PM
5708.0,Normal / HR user updates the answer,03-OCT-24 02.52.31.191000 PM
6170.0,HR/Normal user tries to update the answer,03-OCT-24 02.38.49.102000 PM
6046.0,HR/Normal user tries to update the answer,03-OCT-24 03.01.55.764000 PM
7146.0,Normal user assign new grade for the child while creating a request,03-OCT-24 02.46.21.248000 PM
13002930.0,Verifica possibilità di accesso a fondo pensione per Scelta Welfare,01-OCT-24 12.55.15.672000 PM
7733.0,Normal user enters the Provvidenza Figli page,03-OCT-24 02.37.46.528000 PM
7448.0,HR/Normal user tries to update the answer,03-OCT-24 02.55.57.414000 PM
13002128.0,HR/Normal user tries to update the answer,03-OCT-24 02.56.24.978000 PM
7221.0,Normal user enters the Provvidenza Figli page,03-OCT-24 02.42.55.314000 PM
6281.0,Normal user update grade for a child,03-OCT-24 03.01.45.345000 PM
10678.0,Normal user tries to create new Provvidenza request for a child,03-OCT-24 02.44.11.375000 PM
5925.0,HR/Normal user tries to update the answer,09-OCT-24 06.17.03.785000 PM
13002832.0,Normal user enters the Provvidenza Figli page,03-OCT-24 03.12.02.395000 PM
5407.0,HR/Normal user tries to update the answer,03-OCT-24 03.13.15.017000 PM
,Download PDF dalla sezione Cedolini,15-OCT-24 08.16.05.861000 PM
6122.0,HR/Normal user tries to update the answer,03-OCT-24 02.58.02.220000 PM
13002580.0,HR tried to update grade,03-OCT-24 03.08.43.773000 PM
,Dettaglio elenco Cedolini e CU disponibili al download,29-OCT-24 08.58.12.973000 AM
13000371.0,Recupero dettagliutente per Scelta Welfare,29-OCT-24 09.12.09.091000 AM
,Download PDF dalla sezione Cedolini,09-OCT-24 02.56.50.727000 PM
5925.0,HR/Normal user tries to update the answer,09-OCT-24 06.19.18.539000 PM
5271.0,Normal user enters the Provvidenza Figli page,21-OCT-24 12.49.38.943000 PM
6225.0,Normal user enters the Provvidenza Figli page,03-OCT-24 03.14.03.548000 PM
6000.0,Normal user enters the Provvidenza Figli page,04-OCT-24 09.58.19.669000 PM
,Dettaglio elenco Cedolini e CU disponibili al download,09-OCT-24 02.49.51.609000 PM
5407.0,Normal user assign new grade for the child while creating a request,03-OCT-24 03.13.01.902000 PM
8268.0,Download PDF dalla sezione Cedolini,24-OCT-24 10.37.52.645000 PM
16385.0,HR/Normal user tries to update the answer,03-OCT-24 02.43.33.186000 PM
14619.0,HR/Normal user tries to update the answer,04-OCT-24 09.20.41.720000 PM
5925.0,Normal user enters the Provvidenza Figli page,09-OCT-24 06.20.51.514000 PM
5850.0,Normal user tries to create new Provvidenza request for a child,03-OCT-24 03.38.13.120000 PM
13001831.0,Normal user assign new grade for the child while creating a request,21-OCT-24 08.49.38.807000 AM
14619.0,HR/Normal user tries to update the answer,04-OCT-24 09.18.18.223000 PM
13001831.0,HR/Normal user tries to update the answer,21-OCT-24 08.51.04.288000 AM
,Dettaglio elenco Cedolini e CU disponibili al download,29-OCT-24 11.44.53.145000 AM
13001109.0,HR/Normal user tries to update the answer,03-OCT-24 10.11.25.353000 PM
5972.0,HR/Normal user tries to update the answer,03-OCT-24 09.53.49.766000 PM
,Dettaglio elenco Cedolini e CU disponibili al download,04-OCT-24 09.29.49.881000 PM
,Download PDF dalla sezione Cedolini,21-OCT-24 04.48.33.681000 PM
6225.0,HR/Normal user tries to update the answer,03-OCT-24 03.08.45.520000 PM
6003.0,Normal user assign new grade for the child while creating a request,03-OCT-24 10.44.50.228000 PM
,Dettaglio elenco Cedolini e CU disponibili al download,31-OCT-24 10.56.38.529000 AM
7684.0,Recupero dettagliutente per Scelta Welfare,21-OCT-24 09.01.04.219000 AM
,Download PDF dalla sezione Cedolini,28-OCT-24 05.25.01.249000 PM
6368.0,HR/Normal user tries to update the answer,03-OCT-24 03.32.19.958000 PM
5339.0,Normal user enters the Provvidenza Figli page,07-OCT-24 06.36.29.483000 PM
,Download PDF dalla sezione Cedolini,21-OCT-24 01.13.21.391000 PM
6691.0,Verifica possibilità di accesso a fondo pensione per Scelta Welfare,28-OCT-24 06.47.52.054000 PM
17242.0,Recupero dettagliutente per Scelta Welfare,29-OCT-24 11.59.21.250000 AM
13001109.0,Verifica possibilità di accesso a fondo pensione per Scelta Welfare,03-OCT-24 10.16.53.836000 PM
5664.0,HR/Normal user tries to update the answer,23-OCT-24 11.33.48.828000 AM
5783.0,Normal user tries to create new Provvidenza request for a child,03-OCT-24 11.47.36.512000 PM
,Dettaglio elenco Cedolini e CU disponibili al download,22-OCT-24 09.42.32.035000 AM
,Dettaglio elenco Cedolini e CU disponibili al download,31-OCT-24 10.16.52.496000 AM
,Download PDF dalla sezione Cedolini,31-OCT-24 10.17.18.606000 AM
,Download PDF dalla sezione Cedolini,31-OCT-24 10.11.52.969000 AM
,Dettaglio elenco Cedolini e CU disponibili al download,09-OCT-24 10.00.27.446000 AM
,Dettaglio elenco Cedolini e CU disponibili al download,24-OCT-24 09.29.25.342000 PM
18000.0,Normal user enters the Provvidenza Figli page,09-OCT-24 10.49.04.414000 AM
,Dettaglio elenco Cedolini e CU disponibili al download,24-OCT-24 08.41.55.647000 AM
5366.0,Normal user tries to create new Provvidenza request for a child,21-OCT-24 01.12.26.279000 PM
18291.0,HR/Normal user tries to update the answer,09-OCT-24 06.40.35.123000 AM
7150.0,Normal user assign new grade for the child while creating a request,07-OCT-24 07.52.50.123000 AM
6665.0,Normal user enters the Provvidenza Figli page,09-OCT-24 10.45.55.614000 AM
6665.0,HR/Normal user tries to update the answer,09-OCT-24 10.45.48.878000 AM
,Dettaglio elenco Cedolini e CU disponibili al download,07-OCT-24 06.51.40.469000 PM
8730.0,HR/Normal user tries to update the answer,18-OCT-24 02.10.58.739000 PM
5812.0,HR/Normal user tries to update the answer,03-OCT-24 04.27.30.658000 PM
13002224.0,Recupero dettagliutente per Scelta Welfare,01-OCT-24 08.55.37.726000 AM
,Dettaglio elenco Cedolini e CU disponibili al download,29-OCT-24 02.21.18.810000 PM
8136.0,HR tried to update grade,03-OCT-24 04.36.03.076000 PM
16429.0,Download PDF dalla sezione Cedolini,03-OCT-24 04.41.11.408000 PM
,Dettaglio elenco Cedolini e CU disponibili al download,23-OCT-24 12.29.37.982000 PM
5630.0,Normal user enters the Provvidenza Figli page,03-OCT-24 04.33.19.093000 PM
10049.0,Recupero dettagli utente per invio adesione Fondo Nazionale,17-OCT-24 11.27.18.184000 AM
,Dettaglio elenco Cedolini e CU disponibili al download,24-OCT-24 02.33.53.024000 PM
6925.0,Normal user assign new grade for the child while creating a request,03-OCT-24 04.21.35.065000 PM
7170.0,Normal user enters the Provvidenza Figli page,03-OCT-24 04.12.44.615000 PM
,Download PDF dalla sezione Cedolini,29-OCT-24 02.03.14.164000 PM
6358.0,Normal user enters the Provvidenza Figli page,11-OCT-24 03.41.52.474000 PM
7173.0,HR/Normal user tries to update the answer,03-OCT-24 04.26.57.586000 PM
6665.0,Normal user enters the Provvidenza Figli page,09-OCT-24 10.46.13.875000 AM
,Download PDF dalla sezione Cedolini,11-OCT-24 11.01.08.241000 AM
6621.0,Normal user enters the Provvidenza Figli page,03-OCT-24 04.21.30.930000 PM
5783.0,HR/Normal user tries to update the answer,03-OCT-24 11.48.38.732000 PM
,Dettaglio elenco Cedolini e CU disponibili al download,09-OCT-24 10.34.37.531000 AM
7303.0,HR/Normal user tries to update the answer,03-OCT-24 04.55.55.941000 PM
6925.0,HR/Normal user tries to update the answer,03-OCT-24 04.20.35.703000 PM
6872.0,HR/Normal user tries to update the answer,11-OCT-24 04.17.12.781000 PM
5297.0,Verifica possibilità di accesso a fondo pensione per Scelta Welfare,18-OCT-24 02.12.48.769000 PM
5901.0,Verifica possibilità di accesso a fondo pensione per Scelta Welfare,21-OCT-24 10.18.19.432000 AM
18000.0,Normal user tries to create new Provvidenza request for a child,09-OCT-24 10.48.39.254000 AM
6199.0,Normal user enters the Provvidenza Figli page,11-OCT-24 03.52.16.495000 PM
5197.0,HR/Normal user tries to update the answer,03-OCT-24 04.27.55.844000 PM
,Download PDF dalla sezione Cedolini,21-OCT-24 10.47.20.450000 AM
6665.0,Normal / HR user updates the answer,09-OCT-24 10.45.27.642000 AM
5601.0,Normal user enters the Provvidenza Figli page,03-OCT-24 04.12.23.809000 PM
,Dettaglio elenco Cedolini e CU disponibili al download,03-OCT-24 04.25.53.822000 PM
,Download PDF dalla sezione Cedolini,31-OCT-24 01.44.12.671000 PM
,Download PDF dalla sezione Cedolini,01-OCT-24 02.41.36.664000 PM
,Download PDF dalla sezione Cedolini,21-OCT-24 10.47.09.476000 AM
6513.0,Normal user enters the Provvidenza Figli page,03-OCT-24 04.25.58.766000 PM
,Download PDF dalla sezione Cedolini,30-OCT-24 09.41.07.604000 PM
8136.0,Normal user tries to create new Provvidenza request for a child,03-OCT-24 04.36.00.159000 PM
,Dettaglio elenco Cedolini e CU disponibili al download,23-OCT-24 01.55.41.368000 PM
5812.0,HR/Normal user tries to update the answer,03-OCT-24 04.27.33.821000 PM
6104.0,Recupero dettagliutente per Scelta Welfare,31-OCT-24 01.24.20.047000 PM
,Lettura e accettazione dell'accordo di smartworking,03-OCT-24 04.37.56.487000 PM
,Dettaglio elenco Cedolini e CU disponibili al download,01-OCT-24 02.47.51.756000 PM
6925.0,Normal user enters the Provvidenza Figli page,03-OCT-24 04.21.09.054000 PM
7361.0,HR/Normal user tries to update the answer,16-OCT-24 11.55.20.301000 AM
7147.0,HR/Normal user tries to update the answer,03-OCT-24 04.36.26.638000 PM
7147.0,HR/Normal user tries to update the answer,03-OCT-24 04.30.34.364000 PM
11418.0,Normal user assign new grade for the child while creating a request,15-OCT-24 09.55.25.218000 PM
13002608.0,Normal user tries to create new Provvidenza request for a child,03-OCT-24 04.54.26.014000 PM
,Dettaglio elenco Cedolini e CU disponibili al download,17-OCT-24 11.45.41.111000 AM
,Dettaglio elenco Cedolini e CU disponibili al download,23-OCT-24 02.13.32.230000 PM
18260.0,Normal user enters the Provvidenza Figli page,04-OCT-24 05.52.44.362000 PM
13002570.0,HR/Normal user tries to update the answer,17-OCT-24 12.28.16.302000 PM
,Dettaglio elenco Cedolini e CU disponibili al download,17-OCT-24 12.39.14.638000 PM
,Download PDF dalla sezione Cedolini,25-OCT-24 05.44.57.807000 PM
9966.0,Normal / HR user updates the answer,03-OCT-24 05.44.01.156000 PM
7900.0,Normal user tries to create new Provvidenza request for a child,14-OCT-24 03.07.42.959000 PM
7696.0,HR/Normal user tries to update the answer,03-OCT-24 05.23.11.425000 PM
8264.0,HR/Normal user tries to update the answer,03-OCT-24 05.43.58.757000 PM
8324.0,Dettaglio elenco Cedolini e CU disponibili al download,02-OCT-24 03.06.39.644000 PM
,Dettaglio elenco Cedolini e CU disponibili al download,23-OCT-24 01.40.36.004000 PM
5817.0,HR/Normal user tries to update the answer,03-OCT-24 05.48.00.270000 PM
,Dettaglio elenco Cedolini e CU disponibili al download,03-OCT-24 05.47.56.072000 PM
5817.0,Normal user tries to create new Provvidenza request for a child,03-OCT-24 05.49.11.077000 PM
6161.0,Normal user tries to create new Provvidenza request for a child,04-OCT-24 05.27.17.037000 PM
6163.0,HR/Normal user tries to update the answer,04-OCT-24 06.51.48.707000 PM
,Dettaglio elenco Cedolini e CU disponibili al download,24-OCT-24 11.46.01.311000 AM
6925.0,Download PDF dalla sezione Cedolini,03-OCT-24 04.22.54.643000 PM
,Dettaglio elenco Cedolini e CU disponibili al download,04-OCT-24 06.22.23.971000 PM
6188.0,HR/Normal user tries to update the answer,04-OCT-24 05.21.51.224000 PM
,Download PDF dalla sezione Cedolini,04-OCT-24 04.45.49.026000 PM
,Dettaglio elenco Cedolini e CU disponibili al download,25-OCT-24 06.55.41.334000 PM
5771.0,HR/Normal user tries to update the answer,04-OCT-24 06.39.25.753000 PM
6059.0,Normal user enters the Provvidenza Figli page,04-OCT-24 05.27.28.212000 PM
6924.0,Normal user assign new grade for the child while creating a request,08-OCT-24 05.09.46.115000 PM
6828.0,Normal user enters the Provvidenza Figli page,03-OCT-24 05.31.21.224000 PM
5358.0,Normal user enters the Provvidenza Figli page,08-OCT-24 04.16.03.292000 PM
6161.0,HR/Normal user tries to update the answer,04-OCT-24 05.26.35.350000 PM
,Dettaglio elenco Cedolini e CU disponibili al download,02-OCT-24 03.24.59.203000 PM
6058.0,HR/Normal user tries to update the answer,07-OCT-24 10.17.19.657000 AM
8969.0,HR/Normal user tries to update the answer,04-OCT-24 06.18.16.487000 PM
,Dettaglio elenco Cedolini e CU disponibili al download,22-OCT-24 08.45.53.872000 AM
,Dettaglio elenco Cedolini e CU disponibili al download,24-OCT-24 11.13.00.452000 PM
8264.0,Normal / HR user updates the answer,03-OCT-24 05.44.34.991000 PM
6924.0,HR/Normal user tries to update the answer,08-OCT-24 05.11.44.769000 PM
5712.0,HR/Normal user tries to update the answer,03-OCT-24 05.34.45.138000 PM
13000939.0,Recupero dettagli utente per Scelta orario di lavoro,01-OCT-24 04.13.09.264000 PM
8969.0,HR/Normal user tries to update the answer,04-OCT-24 06.20.09.213000 PM
7941.0,Normal user assign new grade for the child while creating a request,04-OCT-24 05.01.37.243000 PM
6316.0,Normal user enters the Provvidenza Figli page,08-OCT-24 08.28.45.941000 AM
9966.0,HR/Normal user tries to update the answer,03-OCT-24 05.44.05.850000 PM
6396.0,Normal user tries to create new Provvidenza request for a child,08-OCT-24 08.59.42.003000 AM
6161.0,Normal user enters the Provvidenza Figli page,04-OCT-24 05.24.23.941000 PM
7877.0,Normal user tries to create new Provvidenza request for a child,04-OCT-24 05.09.40.514000 PM
5771.0,Normal user update grade for a child,04-OCT-24 06.45.04.230000 PM
13002975.0,Normal user enters the Provvidenza Figli page,22-OCT-24 08.34.54.960000 AM
,Dettaglio elenco Cedolini e CU disponibili al download,08-OCT-24 09.01.16.683000 AM
,Dettaglio elenco Cedolini e CU disponibili al download,15-OCT-24 12.00.13.113000 PM
,Dettaglio elenco Cedolini e CU disponibili al download,08-OCT-24 08.35.26.650000 AM
,Download PDF dalla sezione Cedolini,23-OCT-24 10.34.08.206000 AM
,Download PDF dalla sezione Cedolini,16-OCT-24 10.05.46.013000 AM
13001785.0,Normal user enters the Provvidenza Figli page,28-OCT-24 04.55.39.745000 PM
,Download PDF dalla sezione Cedolini,23-OCT-24 10.32.44.612000 AM
,Download PDF dalla sezione Cedolini,28-OCT-24 04.24.46.893000 PM
13001785.0,Normal user enters the Provvidenza Figli page,28-OCT-24 04.57.37.315000 PM
,Download PDF dalla sezione Cedolini,02-OCT-24 12.36.24.291000 PM
,Dettaglio elenco Cedolini e CU disponibili al download,03-OCT-24 11.36.42.835000 AM
,Download PDF dalla sezione Cedolini,01-OCT-24 12.31.29.082000 AM
5266.0,Dettaglio elenco Cedolini e CU disponibili al download,28-OCT-24 04.48.38.336000 PM
,Dettaglio elenco Cedolini e CU disponibili al download,16-OCT-24 10.18.49.866000 AM
,Dettaglio elenco Cedolini e CU disponibili al download,28-OCT-24 04.58.47.968000 PM
,Dettaglio elenco Cedolini e CU disponibili al download,23-OCT-24 10.32.42.680000 AM
,Dettaglio elenco Cedolini e CU disponibili al download,24-OCT-24 11.46.10.707000 AM
6163.0,Normal user enters the Provvidenza Figli page,04-OCT-24 06.51.58.526000 PM
,Download PDF dalla sezione Cedolini,28-OCT-24 04.32.27.946000 PM
,Download PDF dalla sezione Cedolini,23-OCT-24 10.32.45.513000 AM
13001210.0,Recupero dettagliutente per Scelta Welfare,28-OCT-24 04.21.05.857000 PM
,Dettaglio elenco Cedolini e CU disponibili al download,28-OCT-24 04.13.39.583000 PM
13002973.0,Recupero dettagliutente per Scelta Welfare,28-OCT-24 04.14.19.068000 PM
,Download PDF dalla sezione Cedolini,28-OCT-24 04.44.16.629000 PM
7573.0,Verifica possibilità di accesso a fondo pensione per Scelta Welfare,28-OCT-24 05.15.41.651000 PM
,Download PDF dalla sezione Cedolini,23-OCT-24 10.34.12.135000 AM
13002929.0,Recupero dettagliutente per Scelta Welfare,03-OCT-24 11.43.29.302000 AM
7978.0,Download PDF dalla sezione Cedolini,28-OCT-24 04.47.58.055000 PM
,Dettaglio elenco Cedolini e CU disponibili al download,04-OCT-24 05.00.11.774000 PM
7836.0,Dettaglio elenco Cedolini e CU disponibili al download,28-OCT-24 04.23.11.369000 PM
,Dettaglio elenco Cedolini e CU disponibili al download,28-OCT-24 04.13.20.976000 PM
7690.0,Dettaglio elenco Cedolini e CU disponibili al download,28-OCT-24 05.04.40.694000 PM
16317.0,Recupero dettagliutente per Scelta Welfare,21-OCT-24 06.06.31.032000 PM
6199.0,Normal user enters the Provvidenza Figli page,28-OCT-24 04.45.21.064000 PM
13001785.0,Normal / HR user updates the answer,28-OCT-24 04.57.09.944000 PM
9223.0,Normal user enters the Provvidenza Figli page,28-OCT-24 04.19.15.178000 PM
,Download PDF dalla sezione Cedolini,22-OCT-24 03.45.11.444000 PM
8126.0,Normal user enters the Provvidenza Figli page,29-OCT-24 01.47.41.343000 PM
,Download PDF dalla sezione Cedolini,01-OCT-24 09.09.36.685000 AM
,Dettaglio elenco Cedolini e CU disponibili al download,28-OCT-24 04.40.46.075000 PM
,Download PDF dalla sezione Cedolini,23-OCT-24 10.34.06.083000 AM
,Download PDF dalla sezione Cedolini,23-OCT-24 10.13.33.052000 AM
13002972.0,Verifica possibilità di accesso a fondo pensione per Scelta Welfare,28-OCT-24 04.47.29.790000 PM
,Download PDF dalla sezione Cedolini,28-OCT-24 04.38.22.913000 PM
5297.0,Recupero dettagliutente per Scelta Welfare,22-OCT-24 04.00.06.503000 PM
,Dettaglio elenco Cedolini e CU disponibili al download,23-OCT-24 10.32.25.860000 AM
13001831.0,HR/Normal user tries to update the answer,21-OCT-24 08.51.09.216000 AM
,Download PDF dalla sezione Cedolini,28-OCT-24 04.30.39.158000 PM
,Download PDF dalla sezione Cedolini,25-OCT-24 12.03.24.387000 PM
5538.0,Recupero dettagli utente per invio adesione Fondo Nazionale,28-OCT-24 04.36.39.824000 PM
,Download PDF dalla sezione Cedolini,01-OCT-24 09.20.43.921000 AM
,Download PDF dalla sezione Cedolini,14-OCT-24 10.34.51.193000 AM
5521.0,Dettaglio elenco Cedolini e CU disponibili al download,28-OCT-24 04.34.19.536000 PM
,Dettaglio elenco Cedolini e CU disponibili al download,29-OCT-24 12.54.04.881000 PM
6199.0,Normal user enters the Provvidenza Figli page,21-OCT-24 11.58.26.480000 AM
,Download PDF dalla sezione Cedolini,09-OCT-24 08.39.16.416000 AM
6870.0,Dettaglio elenco Cedolini e CU disponibili al download,25-OCT-24 12.01.20.016000 PM
5487.0,HR/Normal user tries to update the answer,09-OCT-24 08.57.58.842000 AM
,Download PDF dalla sezione Cedolini,21-OCT-24 08.51.06.373000 AM
,Dettaglio elenco Cedolini e CU disponibili al download,29-OCT-24 05.10.18.365000 PM
,Download PDF dalla sezione Cedolini,25-OCT-24 12.15.51.673000 PM
7573.0,Verifica possibilità di accesso a fondo pensione per Scelta Welfare,29-OCT-24 01.01.11.317000 PM
,Download PDF dalla sezione Cedolini,28-OCT-24 11.14.05.304000 PM
,Download PDF dalla sezione Cedolini,29-OCT-24 01.55.29.549000 PM
6693.0,Dettaglio elenco Cedolini e CU disponibili al download,01-OCT-24 11.18.30.781000 AM
,Dettaglio elenco Cedolini e CU disponibili al download,25-OCT-24 12.15.48.900000 PM
7018.0,Download PDF dalla sezione Cedolini,21-OCT-24 06.26.30.606000 PM
6922.0,HR/Normal user tries to update the answer,06-OCT-24 10.09.11.258000 AM
,Download PDF dalla sezione Cedolini,29-OCT-24 05.10.26.472000 PM
,Download PDF dalla sezione Cedolini,24-OCT-24 05.51.33.628000 PM
,Dettaglio elenco Cedolini e CU disponibili al download,24-OCT-24 07.00.33.526000 PM
5487.0,HR/Normal user tries to update the answer,09-OCT-24 08.57.52.078000 AM
,Dettaglio elenco Cedolini e CU disponibili al download,25-OCT-24 09.01.43.617000 AM
7763.0,Normal user assign new grade for the child while creating a request,25-OCT-24 09.04.12.562000 AM
7684.0,HR tried to update grade,21-OCT-24 08.58.11.652000 AM
8260.0,Dettaglio elenco Cedolini e CU disponibili al download,01-OCT-24 08.36.01.995000 AM
13002885.0,Verifica possibilità di accesso a fondo pensione per Scelta Welfare,09-OCT-24 09.32.35.749000 AM
5934.0,HR/Normal user tries to update the answer,07-OCT-24 02.11.27.215000 PM
,Download PDF dalla sezione Cedolini,21-OCT-24 08.54.51.790000 AM
5727.0,HR tried to update grade,09-OCT-24 08.04.03.013000 AM
,Download PDF dalla sezione Cedolini,25-OCT-24 08.13.48.346000 AM
6479.0,HR/Normal user tries to update the answer,11-OCT-24 09.13.58.524000 AM
6913.0,Recupero dettagliutente per Scelta Welfare,25-OCT-24 12.19.12.492000 PM
8795.0,Dettaglio elenco Cedolini e CU disponibili al download,29-OCT-24 09.29.31.863000 AM
5578.0,Recupero dettagliutente per Scelta Welfare,29-OCT-24 09.29.54.222000 AM
,Download PDF dalla sezione Cedolini,25-OCT-24 08.12.56.312000 AM
5137.0,HR/Normal user tries to update the answer,11-OCT-24 09.01.48.779000 AM
,Download PDF dalla sezione Cedolini,25-OCT-24 08.12.56.099000 AM
,Download PDF dalla sezione Cedolini,25-OCT-24 07.08.48.698000 AM
,Download PDF dalla sezione Cedolini,25-OCT-24 08.12.26.481000 AM
6001.0,HR/Normal user tries to update the answer,17-OCT-24 02.06.26.249000 PM
,Dettaglio elenco Cedolini e CU disponibili al download,29-OCT-24 09.34.59.745000 AM
,Dettaglio elenco Cedolini e CU disponibili al download,30-OCT-24 03.36.57.216000 PM
6001.0,Normal user enters the Provvidenza Figli page,17-OCT-24 02.05.57.066000 PM
5694.0,Normal user enters the Provvidenza Figli page,03-OCT-24 02.04.47.703000 PM
5978.0,HR/Normal user tries to update the answer,03-OCT-24 02.07.53.486000 PM
,Dettaglio elenco Cedolini e CU disponibili al download,25-OCT-24 12.06.49.610000 PM
,Download PDF dalla sezione Cedolini,25-OCT-24 11.35.25.987000 AM
6778.0,HR/Normal user tries to update the answer,03-OCT-24 01.32.41.650000 PM
6059.0,HR/Normal user tries to update the answer,03-OCT-24 01.37.11.177000 PM
6136.0,Normal user enters the Provvidenza Figli page,03-OCT-24 01.27.40.257000 PM
,Download PDF dalla sezione Cedolini,25-OCT-24 11.21.59.106000 AM
7852.0,Normal user enters the Provvidenza Figli page,07-OCT-24 02.30.59.630000 PM
6068.0,HR/Normal user tries to update the answer,03-OCT-24 01.22.48.039000 PM
,Download PDF dalla sezione Cedolini,06-OCT-24 10.23.42.282000 AM
6980.0,HR/Normal user tries to update the answer,03-OCT-24 01.38.42.857000 PM
13000760.0,Normal user assign new grade for the child while creating a request,03-OCT-24 01.35.08.598000 PM
6854.0,Normal user enters the Provvidenza Figli page,03-OCT-24 02.15.56.379000 PM
7386.0,Normal user enters the Provvidenza Figli page,03-OCT-24 01.24.39.032000 PM
7499.0,HR tried to update grade,03-OCT-24 02.34.19.183000 PM
6624.0,HR/Normal user tries to update the answer,03-OCT-24 01.33.30.586000 PM
7165.0,Normal user enters the Provvidenza Figli page,03-OCT-24 01.34.21.121000 PM
17119.0,HR/Normal user tries to update the answer,03-OCT-24 02.07.42.755000 PM
,Dettaglio elenco Cedolini e CU disponibili al download,03-OCT-24 01.35.16.803000 PM
6926.0,HR/Normal user tries to update the answer,03-OCT-24 01.50.31.250000 PM
6367.0,HR/Normal user tries to update the answer,03-OCT-24 01.24.23.029000 PM
5891.0,HR/Normal user tries to update the answer,03-OCT-24 01.24.30.798000 PM
15870.0,Normal user enters the Provvidenza Figli page,03-OCT-24 01.26.55.074000 PM
5689.0,Normal user enters the Provvidenza Figli page,03-OCT-24 02.14.49.376000 PM
7782.0,HR/Normal user tries to update the answer,03-OCT-24 02.15.48.720000 PM
7199.0,HR/Normal user tries to update the answer,03-OCT-24 01.29.56.048000 PM
,Download PDF dalla sezione Cedolini,25-OCT-24 07.58.52.623000 AM
,Download PDF dalla sezione Cedolini,15-OCT-24 05.38.32.506000 PM
5764.0,Normal user enters the Provvidenza Figli page,03-OCT-24 01.57.51.071000 PM
5884.0,Normal / HR user updates the answer,03-OCT-24 01.51.51.838000 PM
,Dettaglio elenco Cedolini e CU disponibili al download,07-OCT-24 03.18.07.449000 PM
5273.0,HR/Normal user tries to update the answer,03-OCT-24 04.14.03.996000 PM
5622.0,Normal user enters the Provvidenza Figli page,17-OCT-24 08.12.00.882000 AM
6823.0,Normal user tries to create new Provvidenza request for a child,03-OCT-24 02.27.45.210000 PM
9403.0,HR/Normal user tries to update the answer,03-OCT-24 01.39.03.393000 PM
9473.0,HR/Normal user tries to update the answer,03-OCT-24 01.25.27.695000 PM
5336.0,Normal user tries to create new Provvidenza request for a child,03-OCT-24 02.35.41.069000 PM
7636.0,HR/Normal user tries to update the answer,03-OCT-24 01.23.02.268000 PM
5957.0,HR/Normal user tries to update the answer,03-OCT-24 01.35.52.924000 PM
7002.0,Normal user enters the Provvidenza Figli page,03-OCT-24 01.31.48.450000 PM
,Download PDF dalla sezione Cedolini,25-OCT-24 11.45.27.633000 AM
5875.0,Normal user enters the Provvidenza Figli page,03-OCT-24 01.47.41.720000 PM
13002717.0,HR/Normal user tries to update the answer,03-OCT-24 01.47.21.525000 PM
7237.0,HR/Normal user tries to update the answer,03-OCT-24 01.46.47.655000 PM
6364.0,Normal user tries to create new Provvidenza request for a child,03-OCT-24 01.30.31.240000 PM
5254.0,Normal user enters the Provvidenza Figli page,03-OCT-24 01.24.26.431000 PM
6380.0,Normal user enters the Provvidenza Figli page,03-OCT-24 01.50.28.891000 PM
5575.0,Normal user update grade for a child,03-OCT-24 01.46.14.664000 PM
5182.0,Normal user enters the Provvidenza Figli page,09-OCT-24 10.23.48.106000 AM
7436.0,HR tried to update grade,03-OCT-24 02.15.42.352000 PM
8042.0,Normal user enters the Provvidenza Figli page,03-OCT-24 02.14.20.205000 PM
7782.0,HR/Normal user tries to update the answer,03-OCT-24 02.15.40.938000 PM
5788.0,HR/Normal user tries to update the answer,03-OCT-24 01.37.39.655000 PM
,Download PDF dalla sezione Cedolini,25-OCT-24 11.57.40.839000 AM
,Dettaglio elenco Cedolini e CU disponibili al download,03-OCT-24 01.24.39.132000 PM
5846.0,Normal user enters the Provvidenza Figli page,03-OCT-24 02.24.05.728000 PM
,Dettaglio elenco Cedolini e CU disponibili al download,25-OCT-24 11.18.43.311000 AM
5875.0,HR/Normal user tries to update the answer,03-OCT-24 01.47.06.282000 PM
5336.0,Normal user enters the Provvidenza Figli page,03-OCT-24 02.34.47.986000 PM
6131.0,HR/Normal user tries to update the answer,03-OCT-24 01.41.15.778000 PM
5884.0,Normal user tries to create new Provvidenza request for a child,03-OCT-24 01.51.16.761000 PM
6692.0,Normal user enters the Provvidenza Figli page,03-OCT-24 01.38.29.147000 PM
6553.0,HR/Normal user tries to update the answer,03-OCT-24 02.36.57.925000 PM
13002717.0,HR tried to update grade,03-OCT-24 01.46.56.487000 PM
6794.0,HR/Normal user tries to update the answer,03-OCT-24 01.47.00.697000 PM
5659.0,HR/Normal user tries to update the answer,03-OCT-24 02.20.31.794000 PM
7331.0,Normal user enters the Provvidenza Figli page,03-OCT-24 02.05.44.538000 PM
6179.0,Normal user assign new grade for the child while creating a request,03-OCT-24 01.24.33.994000 PM
9403.0,Normal user enters the Provvidenza Figli page,03-OCT-24 01.40.21.350000 PM
7606.0,Normal user tries to create new Provvidenza request for a child,03-OCT-24 01.27.08.873000 PM
9543.0,HR/Normal user tries to update the answer,03-OCT-24 01.40.38.215000 PM
7989.0,HR/Normal user tries to update the answer,03-OCT-24 02.28.42.020000 PM
16786.0,Normal user enters the Provvidenza Figli page,03-OCT-24 01.49.08.660000 PM
7595.0,Normal user tries to create new Provvidenza request for a child,03-OCT-24 02.13.26.944000 PM
6243.0,Dettaglio elenco Cedolini e CU disponibili al download,03-OCT-24 02.13.07.082000 PM
7047.0,HR tried to update grade,03-OCT-24 01.28.25.414000 PM
6135.0,Normal user tries to create new Provvidenza request for a child,03-OCT-24 02.33.44.984000 PM
6150.0,HR/Normal user tries to update the answer,03-OCT-24 02.21.38.297000 PM
11399.0,Normal user enters the Provvidenza Figli page,03-OCT-24 02.21.11.586000 PM
7040.0,Normal user enters the Provvidenza Figli page,03-OCT-24 02.07.05.802000 PM
5784.0,Normal user enters the Provvidenza Figli page,03-OCT-24 02.33.20.961000 PM
6082.0,Normal user assign new grade for the child while creating a request,03-OCT-24 01.23.09.371000 PM
5993.0,Normal user enters the Provvidenza Figli page,03-OCT-24 01.30.10.744000 PM
9223.0,HR/Normal user tries to update the answer,03-OCT-24 02.06.06.147000 PM
9223.0,Normal user enters the Provvidenza Figli page,03-OCT-24 02.04.39.947000 PM
7675.0,Normal user enters the Provvidenza Figli page,03-OCT-24 02.01.54.918000 PM
6149.0,HR/Normal user tries to update the answer,03-OCT-24 02.37.43.308000 PM
8028.0,HR/Normal user tries to update the answer,03-OCT-24 02.32.01.997000 PM
8274.0,HR/Normal user tries to update the answer,03-OCT-24 02.14.54.043000 PM
7185.0,HR/Normal user tries to update the answer,03-OCT-24 02.28.36.076000 PM
,Dettaglio elenco Cedolini e CU disponibili al download,15-OCT-24 09.45.35.282000 AM
6817.0,Normal user enters the Provvidenza Figli page,03-OCT-24 02.03.28.624000 PM
6135.0,HR/Normal user tries to update the answer,03-OCT-24 02.34.42.709000 PM
,Dettaglio elenco Cedolini e CU disponibili al download,03-OCT-24 02.15.33.126000 PM
7600.0,Normal user assign new grade for the child while creating a request,03-OCT-24 01.48.00.500000 PM
13002479.0,HR tried to update grade,03-OCT-24 02.17.39.676000 PM
5369.0,HR/Normal user tries to update the answer,03-OCT-24 01.58.22.418000 PM
,Download PDF dalla sezione Cedolini,25-OCT-24 08.05.45.244000 AM
8399.0,Normal user tries to create new Provvidenza request for a child,03-OCT-24 02.36.37.072000 PM
6787.0,Normal user assign new grade for the child while creating a request,03-OCT-24 01.43.28.578000 PM
7331.0,HR/Normal user tries to update the answer,03-OCT-24 02.05.11.544000 PM
16895.0,Normal user enters the Provvidenza Figli page,03-OCT-24 01.27.30.333000 PM
9543.0,Recupero dettagli utente per invio adesione Fondo Nazionale,03-OCT-24 01.43.40.682000 PM
6006.0,HR/Normal user tries to update the answer,03-OCT-24 01.45.16.902000 PM
6144.0,Normal user tries to create new Provvidenza request for a child,03-OCT-24 02.19.17.711000 PM
6685.0,Normal user enters the Provvidenza Figli page,03-OCT-24 02.12.52.610000 PM
5854.0,Normal user assign new grade for the child while creating a request,03-OCT-24 01.32.14.648000 PM
5834.0,HR tried to update grade,03-OCT-24 01.32.14.647000 PM
5619.0,Normal user enters the Provvidenza Figli page,03-OCT-24 02.30.50.405000 PM
8028.0,HR/Normal user tries to update the answer,03-OCT-24 02.30.46.106000 PM
6104.0,HR/Normal user tries to update the answer,03-OCT-24 02.26.53.069000 PM
5530.0,Recupero dettagliutente per Scelta Welfare,03-OCT-24 01.30.04.752000 PM
6645.0,Normal user enters the Provvidenza Figli page,03-OCT-24 02.28.26.547000 PM
13001231.0,HR/Normal user tries to update the answer,03-OCT-24 01.40.07.198000 PM
5589.0,Normal user tries to create new Provvidenza request for a child,03-OCT-24 02.28.18.402000 PM
13001928.0,Normal user enters the Provvidenza Figli page,03-OCT-24 04.34.39.567000 PM
7199.0,HR/Normal user tries to update the answer,03-OCT-24 01.30.04.776000 PM
6709.0,Normal user enters the Provvidenza Figli page,03-OCT-24 02.00.00.588000 PM
10644.0,HR/Normal user tries to update the answer,03-OCT-24 02.30.11.807000 PM
17119.0,Normal user tries to create new Provvidenza request for a child,03-OCT-24 02.07.27.489000 PM
8399.0,HR/Normal user tries to update the answer,03-OCT-24 02.37.17.347000 PM
5891.0,Normal user tries to create new Provvidenza request for a child,03-OCT-24 01.23.28.799000 PM
6372.0,Normal user enters the Provvidenza Figli page,03-OCT-24 01.27.36.105000 PM
5755.0,HR/Normal user tries to update the answer,03-OCT-24 01.29.10.443000 PM
13001175.0,Normal user enters the Provvidenza Figli page,03-OCT-24 01.30.36.662000 PM
6096.0,Normal user enters the Provvidenza Figli page,03-OCT-24 02.34.23.071000 PM
6104.0,Normal user assign new grade for the child while creating a request,03-OCT-24 02.26.39.736000 PM
17648.0,HR tried to update grade,03-OCT-24 02.02.51.679000 PM
5995.0,HR/Normal user tries to update the answer,03-OCT-24 02.33.15.172000 PM
16805.0,Normal user enters the Provvidenza Figli page,03-OCT-24 01.41.53.004000 PM
7199.0,HR/Normal user tries to update the answer,03-OCT-24 01.31.00.294000 PM
5366.0,HR/Normal user tries to update the answer,21-OCT-24 01.12.30.179000 PM
5607.0,Normal user assign new grade for the child while creating a request,08-OCT-24 10.08.42.908000 AM
,Dettaglio elenco Cedolini e CU disponibili al download,03-OCT-24 01.50.11.846000 PM
6393.0,HR/Normal user tries to update the answer,03-OCT-24 01.58.57.385000 PM
6692.0,HR/Normal user tries to update the answer,03-OCT-24 01.40.33.941000 PM
5918.0,HR/Normal user tries to update the answer,03-OCT-24 01.55.43.784000 PM
8516.0,Normal user assign new grade for the child while creating a request,03-OCT-24 02.23.39.871000 PM
9098.0,HR/Normal user tries to update the answer,03-OCT-24 01.25.28.071000 PM
7782.0,HR/Normal user tries to update the answer,03-OCT-24 02.15.46.503000 PM
5255.0,HR/Normal user tries to update the answer,03-OCT-24 01.26.23.154000 PM
6150.0,Normal user enters the Provvidenza Figli page,03-OCT-24 02.21.10.640000 PM
6942.0,Normal user enters the Provvidenza Figli page,15-OCT-24 11.16.15.502000 AM
6149.0,Normal user tries to create new Provvidenza request for a child,03-OCT-24 02.37.25.906000 PM
13000617.0,Verifica possibilità di accesso a fondo pensione per Scelta Welfare,03-OCT-24 05.16.28.496000 PM
6685.0,HR/Normal user tries to update the answer,03-OCT-24 02.13.56.932000 PM
13002975.0,Recupero dettagli utente per Scelta orario di lavoro,17-OCT-24 08.21.28.356000 AM
7099.0,HR/Normal user tries to update the answer,03-OCT-24 01.56.22.846000 PM
5185.0,Normal user enters the Provvidenza Figli page,03-OCT-24 02.20.49.886000 PM
,Dettaglio elenco Cedolini e CU disponibili al download,27-OCT-24 06.46.11.122000 PM
13002717.0,HR/Normal user tries to update the answer,03-OCT-24 01.47.37.230000 PM
9407.0,HR/Normal user tries to update the answer,03-OCT-24 01.36.24.340000 PM
6179.0,HR/Normal user tries to update the answer,03-OCT-24 01.24.44.541000 PM
5704.0,HR/Normal user tries to update the answer,03-OCT-24 01.28.39.153000 PM
8091.0,Normal user assign new grade for the child while creating a request,03-OCT-24 02.30.29.409000 PM
8028.0,Normal user assign new grade for the child while creating a request,03-OCT-24 02.27.53.382000 PM
6151.0,HR/Normal user tries to update the answer,25-OCT-24 11.53.00.800000 AM
6558.0,HR/Normal user tries to update the answer,03-OCT-24 05.10.32.730000 PM
8116.0,HR/Normal user tries to update the answer,03-OCT-24 01.31.09.854000 PM
5788.0,HR/Normal user tries to update the answer,03-OCT-24 01.37.53.864000 PM
7034.0,HR/Normal user tries to update the answer,03-OCT-24 02.08.21.387000 PM
5978.0,HR/Normal user tries to update the answer,03-OCT-24 02.07.47.460000 PM
5978.0,HR/Normal user tries to update the answer,03-OCT-24 02.08.43.631000 PM
7743.0,HR/Normal user tries to update the answer,08-OCT-24 10.33.55.853000 AM
13001767.0,Normal user enters the Provvidenza Figli page,03-OCT-24 01.29.42.740000 PM
5409.0,HR/Normal user tries to update the answer,03-OCT-24 01.59.43.908000 PM
11399.0,Normal user update grade for a child,03-OCT-24 02.22.39.830000 PM
17151.0,HR/Normal user tries to update the answer,11-OCT-24 06.11.03.732000 PM
11253.0,Normal user enters the Provvidenza Figli page,08-OCT-24 02.37.30.039000 PM
7743.0,HR/Normal user tries to update the answer,08-OCT-24 10.33.14.915000 AM
6221.0,Normal user enters the Provvidenza Figli page,03-OCT-24 02.29.25.707000 PM
7185.0,Normal user enters the Provvidenza Figli page,03-OCT-24 02.28.52.047000 PM
,Dettaglio elenco Cedolini e CU disponibili al download,25-OCT-24 11.12.31.288000 AM
6818.0,Normal user enters the Provvidenza Figli page,03-OCT-24 02.26.06.823000 PM
13002975.0,Normal user enters the Provvidenza Figli page,17-OCT-24 08.15.38.422000 AM
9403.0,HR/Normal user tries to update the answer,03-OCT-24 01.38.55.416000 PM
6582.0,HR/Normal user tries to update the answer,03-OCT-24 02.03.05.893000 PM
6887.0,Normal user assign new grade for the child while creating a request,08-OCT-24 02.57.54.224000 PM
16805.0,Normal user enters the Provvidenza Figli page,03-OCT-24 01.40.42.721000 PM
6952.0,Normal user assign new grade for the child while creating a request,03-OCT-24 02.06.49.174000 PM
6081.0,Normal user tries to create new Provvidenza request for a child,03-OCT-24 02.31.25.195000 PM
5619.0,HR/Normal user tries to update the answer,03-OCT-24 02.30.23.161000 PM
6578.0,Dettaglio elenco Cedolini e CU disponibili al download,03-OCT-24 02.05.59.732000 PM
5332.0,Normal user tries to create new Provvidenza request for a child,03-OCT-24 02.32.04.828000 PM
7600.0,HR/Normal user tries to update the answer,03-OCT-24 01.48.11.840000 PM
7600.0,Recupero dettagli utente per invio adesione Fondo Nazionale,03-OCT-24 02.02.53.602000 PM
5139.0,HR/Normal user tries to update the answer,04-OCT-24 11.20.16.112000 AM
5294.0,Normal user enters the Provvidenza Figli page,03-OCT-24 02.33.43.246000 PM
16786.0,HR/Normal user tries to update the answer,03-OCT-24 01.49.59.882000 PM
6528.0,Normal user enters the Provvidenza Figli page,03-OCT-24 02.32.02.053000 PM
5994.0,Normal user enters the Provvidenza Figli page,03-OCT-24 01.46.53.046000 PM
6009.0,HR/Normal user tries to update the answer,03-OCT-24 02.36.18.352000 PM
7926.0,Normal user enters the Provvidenza Figli page,03-OCT-24 02.34.49.100000 PM
5657.0,Normal user assign new grade for the child while creating a request,03-OCT-24 02.18.15.054000 PM
5775.0,Normal user assign new grade for the child while creating a request,03-OCT-24 02.19.10.636000 PM
,Dettaglio elenco Cedolini e CU disponibili al download,22-OCT-24 01.47.23.333000 PM
,Dettaglio elenco Cedolini e CU disponibili al download,23-OCT-24 04.58.55.334000 PM
7123.0,HR/Normal user tries to update the answer,03-OCT-24 01.54.41.399000 PM
9887.0,Verifica possibilità di accesso a fondo pensione per Scelta Welfare,22-OCT-24 02.01.43.152000 PM
,Dettaglio elenco Cedolini e CU disponibili al download,01-OCT-24 09.48.19.760000 AM
5616.0,Normal user assign new grade for the child while creating a request,03-OCT-24 02.33.45.829000 PM
,Download PDF dalla sezione Cedolini,22-OCT-24 01.47.13.556000 PM
,Download PDF dalla sezione Cedolini,22-OCT-24 01.47.32.049000 PM
5843.0,HR/Normal user tries to update the answer,08-OCT-24 03.02.17.939000 PM
,Dettaglio elenco Cedolini e CU disponibili al download,21-OCT-24 01.13.17.591000 PM
,Dettaglio elenco Cedolini e CU disponibili al download,25-OCT-24 12.04.29.153000 PM
7371.0,HR tried to update grade,18-OCT-24 03.18.43.894000 PM
5366.0,Normal user tries to create new Provvidenza request for a child,21-OCT-24 01.12.51.719000 PM
7564.0,Normal user enters the Provvidenza Figli page,08-OCT-24 06.59.31.228000 AM
5448.0,Normal user enters the Provvidenza Figli page,09-OCT-24 08.39.50.573000 AM
7564.0,Normal user enters the Provvidenza Figli page,08-OCT-24 06.57.46.425000 AM
6854.0,HR/Normal user tries to update the answer,03-OCT-24 02.15.37.411000 PM
13001303.0,HR/Normal user tries to update the answer,08-OCT-24 11.19.15.385000 AM
8259.0,HR/Normal user tries to update the answer,04-OCT-24 11.33.21.421000 AM
,Download PDF dalla sezione Cedolini,03-OCT-24 02.30.24.186000 PM
7564.0,Normal user enters the Provvidenza Figli page,08-OCT-24 06.58.54.908000 AM
7142.0,HR/Normal user tries to update the answer,08-OCT-24 08.51.26.415000 PM
8309.0,Normal user assign new grade for the child while creating a request,03-OCT-24 01.16.25.951000 PM
7492.0,Normal user enters the Provvidenza Figli page,08-OCT-24 11.25.11.798000 AM
6035.0,Normal user assign new grade for the child while creating a request,03-OCT-24 01.17.39.793000 PM
,Dettaglio elenco Cedolini e CU disponibili al download,08-OCT-24 11.33.36.014000 AM
6566.0,HR tried to update grade,03-OCT-24 05.12.22.769000 PM
,Lettura e accettazione dell'accordo di smartworking,09-OCT-24 09.31.19.356000 AM
5761.0,Normal user enters the Provvidenza Figli page,03-OCT-24 01.18.45.362000 PM
8826.0,HR/Normal user tries to update the answer,03-OCT-24 01.30.05.201000 PM
5731.0,HR/Normal user tries to update the answer,03-OCT-24 01.17.12.885000 PM
6560.0,HR/Normal user tries to update the answer,03-OCT-24 01.15.27.412000 PM
6852.0,Normal user enters the Provvidenza Figli page,03-OCT-24 01.20.17.460000 PM
7142.0,Normal user enters the Provvidenza Figli page,08-OCT-24 08.50.59.909000 PM
5487.0,Dettaglio elenco Cedolini e CU disponibili al download,09-OCT-24 08.56.40.963000 AM
6179.0,HR/Normal user tries to update the answer,03-OCT-24 01.23.32.942000 PM
,Download PDF dalla sezione Cedolini,08-OCT-24 03.46.31.198000 PM
7002.0,Normal user enters the Provvidenza Figli page,03-OCT-24 01.31.17.600000 PM
8061.0,HR/Normal user tries to update the answer,03-OCT-24 01.19.11.783000 PM
13001303.0,HR/Normal user tries to update the answer,08-OCT-24 11.19.23.253000 AM
7142.0,Normal user enters the Provvidenza Figli page,08-OCT-24 08.53.17.431000 PM
,Dettaglio elenco Cedolini e CU disponibili al download,01-OCT-24 03.01.46.526000 PM
9049.0,HR/Normal user tries to update the answer,09-OCT-24 09.22.25.947000 AM
8330.0,Normal user enters the Provvidenza Figli page,03-OCT-24 02.21.49.204000 PM
,Dettaglio elenco Cedolini e CU disponibili al download,01-OCT-24 04.26.18.483000 PM
8309.0,HR/Normal user tries to update the answer,03-OCT-24 01.16.15.290000 PM
13001737.0,Verifica possibilità di accesso a fondo pensione per Scelta Welfare,08-OCT-24 10.01.20.131000 PM
11253.0,Normal user update grade for a child,04-OCT-24 05.05.20.951000 PM
5899.0,HR/Normal user tries to update the answer,14-OCT-24 02.14.10.819000 PM
13000782.0,Verifica possibilità di accesso a fondo pensione per Scelta Welfare,25-OCT-24 12.01.58.708000 AM
8324.0,Download PDF dalla sezione Cedolini,02-OCT-24 03.07.37.937000 PM
6246.0,Dettaglio elenco Cedolini e CU disponibili al download,29-OCT-24 10.59.36.538000 AM
,Dettaglio elenco Cedolini e CU disponibili al download,04-OCT-24 05.23.27.734000 PM
6713.0,Normal user tries to create new Provvidenza request for a child,04-OCT-24 05.05.52.928000 PM
,Dettaglio elenco Cedolini e CU disponibili al download,24-OCT-24 09.31.03.594000 PM
13002885.0,Recupero dettagliutente per Scelta Welfare,09-OCT-24 09.32.35.279000 AM
6134.0,HR/Normal user tries to update the answer,09-OCT-24 04.18.02.317000 PM
6713.0,HR/Normal user tries to update the answer,04-OCT-24 05.06.21.984000 PM
6134.0,HR/Normal user tries to update the answer,09-OCT-24 04.17.05.225000 PM
6188.0,Normal user enters the Provvidenza Figli page,04-OCT-24 05.22.51.528000 PM
,Accesso alle funzionalità BackOffice di Cedolini e CU per dettaglio PDF caricati per società,24-OCT-24 04.57.27.942000 PM
6188.0,HR/Normal user tries to update the answer,04-OCT-24 05.22.33.924000 PM
18019.0,Verifica possibilità di accesso a fondo pensione per Scelta Welfare,29-OCT-24 11.33.00.171000 AM
,Dettaglio elenco Cedolini e CU disponibili al download,30-OCT-24 12.31.04.129000 PM
,Download PDF dalla sezione Cedolini,30-OCT-24 11.57.10.807000 AM
13002692.0,Verifica possibilità di accesso a fondo pensione per Scelta Welfare,29-OCT-24 12.01.06.224000 PM
18260.0,HR/Normal user tries to update the answer,04-OCT-24 05.51.02.150000 PM
5450.0,Normal user enters the Provvidenza Figli page,07-OCT-24 04.18.39.068000 PM
6422.0,Normal user tries to create new Provvidenza request for a child,09-OCT-24 04.24.19.287000 PM
,Dettaglio elenco Cedolini e CU disponibili al download,24-OCT-24 04.34.33.301000 PM
,Dettaglio elenco Cedolini e CU disponibili al download,30-OCT-24 11.28.01.867000 AM
,Download PDF dalla sezione Cedolini,29-OCT-24 11.21.41.660000 AM
17242.0,Recupero dettagliutente per Scelta Welfare,29-OCT-24 12.00.15.020000 PM
,Download PDF dalla sezione Cedolini,29-OCT-24 03.29.45.709000 PM
,Dettaglio elenco Cedolini e CU disponibili al download,24-OCT-24 05.12.40.205000 PM
6484.0,Normal user assign new grade for the child while creating a request,08-OCT-24 08.14.49.348000 PM
7311.0,Normal user enters the Provvidenza Figli page,03-OCT-24 07.17.07.261000 PM
6558.0,Normal user tries to create new Provvidenza request for a child,03-OCT-24 05.06.51.393000 PM
8055.0,Dettaglio elenco Cedolini e CU disponibili al download,30-OCT-24 02.30.45.471000 PM
18260.0,Normal user tries to create new Provvidenza request for a child,04-OCT-24 05.49.59.255000 PM
,Download PDF dalla sezione Cedolini,29-OCT-24 11.41.55.713000 AM
7325.0,Normal user enters the Provvidenza Figli page,04-OCT-24 01.02.39.455000 PM
,Accesso alle funzionalità BackOffice di Cedolini e CU per dettaglio PDF caricati per società,24-OCT-24 04.59.01.615000 PM
6558.0,Normal user enters the Provvidenza Figli page,03-OCT-24 05.06.26.938000 PM
5432.0,Normal user assign new grade for the child while creating a request,11-OCT-24 08.35.51.289000 AM
5613.0,HR/Normal user tries to update the answer,04-OCT-24 12.26.37.474000 PM
,Download PDF dalla sezione Cedolini,24-OCT-24 05.18.38.816000 PM
,Accesso alle funzionalità BackOffice di Cedolini e CU per dettaglio PDF caricati per società,24-OCT-24 05.03.12.863000 PM
13002582.0,Recupero dettagliutente per Scelta Welfare,30-OCT-24 11.31.16.253000 AM
6566.0,Normal user enters the Provvidenza Figli page,03-OCT-24 05.11.44.441000 PM
,Download PDF dalla sezione Cedolini,04-OCT-24 12.40.27.869000 PM
,Dettaglio elenco Cedolini e CU disponibili al download,04-OCT-24 12.44.35.033000 PM
5849.0,HR/Normal user tries to update the answer,03-OCT-24 07.20.30.003000 PM
6479.0,HR/Normal user tries to update the answer,11-OCT-24 09.14.28.293000 AM
5432.0,Normal user tries to create new Provvidenza request for a child,11-OCT-24 08.33.27.112000 AM
7325.0,Normal user enters the Provvidenza Figli page,04-OCT-24 12.59.48.767000 PM
5681.0,HR/Normal user tries to update the answer,03-OCT-24 07.03.10.382000 PM
6484.0,Normal user tries to create new Provvidenza request for a child,08-OCT-24 08.12.53.794000 PM
,Dettaglio elenco Cedolini e CU disponibili al download,24-OCT-24 04.42.25.587000 PM
5432.0,Normal user tries to create new Provvidenza request for a child,11-OCT-24 08.35.51.121000 AM
13001490.0,HR/Normal user tries to update the answer,04-OCT-24 05.25.40.946000 PM
,Dettaglio elenco Cedolini e CU disponibili al download,30-OCT-24 08.39.01.813000 AM
,Download PDF dalla sezione Cedolini,29-OCT-24 03.40.02.648000 PM
5613.0,HR/Normal user tries to update the answer,04-OCT-24 12.26.34.357000 PM
,Download PDF dalla sezione Cedolini,29-OCT-24 03.45.50.412000 PM
5849.0,HR/Normal user tries to update the answer,03-OCT-24 07.21.27.352000 PM
5781.0,HR/Normal user tries to update the answer,04-OCT-24 01.10.40.130000 PM
16787.0,Download PDF dalla sezione Cedolini,04-OCT-24 01.02.04.401000 PM
,Download PDF dalla sezione Cedolini,28-OCT-24 01.53.16.016000 PM
6479.0,HR/Normal user tries to update the answer,11-OCT-24 09.13.55.777000 AM
6883.0,Normal user tries to create new Provvidenza request for a child,03-OCT-24 03.01.37.431000 PM
13002608.0,Normal user enters the Provvidenza Figli page,03-OCT-24 05.01.12.559000 PM
,Dettaglio elenco Cedolini e CU disponibili al download,28-OCT-24 08.37.49.002000 AM
6558.0,HR/Normal user tries to update the answer,03-OCT-24 05.10.22.697000 PM
5432.0,HR/Normal user tries to update the answer,11-OCT-24 08.33.46.275000 AM
5592.0,HR/Normal user tries to update the answer,17-OCT-24 03.26.40.501000 PM
,Download PDF dalla sezione Cedolini,22-OCT-24 09.44.23.534000 PM
6479.0,HR tried to update grade,11-OCT-24 09.13.16.641000 AM
6181.0,HR/Normal user tries to update the answer,11-OCT-24 12.24.23.274000 PM
7311.0,Normal user assign new grade for the child while creating a request,03-OCT-24 07.10.41.697000 PM
7637.0,Normal user enters the Provvidenza Figli page,10-OCT-24 08.27.39.763000 AM
13002115.0,Recupero dettagli utente per Scelta orario di lavoro,15-OCT-24 02.38.06.455000 PM
,Dettaglio elenco Cedolini e CU disponibili al download,29-OCT-24 12.05.53.760000 PM
,Dettaglio elenco Cedolini e CU disponibili al download,28-OCT-24 02.53.08.348000 PM
,Download PDF dalla sezione Cedolini,04-OCT-24 12.50.57.430000 PM
15738.0,Recupero dettagliutente per Scelta Welfare,15-OCT-24 02.37.10.174000 PM
7430.0,HR/Normal user tries to update the answer,03-OCT-24 02.45.12.875000 PM
6118.0,HR/Normal user tries to update the answer,08-OCT-24 07.13.57.598000 PM
,Download PDF dalla sezione Cedolini,11-OCT-24 12.08.53.584000 PM
6181.0,Normal user enters the Provvidenza Figli page,11-OCT-24 12.24.13.273000 PM
6529.0,Normal user enters the Provvidenza Figli page,10-OCT-24 08.33.04.217000 AM
,Dettaglio elenco Cedolini e CU disponibili al download,28-OCT-24 02.42.45.921000 PM
6529.0,HR/Normal user tries to update the answer,10-OCT-24 08.34.10.424000 AM
7955.0,Recupero dettagli utente per Scelta orario di lavoro,28-OCT-24 02.42.19.228000 PM
5592.0,HR/Normal user tries to update the answer,17-OCT-24 03.26.22.936000 PM
6197.0,HR/Normal user tries to update the answer,03-OCT-24 02.41.22.568000 PM
5613.0,Normal user tries to create new Provvidenza request for a child,04-OCT-24 12.26.09.167000 PM
7098.0,Normal user enters the Provvidenza Figli page,11-OCT-24 09.14.22.586000 AM
6352.0,Normal user enters the Provvidenza Figli page,04-OCT-24 01.13.07.968000 PM
7109.0,Normal user assign new grade for the child while creating a request,03-OCT-24 03.05.49.804000 PM
7998.0,HR/Normal user tries to update the answer,03-OCT-24 05.05.05.526000 PM
,Dettaglio elenco Cedolini e CU disponibili al download,02-OCT-24 04.09.23.877000 PM
6636.0,HR/Normal user tries to update the answer,03-OCT-24 02.51.08.699000 PM
,Dettaglio elenco Cedolini e CU disponibili al download,28-OCT-24 08.22.06.749000 AM
5238.0,HR/Normal user tries to update the answer,04-OCT-24 10.12.12.612000 AM
5613.0,HR/Normal user tries to update the answer,04-OCT-24 12.26.19.149000 PM
,Download PDF dalla sezione Cedolini,04-OCT-24 10.09.48.546000 AM
,Dettaglio elenco Cedolini e CU disponibili al download,30-OCT-24 09.23.38.029000 AM
,Dettaglio elenco Cedolini e CU disponibili al download,10-OCT-24 08.35.21.963000 AM
13002580.0,Normal user tries to create new Provvidenza request for a child,03-OCT-24 03.08.40.215000 PM
6790.0,HR/Normal user tries to update the answer,03-OCT-24 02.50.03.145000 PM
,Download PDF dalla sezione Cedolini,30-OCT-24 12.14.08.124000 AM
7314.0,HR/Normal user tries to update the answer,10-OCT-24 08.52.46.995000 AM
5354.0,HR/Normal user tries to update the answer,04-OCT-24 11.01.47.407000 AM
13002928.0,Verifica possibilità di accesso a fondo pensione per Scelta Welfare,04-OCT-24 10.22.36.779000 AM
8062.0,Normal user tries to create new Provvidenza request for a child,04-OCT-24 10.13.59.569000 AM
13002733.0,Normal user enters the Provvidenza Figli page,17-OCT-24 02.37.54.263000 PM
7073.0,Normal user assign new grade for the child while creating a request,04-OCT-24 11.05.40.054000 AM
5906.0,HR/Normal user tries to update the answer,04-OCT-24 10.26.56.585000 AM
,Dettaglio elenco Cedolini e CU disponibili al download,15-OCT-24 03.31.31.140000 PM
6118.0,HR/Normal user tries to update the answer,08-OCT-24 07.14.16.110000 PM
5906.0,HR/Normal user tries to update the answer,04-OCT-24 10.25.54.627000 AM
7234.0,Normal user enters the Provvidenza Figli page,04-OCT-24 10.23.04.451000 AM
6049.0,HR/Normal user tries to update the answer,04-OCT-24 10.55.13.446000 AM
13002928.0,Recupero dettagliutente per Scelta Welfare,04-OCT-24 10.23.27.375000 AM
13002845.0,Verifica possibilità di accesso a fondo pensione per Scelta Welfare,02-OCT-24 04.10.10.663000 PM
6672.0,Normal user assign new grade for the child while creating a request,04-OCT-24 11.15.32.476000 AM
8062.0,HR tried to update grade,04-OCT-24 10.17.30.735000 AM
,Download PDF dalla sezione Cedolini,28-OCT-24 08.44.41.195000 AM
,Download PDF dalla sezione Cedolini,02-OCT-24 04.10.45.430000 PM
6529.0,Normal user assign new grade for the child while creating a request,10-OCT-24 08.33.22.923000 AM
6363.0,HR/Normal user tries to update the answer,04-OCT-24 10.40.22.046000 AM
,Download PDF dalla sezione Cedolini,23-OCT-24 02.34.56.489000 PM
5540.0,HR/Normal user tries to update the answer,04-OCT-24 10.18.37.874000 AM
8622.0,HR tried to update grade,04-OCT-24 10.17.56.461000 AM
13002928.0,Verifica possibilità di accesso a fondo pensione per Scelta Welfare,04-OCT-24 10.20.47.233000 AM
7989.0,Recupero dettagliutente per Scelta Welfare,03-OCT-24 03.02.44.481000 PM
5804.0,Normal user tries to create new Provvidenza request for a child,03-OCT-24 03.17.38.160000 PM
6049.0,Normal user enters the Provvidenza Figli page,04-OCT-24 10.56.20.024000 AM
5545.0,Normal user tries to create new Provvidenza request for a child,04-OCT-24 10.23.21.173000 AM
7810.0,Normal user enters the Provvidenza Figli page,04-OCT-24 10.16.36.634000 AM
5577.0,HR/Normal user tries to update the answer,04-OCT-24 12.55.37.801000 PM
13002974.0,Verifica possibilità di accesso a fondo pensione per Scelta Welfare,14-OCT-24 11.56.38.801000 AM
5916.0,Download PDF dalla sezione Cedolini,28-OCT-24 05.25.27.850000 PM
6039.0,Normal user enters the Provvidenza Figli page,09-OCT-24 12.09.56.974000 PM
6733.0,Normal / HR user updates the answer,09-OCT-24 12.00.10.779000 PM
9737.0,HR/Normal user tries to update the answer,09-OCT-24 11.26.24.683000 AM
6039.0,Normal user enters the Provvidenza Figli page,09-OCT-24 12.03.39.119000 PM
6199.0,Normal user enters the Provvidenza Figli page,28-OCT-24 05.28.59.221000 PM
6047.0,HR/Normal user tries to update the answer,10-OCT-24 04.15.48.783000 PM
5274.0,Download PDF dalla sezione Cedolini,14-OCT-24 11.38.29.714000 AM
5527.0,Normal user enters the Provvidenza Figli page,14-OCT-24 11.37.10.536000 AM
5241.0,HR/Normal user tries to update the answer,04-OCT-24 10.41.49.051000 AM
6458.0,HR/Normal user tries to update the answer,09-OCT-24 05.02.46.057000 PM
,Download PDF dalla sezione Cedolini,07-OCT-24 12.58.49.674000 PM
5492.0,Normal user enters the Provvidenza Figli page,14-OCT-24 05.24.07.799000 PM
5540.0,HR/Normal user tries to update the answer,04-OCT-24 10.18.27.333000 AM
9737.0,HR/Normal user tries to update the answer,09-OCT-24 11.26.22.126000 AM
6199.0,Normal user enters the Provvidenza Figli page,09-OCT-24 12.10.39.148000 PM
5354.0,Normal user enters the Provvidenza Figli page,04-OCT-24 11.03.20.706000 AM
11236.0,HR/Normal user tries to update the answer,04-OCT-24 08.30.09.698000 AM
,Download PDF dalla sezione Cedolini,09-OCT-24 06.51.28.235000 PM
8464.0,Normal user enters the Provvidenza Figli page,14-OCT-24 04.58.22.354000 PM
5756.0,HR/Normal user tries to update the answer,04-OCT-24 08.19.22.611000 AM
,Dettaglio elenco Cedolini e CU disponibili al download,07-OCT-24 01.17.34.858000 PM
,Download PDF dalla sezione Cedolini,07-OCT-24 01.07.40.082000 PM
6199.0,Normal user enters the Provvidenza Figli page,28-OCT-24 05.20.35.164000 PM
,Download PDF dalla sezione Cedolini,28-OCT-24 08.23.13.446000 AM
5646.0,Recupero dettagli utente per Scelta orario di lavoro,04-OCT-24 08.18.43.995000 AM
6908.0,Normal user assign new grade for the child while creating a request,04-OCT-24 08.31.04.342000 AM
7312.0,Normal user enters the Provvidenza Figli page,04-OCT-24 08.23.34.222000 AM
10864.0,HR tried to update grade,04-OCT-24 07.54.23.413000 AM
5744.0,HR/Normal user tries to update the answer,04-OCT-24 08.23.35.080000 AM
6162.0,Normal user enters the Provvidenza Figli page,04-OCT-24 08.05.57.711000 AM
9061.0,Normal user enters the Provvidenza Figli page,04-OCT-24 08.25.43.565000 AM
,Dettaglio elenco Cedolini e CU disponibili al download,28-OCT-24 09.14.33.173000 AM
5636.0,Normal user tries to create new Provvidenza request for a child,04-OCT-24 08.18.19.850000 AM
15772.0,Normal user enters the Provvidenza Figli page,04-OCT-24 07.57.58.127000 AM
6908.0,HR/Normal user tries to update the answer,04-OCT-24 08.31.18.578000 AM
5646.0,HR/Normal user tries to update the answer,04-OCT-24 08.12.58.417000 AM
,Dettaglio elenco Cedolini e CU disponibili al download,01-OCT-24 11.22.54.259000 AM
,Dettaglio elenco Cedolini e CU disponibili al download,28-OCT-24 08.49.26.994000 AM
5182.0,Normal user update grade for a child,09-OCT-24 12.12.40.169000 PM
6869.0,HR/Normal user tries to update the answer,04-OCT-24 08.10.11.784000 AM
,Dettaglio elenco Cedolini e CU disponibili al download,28-OCT-24 08.07.36.288000 AM
5744.0,HR/Normal user tries to update the answer,04-OCT-24 08.22.54.631000 AM
14634.0,Normal user enters the Provvidenza Figli page,09-OCT-24 06.03.22.457000 PM
6199.0,Normal user enters the Provvidenza Figli page,28-OCT-24 05.13.25.488000 PM
7607.0,Normal user enters the Provvidenza Figli page,09-OCT-24 05.00.01.040000 PM
,Dettaglio elenco Cedolini e CU disponibili al download,28-OCT-24 10.08.16.285000 AM
,Download PDF dalla sezione Cedolini,25-OCT-24 08.52.44.492000 AM
6143.0,Normal user update grade for a child,17-OCT-24 04.43.47.329000 PM
,Download PDF dalla sezione Cedolini,14-OCT-24 05.06.45.597000 PM
,Download PDF dalla sezione Cedolini,28-OCT-24 08.41.08.067000 AM
5182.0,HR/Normal user tries to update the answer,09-OCT-24 12.13.00.182000 PM
,Download PDF dalla sezione Cedolini,25-OCT-24 08.41.22.418000 AM
,Dettaglio elenco Cedolini e CU disponibili al download,04-OCT-24 08.27.29.291000 AM
6458.0,Normal user tries to create new Provvidenza request for a child,09-OCT-24 05.02.30.961000 PM
6654.0,HR/Normal user tries to update the answer,04-OCT-24 08.57.02.927000 AM
10864.0,Normal / HR user updates the answer,04-OCT-24 07.56.20.168000 AM
13002971.0,Normal user enters the Provvidenza Figli page,30-OCT-24 01.22.40.223000 PM
,Dettaglio elenco Cedolini e CU disponibili al download,28-OCT-24 08.58.58.689000 AM
,Dettaglio elenco Cedolini e CU disponibili al download,28-OCT-24 08.56.14.206000 AM
,Download PDF dalla sezione Cedolini,09-OCT-24 05.34.41.252000 PM
7068.0,HR/Normal user tries to update the answer,04-OCT-24 08.54.14.623000 AM
,Dettaglio elenco Cedolini e CU disponibili al download,25-OCT-24 09.28.01.536000 AM
,Dettaglio elenco Cedolini e CU disponibili al download,28-OCT-24 09.04.50.632000 AM
6947.0,HR/Normal user tries to update the answer,09-OCT-24 05.26.42.077000 PM
6774.0,HR/Normal user tries to update the answer,09-OCT-24 05.25.01.407000 PM
,Download PDF dalla sezione Cedolini,25-OCT-24 09.02.44.105000 AM
7068.0,Normal user enters the Provvidenza Figli page,04-OCT-24 08.53.43.711000 AM
5987.0,HR/Normal user tries to update the answer,04-OCT-24 09.02.06.095000 AM
7063.0,HR/Normal user tries to update the answer,04-OCT-24 08.59.29.873000 AM
,Download PDF dalla sezione Cedolini,28-OCT-24 09.13.33.396000 AM
5378.0,HR/Normal user tries to update the answer,09-OCT-24 05.38.12.187000 PM
15452.0,Normal / HR user updates the answer,04-OCT-24 08.59.59.808000 AM
,Dettaglio elenco Cedolini e CU disponibili al download,25-OCT-24 08.41.41.026000 AM
5744.0,HR/Normal user tries to update the answer,04-OCT-24 08.24.15.582000 AM
6359.0,Normal user tries to create new Provvidenza request for a child,04-OCT-24 09.24.43.903000 AM
6002.0,HR/Normal user tries to update the answer,04-OCT-24 09.16.32.182000 AM
7984.0,HR/Normal user tries to update the answer,04-OCT-24 09.03.05.773000 AM
13002928.0,Recupero dettagliutente per Scelta Welfare,04-OCT-24 08.50.10.409000 AM
6078.0,HR/Normal user tries to update the answer,04-OCT-24 09.37.16.810000 AM
6089.0,HR/Normal user tries to update the answer,04-OCT-24 08.48.12.676000 AM
,Download PDF dalla sezione Cedolini,21-OCT-24 10.41.21.037000 AM
15452.0,HR tried to update grade,04-OCT-24 09.00.54.901000 AM
13000105.0,Normal user enters the Provvidenza Figli page,25-OCT-24 09.43.08.965000 AM
13000159.0,Normal user tries to create new Provvidenza request for a child,04-OCT-24 08.42.01.055000 AM
16786.0,Download PDF dalla sezione Cedolini,10-OCT-24 07.13.57.138000 PM
7068.0,Normal user tries to create new Provvidenza request for a child,04-OCT-24 08.55.09.267000 AM
7067.0,HR/Normal user tries to update the answer,04-OCT-24 08.56.57.980000 AM
,Download PDF dalla sezione Cedolini,25-OCT-24 08.59.01.557000 AM
5179.0,Normal user tries to create new Provvidenza request for a child,04-OCT-24 09.39.01.414000 AM
,Download PDF dalla sezione Cedolini,28-OCT-24 10.08.17.925000 AM
13000565.0,Normal user enters the Provvidenza Figli page,04-OCT-24 09.36.22.703000 AM
13000159.0,Normal user enters the Provvidenza Figli page,04-OCT-24 08.46.40.323000 AM
,Dettaglio elenco Cedolini e CU disponibili al download,25-OCT-24 08.53.29.294000 AM
,Download PDF dalla sezione Cedolini,25-OCT-24 08.53.37.556000 AM
6734.0,HR/Normal user tries to update the answer,04-OCT-24 08.40.19.325000 AM
5864.0,Normal user assign new grade for the child while creating a request,10-OCT-24 06.29.21.584000 PM
,Download PDF dalla sezione Cedolini,25-OCT-24 09.16.29.701000 AM
6680.0,Normal user enters the Provvidenza Figli page,04-OCT-24 09.49.53.050000 AM
,Download PDF dalla sezione Cedolini,25-OCT-24 09.23.32.168000 AM
,Download PDF dalla sezione Cedolini,25-OCT-24 09.00.49.789000 AM
,Download PDF dalla sezione Cedolini,25-OCT-24 08.56.15.301000 AM
17679.0,Normal user enters the Provvidenza Figli page,09-OCT-24 10.33.19.711000 PM
,Download PDF dalla sezione Cedolini,25-OCT-24 08.50.18.099000 AM
17460.0,Normal user enters the Provvidenza Figli page,31-OCT-24 12.17.48.688000 PM
5837.0,Normal user enters the Provvidenza Figli page,04-OCT-24 08.57.25.643000 AM
6680.0,Normal / HR user updates the answer,04-OCT-24 09.50.25.334000 AM
,Download PDF dalla sezione Cedolini,25-OCT-24 09.49.44.434000 AM
13000159.0,Normal user enters the Provvidenza Figli page,04-OCT-24 08.46.23.986000 AM
6734.0,Normal user enters the Provvidenza Figli page,04-OCT-24 08.40.41.518000 AM
7063.0,Normal user enters the Provvidenza Figli page,04-OCT-24 09.06.15.416000 AM
5488.0,Normal user enters the Provvidenza Figli page,04-OCT-24 08.54.55.484000 AM
,Download PDF dalla sezione Cedolini,16-OCT-24 05.39.13.214000 PM
,Dettaglio elenco Cedolini e CU disponibili al download,16-OCT-24 05.39.21.266000 PM
6654.0,HR/Normal user tries to update the answer,04-OCT-24 08.57.41.971000 AM
7067.0,Normal user assign new grade for the child while creating a request,04-OCT-24 08.56.41.195000 AM
6869.0,Normal user enters the Provvidenza Figli page,04-OCT-24 08.10.28.916000 AM
,Download PDF dalla sezione Cedolini,25-OCT-24 09.28.02.630000 AM
6385.0,HR/Normal user tries to update the answer,29-OCT-24 11.39.11.307000 AM
6933.0,Normal user tries to create new Provvidenza request for a child,25-OCT-24 08.58.42.396000 AM
6734.0,Normal user enters the Provvidenza Figli page,04-OCT-24 08.41.06.369000 AM
7984.0,HR/Normal user tries to update the answer,04-OCT-24 09.02.57.822000 AM
,Download PDF dalla sezione Cedolini,01-OCT-24 06.51.48.663000 PM
14431.0,HR/Normal user tries to update the answer,04-OCT-24 09.18.29.987000 AM
13002831.0,HR/Normal user tries to update the answer,04-OCT-24 09.16.04.280000 AM
5350.0,HR/Normal user tries to update the answer,04-OCT-24 09.15.43.167000 AM
6002.0,HR/Normal user tries to update the answer,04-OCT-24 09.16.27.277000 AM
6002.0,HR tried to update grade,04-OCT-24 09.16.06.788000 AM
,Dettaglio elenco Cedolini e CU disponibili al download,14-OCT-24 09.15.46.676000 AM
5552.0,HR/Normal user tries to update the answer,21-OCT-24 10.06.03.986000 AM
,Download PDF dalla sezione Cedolini,16-OCT-24 08.57.32.031000 AM
,Download PDF dalla sezione Cedolini,31-OCT-24 08.59.46.953000 AM
7377.0,HR/Normal user tries to update the answer,05-OCT-24 04.13.48.256000 PM
5946.0,HR/Normal user tries to update the answer,16-OCT-24 05.32.52.964000 PM
13000214.0,Normal user enters the Provvidenza Figli page,10-OCT-24 05.57.31.683000 PM
13000565.0,HR/Normal user tries to update the answer,04-OCT-24 09.35.29.038000 AM
13000565.0,Normal / HR user updates the answer,04-OCT-24 09.35.38.407000 AM
,Download PDF dalla sezione Cedolini,01-OCT-24 07.20.09.000000 PM
5946.0,HR/Normal user tries to update the answer,16-OCT-24 05.32.58.811000 PM
5953.0,Normal user enters the Provvidenza Figli page,25-OCT-24 08.46.59.753000 AM
,Download PDF dalla sezione Cedolini,25-OCT-24 09.37.42.269000 AM
7720.0,Normal user assign new grade for the child while creating a request,04-OCT-24 09.12.27.146000 AM
7684.0,HR/Normal user tries to update the answer,21-OCT-24 08.57.26.651000 AM
5987.0,Normal / HR user updates the answer,04-OCT-24 09.01.52.173000 AM
7401.0,Normal user enters the Provvidenza Figli page,04-OCT-24 08.45.58.965000 AM
,Download PDF dalla sezione Cedolini,25-OCT-24 09.53.25.607000 AM
7063.0,Normal user enters the Provvidenza Figli page,04-OCT-24 09.08.17.801000 AM
,Dettaglio elenco Cedolini e CU disponibili al download,24-OCT-24 03.17.16.696000 PM
,Download PDF dalla sezione Cedolini,25-OCT-24 09.49.48.976000 AM
6654.0,HR/Normal user tries to update the answer,04-OCT-24 08.56.32.485000 AM
7068.0,Download PDF dalla sezione Cedolini,04-OCT-24 08.56.24.772000 AM
5803.0,Normal / HR user updates the answer,04-OCT-24 08.56.49.578000 AM
7607.0,Normal user enters the Provvidenza Figli page,04-OCT-24 09.52.35.388000 AM
6595.0,HR/Normal user tries to update the answer,04-OCT-24 09.14.16.611000 AM
6380.0,Normal user enters the Provvidenza Figli page,10-OCT-24 01.36.11.671000 PM
7672.0,HR/Normal user tries to update the answer,28-OCT-24 09.19.11.740000 AM
13002972.0,Recupero dettagli utente per Scelta orario di lavoro,18-OCT-24 11.22.00.043000 AM
,Dettaglio elenco Cedolini e CU disponibili al download,31-OCT-24 12.19.33.219000 PM
15690.0,Recupero dettagli utente per Scelta orario di lavoro,04-OCT-24 09.50.36.476000 AM
,Dettaglio elenco Cedolini e CU disponibili al download,05-OCT-24 05.33.30.199000 PM
10864.0,Normal / HR user updates the answer,04-OCT-24 07.54.36.608000 AM
7607.0,Normal user enters the Provvidenza Figli page,04-OCT-24 09.51.29.734000 AM
9093.0,Normal user assign new grade for the child while creating a request,04-OCT-24 09.34.25.988000 AM
17917.0,Recupero dettagliutente per Scelta Welfare,03-OCT-24 09.14.59.009000 AM
5982.0,HR/Normal user tries to update the answer,04-OCT-24 08.40.33.690000 AM
7713.0,Normal / HR user updates the answer,04-OCT-24 08.36.54.573000 AM
6489.0,HR/Normal user tries to update the answer,04-OCT-24 08.38.28.848000 AM
,Download PDF dalla sezione Cedolini,16-OCT-24 08.57.28.352000 AM
6869.0,Normal user tries to create new Provvidenza request for a child,04-OCT-24 08.10.09.102000 AM
,Dettaglio elenco Cedolini e CU disponibili al download,16-OCT-24 08.57.21.249000 AM
5982.0,Normal user enters the Provvidenza Figli page,04-OCT-24 08.39.10.538000 AM
6906.0,Recupero dettagliutente per Scelta Welfare,22-OCT-24 10.56.47.131000 AM
5756.0,HR/Normal user tries to update the answer,04-OCT-24 08.19.35.074000 AM
6085.0,Normal user assign new grade for the child while creating a request,04-OCT-24 08.09.29.136000 AM
6704.0,Normal user assign new grade for the child while creating a request,04-OCT-24 08.15.36.923000 AM
6908.0,Normal / HR user updates the answer,04-OCT-24 08.31.15.559000 AM
9061.0,Normal user tries to create new Provvidenza request for a child,04-OCT-24 08.21.49.303000 AM
7312.0,HR/Normal user tries to update the answer,04-OCT-24 08.20.42.552000 AM
6704.0,HR/Normal user tries to update the answer,04-OCT-24 08.15.56.560000 AM
,Download PDF dalla sezione Cedolini,25-OCT-24 03.45.51.168000 PM
6568.0,Dettaglio elenco Cedolini e CU disponibili al download,29-OCT-24 01.59.22.773000 PM
5744.0,HR/Normal user tries to update the answer,04-OCT-24 08.24.13.648000 AM
5843.0,Normal user enters the Provvidenza Figli page,08-OCT-24 03.02.36.170000 PM
7763.0,Dettaglio elenco Cedolini e CU disponibili al download,23-OCT-24 01.27.42.979000 PM
13002184.0,Verifica possibilità di accesso a fondo pensione per Scelta Welfare,04-OCT-24 02.29.00.036000 PM
,Dettaglio elenco Cedolini e CU disponibili al download,25-OCT-24 03.52.51.367000 PM
6869.0,HR/Normal user tries to update the answer,04-OCT-24 08.10.18.042000 AM
7427.0,HR/Normal user tries to update the answer,04-OCT-24 02.36.07.913000 PM
6489.0,HR/Normal user tries to update the answer,04-OCT-24 08.35.50.484000 AM
6704.0,Normal user enters the Provvidenza Figli page,04-OCT-24 08.16.19.038000 AM
6734.0,Normal user assign new grade for the child while creating a request,04-OCT-24 08.39.45.072000 AM
6734.0,Normal user assign new grade for the child while creating a request,04-OCT-24 08.40.45.010000 AM
5744.0,HR/Normal user tries to update the answer,04-OCT-24 08.23.22.351000 AM
6159.0,Recupero dettagliutente per Scelta Welfare,23-OCT-24 10.48.54.196000 AM
6024.0,Normal user assign new grade for the child while creating a request,08-OCT-24 10.07.44.713000 AM
18134.0,HR/Normal user tries to update the answer,08-OCT-24 03.33.24.950000 PM
7231.0,Normal user assign new grade for the child while creating a request,08-OCT-24 09.19.57.009000 AM
19481.0,HR/Normal user tries to update the answer,04-OCT-24 02.54.08.356000 PM
5341.0,Recupero dettagliutente per Scelta Welfare,16-OCT-24 08.25.01.141000 PM
5182.0,HR tried to update grade,09-OCT-24 10.18.58.447000 AM
,Download PDF dalla sezione Cedolini,25-OCT-24 03.44.46.947000 PM
5843.0,HR/Normal user tries to update the answer,08-OCT-24 03.03.20.484000 PM
13002845.0,Normal user enters the Provvidenza Figli page,08-OCT-24 10.09.59.220000 AM
6085.0,Normal user enters the Provvidenza Figli page,04-OCT-24 08.10.29.093000 AM
6229.0,HR/Normal user tries to update the answer,08-OCT-24 09.26.29.132000 AM
6908.0,HR/Normal user tries to update the answer,04-OCT-24 08.31.53.175000 AM
13001727.0,Normal / HR user updates the answer,08-OCT-24 09.27.36.168000 AM
7262.0,HR/Normal user tries to update the answer,04-OCT-24 02.42.47.115000 PM
13001727.0,HR/Normal user tries to update the answer,08-OCT-24 09.28.01.127000 AM
7978.0,HR/Normal user tries to update the answer,04-OCT-24 08.17.15.990000 AM
7599.0,HR tried to update grade,10-OCT-24 02.44.00.777000 PM
6085.0,Normal user update grade for a child,04-OCT-24 08.10.22.638000 AM
13000150.0,Recupero dettagli utente per invio adesione Fondo Nazionale,04-OCT-24 03.05.15.415000 PM
7088.0,Normal user assign new grade for the child while creating a request,04-OCT-24 08.23.31.922000 AM
8028.0,Recupero dettagliutente per Scelta Welfare,04-OCT-24 02.47.34.498000 PM
7477.0,HR/Normal user tries to update the answer,08-OCT-24 09.27.59.565000 AM
13002342.0,HR tried to update grade,04-OCT-24 08.32.57.951000 AM
,Download PDF dalla sezione Cedolini,25-OCT-24 04.05.51.502000 PM
5527.0,Normal user assign new grade for the child while creating a request,08-OCT-24 10.08.18.231000 AM
5358.0,HR/Normal user tries to update the answer,08-OCT-24 04.15.26.533000 PM
5358.0,HR/Normal user tries to update the answer,08-OCT-24 04.16.17.579000 PM
7088.0,Normal user assign new grade for the child while creating a request,04-OCT-24 08.21.40.817000 AM
15872.0,Normal user assign new grade for the child while creating a request,09-OCT-24 09.58.53.417000 AM
8085.0,Dettaglio elenco Cedolini e CU disponibili al download,08-OCT-24 10.15.56.758000 AM
7455.0,Dettaglio elenco Cedolini e CU disponibili al download,31-OCT-24 10.48.55.647000 AM
5299.0,HR/Normal user tries to update the answer,04-OCT-24 08.40.32.449000 AM
6199.0,HR user tries to load Funzioni Batch,03-OCT-24 09.31.35.839000 AM
,Download PDF dalla sezione Cedolini,25-OCT-24 04.37.03.759000 PM
,Download PDF dalla sezione Cedolini,25-OCT-24 04.52.11.033000 PM
,Download PDF dalla sezione Cedolini,25-OCT-24 04.57.52.699000 PM
,Dettaglio elenco Cedolini e CU disponibili al download,17-OCT-24 11.27.00.151000 AM
,Dettaglio elenco Cedolini e CU disponibili al download,17-OCT-24 11.27.33.913000 AM
13000484.0,Normal user enters the Provvidenza Figli page,08-OCT-24 03.41.19.120000 PM
,Download PDF dalla sezione Cedolini,08-OCT-24 10.26.04.684000 AM
6229.0,Normal user tries to create new Provvidenza request for a child,08-OCT-24 09.25.26.001000 AM
,Download PDF dalla sezione Cedolini,04-OCT-24 03.33.21.161000 PM
,Download PDF dalla sezione Cedolini,04-OCT-24 03.33.17.109000 PM
7932.0,Normal user assign new grade for the child while creating a request,04-OCT-24 04.00.42.178000 PM
7283.0,Normal user enters the Provvidenza Figli page,04-OCT-24 02.34.33.475000 PM
6925.0,Dettaglio elenco Cedolini e CU disponibili al download,08-OCT-24 10.26.24.144000 AM
7149.0,Normal user enters the Provvidenza Figli page,04-OCT-24 03.17.19.202000 PM
,Dettaglio elenco Cedolini e CU disponibili al download,29-OCT-24 04.33.39.363000 PM
6456.0,Normal user enters the Provvidenza Figli page,04-OCT-24 02.59.24.365000 PM
,Dettaglio elenco Cedolini e CU disponibili al download,24-OCT-24 02.34.31.528000 PM
6456.0,HR/Normal user tries to update the answer,04-OCT-24 03.34.04.593000 PM
7224.0,Recupero dettagliutente per Scelta Welfare,04-OCT-24 03.42.47.443000 PM
,Dettaglio elenco Cedolini e CU disponibili al download,24-OCT-24 02.04.04.760000 PM
7762.0,Dettaglio elenco Cedolini e CU disponibili al download,07-OCT-24 10.01.40.258000 AM
7072.0,Download PDF dalla sezione Cedolini,29-OCT-24 04.32.01.124000 PM
8098.0,HR/Normal user tries to update the answer,03-OCT-24 04.47.23.633000 PM
5568.0,HR/Normal user tries to update the answer,04-OCT-24 03.31.47.539000 PM
7658.0,Normal / HR user updates the answer,07-OCT-24 09.29.13.612000 AM
13002570.0,Normal user assign new grade for the child while creating a request,17-OCT-24 12.27.55.576000 PM
8226.0,HR/Normal user tries to update the answer,07-OCT-24 09.01.00.837000 AM
7611.0,HR/Normal user tries to update the answer,04-OCT-24 01.50.51.960000 PM
6621.0,Normal / HR user updates the answer,03-OCT-24 04.24.04.636000 PM
5262.0,HR/Normal user tries to update the answer,04-OCT-24 04.17.17.557000 PM
6058.0,Normal user assign new grade for the child while creating a request,07-OCT-24 10.16.34.802000 AM
5874.0,HR/Normal user tries to update the answer,07-OCT-24 09.41.32.913000 AM
7658.0,Normal user tries to create new Provvidenza request for a child,07-OCT-24 09.25.05.312000 AM
,Download PDF dalla sezione Cedolini,23-OCT-24 03.22.31.413000 PM
7427.0,HR/Normal user tries to update the answer,04-OCT-24 02.37.36.008000 PM
13000730.0,Recupero dettagliutente per Scelta Welfare,14-OCT-24 06.02.30.664000 PM
16786.0,Normal user enters the Provvidenza Figli page,03-OCT-24 01.50.30.624000 PM
7262.0,Normal user enters the Provvidenza Figli page,04-OCT-24 02.42.28.760000 PM
13002184.0,Normal user tries to create new Provvidenza request for a child,04-OCT-24 02.12.49.957000 PM
13002184.0,HR tried to update grade,04-OCT-24 02.12.59.724000 PM
13000881.0,Normal user enters the Provvidenza Figli page,04-OCT-24 01.54.18.617000 PM
6246.0,Normal user enters the Provvidenza Figli page,03-OCT-24 01.50.16.306000 PM
6582.0,HR/Normal user tries to update the answer,03-OCT-24 02.03.10.613000 PM
5899.0,HR/Normal user tries to update the answer,14-OCT-24 02.14.06.537000 PM
7262.0,HR/Normal user tries to update the answer,04-OCT-24 02.41.41.583000 PM
13002184.0,HR/Normal user tries to update the answer,04-OCT-24 02.13.01.797000 PM
13002717.0,Normal user enters the Provvidenza Figli page,03-OCT-24 01.48.20.449000 PM
13000322.0,Normal user tries to create new Provvidenza request for a child,03-OCT-24 01.42.50.843000 PM
9543.0,HR/Normal user tries to update the answer,03-OCT-24 01.40.32.532000 PM
13001629.0,Verifica possibilità di accesso a fondo pensione per Scelta Welfare,15-OCT-24 08.59.21.919000 AM
9223.0,Dettaglio elenco Cedolini e CU disponibili al download,03-OCT-24 02.08.50.497000 PM
13002130.0,Normal user enters the Provvidenza Figli page,03-OCT-24 01.42.06.131000 PM
5689.0,Normal user tries to create new Provvidenza request for a child,03-OCT-24 02.15.53.971000 PM
10677.0,Normal user update grade for a child,07-OCT-24 09.44.52.805000 AM
9407.0,Normal user enters the Provvidenza Figli page,03-OCT-24 01.37.27.149000 PM
7718.0,Normal user enters the Provvidenza Figli page,03-OCT-24 02.13.40.863000 PM
6736.0,Normal user tries to create new Provvidenza request for a child,03-OCT-24 02.07.38.701000 PM
,Dettaglio elenco Cedolini e CU disponibili al download,15-OCT-24 10.38.32.392000 AM
6131.0,Dettaglio elenco Cedolini e CU disponibili al download,03-OCT-24 01.43.13.186000 PM
13002070.0,Verifica possibilità di accesso a fondo pensione per Scelta Welfare,11-OCT-24 11.18.46.418000 PM
8277.0,Normal user enters the Provvidenza Figli page,03-OCT-24 02.39.11.196000 PM
6692.0,Normal user update grade for a child,03-OCT-24 01.38.38.261000 PM
5619.0,Normal user tries to create new Provvidenza request for a child,03-OCT-24 02.29.40.985000 PM
7052.0,HR/Normal user tries to update the answer,03-OCT-24 02.49.04.627000 PM
6578.0,HR/Normal user tries to update the answer,03-OCT-24 02.09.59.886000 PM
6531.0,HR/Normal user tries to update the answer,03-OCT-24 02.35.02.657000 PM
6599.0,Normal user tries to create new Provvidenza request for a child,03-OCT-24 02.48.23.860000 PM
5975.0,Normal user assign new grade for the child while creating a request,03-OCT-24 01.58.36.951000 PM
5600.0,Normal user enters the Provvidenza Figli page,03-OCT-24 02.39.04.088000 PM
5729.0,HR/Normal user tries to update the answer,03-OCT-24 02.32.31.758000 PM
7165.0,HR/Normal user tries to update the answer,03-OCT-24 02.16.21.860000 PM
7221.0,Normal user tries to create new Provvidenza request for a child,03-OCT-24 02.42.36.194000 PM
5332.0,Normal / HR user updates the answer,03-OCT-24 02.32.11.398000 PM
5639.0,Normal user enters the Provvidenza Figli page,03-OCT-24 02.13.15.771000 PM
5575.0,Normal user enters the Provvidenza Figli page,03-OCT-24 01.45.04.404000 PM
7869.0,Normal user enters the Provvidenza Figli page,03-OCT-24 02.52.27.313000 PM
5589.0,HR/Normal user tries to update the answer,03-OCT-24 02.29.04.193000 PM
7212.0,HR/Normal user tries to update the answer,10-OCT-24 12.43.28.465000 PM
8031.0,Normal user enters the Provvidenza Figli page,03-OCT-24 02.52.33.982000 PM
8516.0,HR/Normal user tries to update the answer,03-OCT-24 02.23.11.538000 PM
5429.0,Normal user enters the Provvidenza Figli page,03-OCT-24 02.24.30.574000 PM
18139.0,Normal user tries to create new Provvidenza request for a child,03-OCT-24 02.40.01.400000 PM
6238.0,Recupero dettagli utente per invio adesione Fondo Nazionale,03-OCT-24 02.09.00.410000 PM
7819.0,Dettaglio elenco Cedolini e CU disponibili al download,03-OCT-24 01.48.14.388000 PM
17119.0,HR/Normal user tries to update the answer,03-OCT-24 02.07.38.089000 PM
5846.0,HR/Normal user tries to update the answer,03-OCT-24 02.24.46.670000 PM
6599.0,Normal user assign new grade for the child while creating a request,03-OCT-24 02.48.23.947000 PM
8091.0,HR tried to update grade,03-OCT-24 02.30.33.830000 PM
,Dettaglio elenco Cedolini e CU disponibili al download,03-OCT-24 02.16.56.808000 PM
6021.0,HR/Normal user tries to update the answer,03-OCT-24 02.19.52.647000 PM
8330.0,HR/Normal user tries to update the answer,03-OCT-24 02.25.36.618000 PM
7485.0,HR/Normal user tries to update the answer,03-OCT-24 02.42.24.854000 PM
7718.0,HR/Normal user tries to update the answer,03-OCT-24 02.09.25.328000 PM
13002733.0,HR/Normal user tries to update the answer,03-OCT-24 02.31.29.264000 PM
6770.0,HR/Normal user tries to update the answer,03-OCT-24 02.30.07.191000 PM
6058.0,HR/Normal user tries to update the answer,07-OCT-24 10.17.08.615000 AM
16074.0,HR/Normal user tries to update the answer,03-OCT-24 02.49.21.856000 PM
,Download PDF dalla sezione Cedolini,14-OCT-24 03.39.32.710000 PM
6980.0,Normal user assign new grade for the child while creating a request,03-OCT-24 01.37.49.371000 PM
5821.0,Normal user enters the Provvidenza Figli page,03-OCT-24 02.29.51.264000 PM
7437.0,Normal user tries to create new Provvidenza request for a child,03-OCT-24 02.37.48.013000 PM
5753.0,Normal user enters the Provvidenza Figli page,03-OCT-24 02.10.27.221000 PM
5978.0,HR tried to update grade,03-OCT-24 02.08.31.240000 PM
7430.0,Normal user update grade for a child,03-OCT-24 02.46.07.462000 PM
13002935.0,Normal user enters the Provvidenza Figli page,04-OCT-24 01.54.24.770000 PM
6154.0,Normal user enters the Provvidenza Figli page,03-OCT-24 02.34.45.038000 PM
5320.0,Normal user enters the Provvidenza Figli page,03-OCT-24 02.37.36.372000 PM
6527.0,Normal user tries to create new Provvidenza request for a child,03-OCT-24 02.10.06.407000 PM
5185.0,Normal user assign new grade for the child while creating a request,03-OCT-24 02.19.42.132000 PM
6144.0,HR/Normal user tries to update the answer,03-OCT-24 02.19.28.870000 PM
8287.0,HR/Normal user tries to update the answer,03-OCT-24 02.33.51.989000 PM
8079.0,HR/Normal user tries to update the answer,03-OCT-24 02.23.25.903000 PM
5869.0,HR/Normal user tries to update the answer,03-OCT-24 02.32.22.917000 PM
14297.0,Normal user enters the Provvidenza Figli page,03-OCT-24 02.45.04.501000 PM
7869.0,HR/Normal user tries to update the answer,03-OCT-24 02.51.15.941000 PM
7212.0,Dettaglio elenco Cedolini e CU disponibili al download,10-OCT-24 12.24.50.144000 PM
7224.0,Dettaglio elenco Cedolini e CU disponibili al download,03-OCT-24 02.38.43.084000 PM
5788.0,Normal user tries to create new Provvidenza request for a child,03-OCT-24 01.37.34.494000 PM
8330.0,Normal / HR user updates the answer,03-OCT-24 02.21.15.810000 PM
6154.0,Normal / HR user updates the answer,03-OCT-24 02.34.32.131000 PM
5589.0,Normal user assign new grade for the child while creating a request,03-OCT-24 02.28.18.503000 PM
8274.0,Normal user enters the Provvidenza Figli page,03-OCT-24 02.14.18.191000 PM
7640.0,HR/Normal user tries to update the answer,03-OCT-24 02.41.29.623000 PM
6170.0,HR/Normal user tries to update the answer,03-OCT-24 02.37.53.322000 PM
6578.0,Normal user tries to create new Provvidenza request for a child,03-OCT-24 02.12.54.121000 PM
6790.0,HR/Normal user tries to update the answer,03-OCT-24 02.50.43.829000 PM
7331.0,Normal user tries to create new Provvidenza request for a child,03-OCT-24 02.04.44.939000 PM
8305.0,Normal user tries to create new Provvidenza request for a child,03-OCT-24 02.04.48.432000 PM
6378.0,Normal user enters the Provvidenza Figli page,03-OCT-24 02.44.32.589000 PM
11418.0,HR/Normal user tries to update the answer,15-OCT-24 09.56.15.156000 PM
6058.0,Normal user tries to create new Provvidenza request for a child,07-OCT-24 10.16.34.613000 AM
5975.0,HR/Normal user tries to update the answer,03-OCT-24 01.58.46.684000 PM
13002733.0,Normal user enters the Provvidenza Figli page,03-OCT-24 02.31.08.443000 PM
6113.0,HR/Normal user tries to update the answer,03-OCT-24 02.25.22.204000 PM
6645.0,HR/Normal user tries to update the answer,03-OCT-24 02.29.03.870000 PM
7123.0,Normal user assign new grade for the child while creating a request,03-OCT-24 01.55.39.207000 PM
5764.0,HR/Normal user tries to update the answer,03-OCT-24 01.57.10.567000 PM
,Dettaglio elenco Cedolini e CU disponibili al download,11-OCT-24 07.28.37.373000 AM
5775.0,Normal user assign new grade for the child while creating a request,03-OCT-24 02.20.49.359000 PM
6378.0,Normal user assign new grade for the child while creating a request,03-OCT-24 02.44.34.943000 PM
7224.0,HR tried to update grade,03-OCT-24 02.42.26.942000 PM
5689.0,Normal user enters the Provvidenza Figli page,03-OCT-24 02.15.52.344000 PM
6854.0,HR/Normal user tries to update the answer,03-OCT-24 02.15.14.898000 PM
6817.0,HR/Normal user tries to update the answer,03-OCT-24 02.04.34.824000 PM
6952.0,HR/Normal user tries to update the answer,03-OCT-24 02.04.53.609000 PM
7248.0,Normal user assign new grade for the child while creating a request,03-OCT-24 02.03.07.619000 PM
7268.0,HR/Normal user tries to update the answer,03-OCT-24 02.03.13.453000 PM
9117.0,Recupero dettagli utente per Scelta orario di lavoro,09-OCT-24 12.36.36.656000 PM
6393.0,HR/Normal user tries to update the answer,03-OCT-24 01.58.53.018000 PM
7018.0,Normal user enters the Provvidenza Figli page,03-OCT-24 02.10.23.453000 PM
5978.0,HR/Normal user tries to update the answer,03-OCT-24 02.08.34.688000 PM
5978.0,HR/Normal user tries to update the answer,03-OCT-24 02.07.41.665000 PM
5369.0,Normal user enters the Provvidenza Figli page,03-OCT-24 01.58.45.717000 PM
5484.0,Normal user tries to create new Provvidenza request for a child,03-OCT-24 02.21.35.253000 PM
7123.0,Dettaglio elenco Cedolini e CU disponibili al download,03-OCT-24 01.53.49.941000 PM
5185.0,HR/Normal user tries to update the answer,03-OCT-24 02.19.48.026000 PM
5725.0,Normal user enters the Provvidenza Figli page,03-OCT-24 02.02.04.377000 PM
,Dettaglio elenco Cedolini e CU disponibili al download,03-OCT-24 01.48.05.085000 PM
9403.0,HR/Normal user tries to update the answer,03-OCT-24 01.38.52.940000 PM
6199.0,Normal user enters the Provvidenza Figli page,03-OCT-24 02.04.19.265000 PM
5528.0,HR/Normal user tries to update the answer,03-OCT-24 02.54.32.693000 PM
5659.0,HR/Normal user tries to update the answer,03-OCT-24 02.20.29.384000 PM
6199.0,Normal user enters the Provvidenza Figli page,10-OCT-24 11.14.31.386000 AM
5429.0,Normal user tries to create new Provvidenza request for a child,03-OCT-24 02.23.47.791000 PM
,Dettaglio elenco Cedolini e CU disponibili al download,09-OCT-24 12.39.00.339000 PM
6519.0,Normal user enters the Provvidenza Figli page,03-OCT-24 02.47.51.959000 PM
6554.0,Normal user enters the Provvidenza Figli page,03-OCT-24 02.06.17.130000 PM
13002179.0,HR/Normal user tries to update the answer,03-OCT-24 02.47.52.984000 PM
5484.0,Normal user enters the Provvidenza Figli page,03-OCT-24 02.19.19.560000 PM
,Dettaglio elenco Cedolini e CU disponibili al download,31-OCT-24 02.44.51.516000 PM
5736.0,HR/Normal user tries to update the answer,03-OCT-24 02.25.57.103000 PM
5775.0,HR/Normal user tries to update the answer,03-OCT-24 02.19.22.869000 PM
6150.0,HR/Normal user tries to update the answer,03-OCT-24 02.21.51.865000 PM
6712.0,HR/Normal user tries to update the answer,03-OCT-24 02.22.31.549000 PM
5840.0,HR/Normal user tries to update the answer,03-OCT-24 02.19.40.546000 PM
5725.0,Normal user update grade for a child,03-OCT-24 02.01.04.484000 PM
16786.0,HR/Normal user tries to update the answer,03-OCT-24 01.49.15.760000 PM
5657.0,Normal user assign new grade for the child while creating a request,03-OCT-24 02.20.48.437000 PM
16330.0,Recupero dettagli utente per invio adesione Fondo Nazionale,31-OCT-24 02.40.37.622000 PM
7869.0,Dettaglio elenco Cedolini e CU disponibili al download,03-OCT-24 02.52.56.750000 PM
,Dettaglio elenco Cedolini e CU disponibili al download,28-OCT-24 02.56.34.504000 PM
5472.0,Download PDF dalla sezione Cedolini,09-OCT-24 12.50.51.946000 PM
5616.0,Normal user enters the Provvidenza Figli page,03-OCT-24 02.33.38.669000 PM
6601.0,HR/Normal user tries to update the answer,03-OCT-24 02.52.43.047000 PM
6631.0,Normal user tries to create new Provvidenza request for a child,03-OCT-24 02.53.54.445000 PM
10678.0,Normal / HR user updates the answer,03-OCT-24 02.45.26.060000 PM
13002935.0,Normal user enters the Provvidenza Figli page,03-OCT-24 02.39.14.714000 PM
5953.0,HR/Normal user tries to update the answer,03-OCT-24 02.40.57.753000 PM
5899.0,HR tried to update grade,14-OCT-24 02.13.57.350000 PM
5821.0,HR/Normal user tries to update the answer,03-OCT-24 02.30.28.017000 PM
7869.0,Normal user enters the Provvidenza Figli page,03-OCT-24 02.49.36.639000 PM
6823.0,Normal / HR user updates the answer,03-OCT-24 02.27.57.753000 PM
6469.0,Normal user assign new grade for the child while creating a request,03-OCT-24 02.47.46.568000 PM
5369.0,HR/Normal user tries to update the answer,03-OCT-24 01.56.45.678000 PM
6685.0,Normal user update grade for a child,03-OCT-24 02.14.52.915000 PM
,Dettaglio elenco Cedolini e CU disponibili al download,28-OCT-24 03.21.57.769000 PM
6251.0,Download PDF dalla sezione Cedolini,28-OCT-24 03.21.16.401000 PM
5570.0,Normal user enters the Provvidenza Figli page,14-OCT-24 03.48.28.712000 PM
5869.0,HR/Normal user tries to update the answer,03-OCT-24 02.32.25.648000 PM
13001053.0,HR/Normal user tries to update the answer,03-OCT-24 01.43.19.031000 PM
13002184.0,Normal user enters the Provvidenza Figli page,04-OCT-24 02.10.13.423000 PM
,Dettaglio elenco Cedolini e CU disponibili al download,15-OCT-24 01.12.15.202000 PM
6199.0,Normal user enters the Provvidenza Figli page,09-OCT-24 01.00.35.847000 PM
7224.0,HR/Normal user tries to update the answer,03-OCT-24 02.41.04.310000 PM
10057.0,HR/Normal user tries to update the answer,03-OCT-24 02.43.09.925000 PM
7212.0,HR/Normal user tries to update the answer,10-OCT-24 12.43.14.484000 PM
7313.0,Normal user enters the Provvidenza Figli page,09-OCT-24 12.42.15.516000 PM
6681.0,Dettaglio elenco Cedolini e CU disponibili al download,14-OCT-24 04.03.55.240000 PM
8042.0,HR tried to update grade,03-OCT-24 02.14.27.496000 PM
7123.0,HR/Normal user tries to update the answer,03-OCT-24 01.54.19.830000 PM
,Download PDF dalla sezione Cedolini,14-OCT-24 04.04.49.220000 PM
,Download PDF dalla sezione Cedolini,28-OCT-24 02.57.22.551000 PM
5240.0,HR tried to update grade,04-OCT-24 08.55.20.669000 AM
5445.0,Normal user enters the Provvidenza Figli page,09-OCT-24 03.24.10.963000 PM
5953.0,Normal user enters the Provvidenza Figli page,03-OCT-24 02.39.44.911000 PM
,Download PDF dalla sezione Cedolini,04-OCT-24 09.01.14.775000 AM
5987.0,Normal user enters the Provvidenza Figli page,04-OCT-24 08.58.54.501000 AM
7068.0,Normal user tries to create new Provvidenza request for a child,04-OCT-24 08.54.05.020000 AM
5240.0,HR/Normal user tries to update the answer,04-OCT-24 08.54.36.176000 AM
5488.0,HR/Normal user tries to update the answer,04-OCT-24 08.54.01.813000 AM
5484.0,HR/Normal user tries to update the answer,03-OCT-24 02.21.43.595000 PM
6199.0,Normal user enters the Provvidenza Figli page,09-OCT-24 12.23.19.030000 PM
5639.0,HR/Normal user tries to update the answer,03-OCT-24 02.13.42.268000 PM
13002169.0,HR/Normal user tries to update the answer,04-OCT-24 09.21.46.293000 AM
16672.0,Normal / HR user updates the answer,09-OCT-24 03.22.49.587000 PM
5803.0,Normal user assign new grade for the child while creating a request,04-OCT-24 08.56.39.643000 AM
5294.0,HR/Normal user tries to update the answer,03-OCT-24 02.33.56.910000 PM
5987.0,Normal user tries to create new Provvidenza request for a child,04-OCT-24 08.59.56.046000 AM
6827.0,Normal / HR user updates the answer,03-OCT-24 01.56.15.127000 PM
6131.0,Normal user enters the Provvidenza Figli page,03-OCT-24 01.40.02.567000 PM
5445.0,Normal user enters the Provvidenza Figli page,09-OCT-24 03.23.41.311000 PM
16664.0,Recupero dettagliutente per Scelta Welfare,28-OCT-24 03.02.00.007000 PM
6199.0,Normal user enters the Provvidenza Figli page,09-OCT-24 03.42.14.459000 PM
7313.0,Normal user enters the Provvidenza Figli page,09-OCT-24 12.38.07.959000 PM
6080.0,HR/Normal user tries to update the answer,03-OCT-24 02.32.31.885000 PM
6096.0,HR/Normal user tries to update the answer,03-OCT-24 02.40.52.736000 PM
5803.0,HR/Normal user tries to update the answer,04-OCT-24 08.56.05.182000 AM
6180.0,HR/Normal user tries to update the answer,04-OCT-24 08.57.22.207000 AM
6251.0,Dettaglio elenco Cedolini e CU disponibili al download,28-OCT-24 03.23.02.999000 PM
5837.0,Normal user tries to create new Provvidenza request for a child,04-OCT-24 08.56.14.897000 AM
8049.0,Normal user tries to create new Provvidenza request for a child,03-OCT-24 02.31.12.519000 PM
17597.0,Recupero dettagli utente per invio adesione Fondo Nazionale,28-OCT-24 03.14.02.933000 PM
9117.0,Normal user enters the Provvidenza Figli page,09-OCT-24 12.36.51.975000 PM
7640.0,Normal user enters the Provvidenza Figli page,03-OCT-24 02.42.04.188000 PM
13002978.0,Normal user assign new grade for the child while creating a request,28-OCT-24 03.21.33.248000 PM
6599.0,HR/Normal user tries to update the answer,03-OCT-24 02.48.01.447000 PM
7689.0,Normal user assign new grade for the child while creating a request,03-OCT-24 02.31.35.497000 PM
5779.0,Normal user assign new grade for the child while creating a request,03-OCT-24 02.49.29.651000 PM
7068.0,Download PDF dalla sezione Cedolini,04-OCT-24 09.02.29.280000 AM
5429.0,HR/Normal user tries to update the answer,03-OCT-24 02.24.06.134000 PM
6238.0,Verifica possibilità di accesso a fondo pensione per Scelta Welfare,03-OCT-24 02.09.30.748000 PM
5528.0,Normal user tries to create new Provvidenza request for a child,03-OCT-24 02.54.29.200000 PM
5740.0,HR/Normal user tries to update the answer,03-OCT-24 02.06.34.258000 PM
,Dettaglio elenco Cedolini e CU disponibili al download,21-OCT-24 04.05.11.500000 PM
8305.0,HR/Normal user tries to update the answer,03-OCT-24 02.05.07.512000 PM
8220.0,Verifica possibilità di accesso a fondo pensione per Scelta Welfare,28-OCT-24 03.21.59.051000 PM
8260.0,Normal user assign new grade for the child while creating a request,04-OCT-24 09.18.08.182000 AM
7499.0,HR/Normal user tries to update the answer,03-OCT-24 02.34.38.047000 PM
5185.0,Normal / HR user updates the answer,03-OCT-24 02.19.58.258000 PM
5570.0,Normal user enters the Provvidenza Figli page,14-OCT-24 03.47.16.999000 PM
7059.0,Normal user assign new grade for the child while creating a request,04-OCT-24 09.17.49.159000 AM
7304.0,HR/Normal user tries to update the answer,03-OCT-24 02.52.25.620000 PM
7096.0,Recupero dettagliutente per Scelta Welfare,10-OCT-24 11.03.05.803000 AM
6595.0,HR/Normal user tries to update the answer,04-OCT-24 09.13.51.826000 AM
6823.0,HR/Normal user tries to update the answer,03-OCT-24 02.28.58.224000 PM
5483.0,Normal user assign new grade for the child while creating a request,04-OCT-24 10.00.23.583000 AM
13002169.0,HR/Normal user tries to update the answer,04-OCT-24 09.21.42.053000 AM
6601.0,Normal user enters the Provvidenza Figli page,03-OCT-24 02.52.46.046000 PM
6915.0,Normal user enters the Provvidenza Figli page,04-OCT-24 08.52.59.035000 AM
,Dettaglio elenco Cedolini e CU disponibili al download,28-OCT-24 03.14.04.998000 PM
7067.0,Normal user enters the Provvidenza Figli page,04-OCT-24 08.58.06.257000 AM
5987.0,Normal user enters the Provvidenza Figli page,04-OCT-24 09.01.03.564000 AM
6002.0,Normal user tries to create new Provvidenza request for a child,04-OCT-24 09.16.03.202000 AM
5240.0,HR/Normal user tries to update the answer,04-OCT-24 08.55.25.764000 AM
18291.0,Dettaglio elenco Cedolini e CU disponibili al download,04-OCT-24 09.23.08.756000 AM
5837.0,Normal user enters the Provvidenza Figli page,04-OCT-24 08.54.39.721000 AM
19217.0,HR/Normal user tries to update the answer,03-OCT-24 02.28.51.764000 PM
17474.0,HR/Normal user tries to update the answer,03-OCT-24 02.30.32.994000 PM
6154.0,Normal user enters the Provvidenza Figli page,03-OCT-24 02.33.22.047000 PM
6422.0,Normal / HR user updates the answer,09-OCT-24 04.22.34.676000 PM
7052.0,HR/Normal user tries to update the answer,03-OCT-24 02.49.25.824000 PM
9208.0,HR/Normal user tries to update the answer,03-OCT-24 02.44.27.184000 PM
13002973.0,Recupero dettagli utente per invio adesione Fondo Nazionale,18-OCT-24 04.32.56.350000 PM
7267.0,Normal user tries to create new Provvidenza request for a child,04-OCT-24 09.01.04.599000 AM
7485.0,HR/Normal user tries to update the answer,03-OCT-24 02.42.36.052000 PM
6050.0,Normal user enters the Provvidenza Figli page,15-OCT-24 09.15.11.398000 AM
5853.0,HR/Normal user tries to update the answer,04-OCT-24 09.08.11.652000 AM
6866.0,Normal user tries to create new Provvidenza request for a child,21-OCT-24 04.21.15.469000 PM
5803.0,HR/Normal user tries to update the answer,04-OCT-24 08.56.52.041000 AM
7643.0,Normal user enters the Provvidenza Figli page,14-OCT-24 03.39.35.778000 PM
7068.0,Download PDF dalla sezione Cedolini,04-OCT-24 09.04.54.618000 AM
6906.0,HR/Normal user tries to update the answer,04-OCT-24 08.50.35.147000 AM
7720.0,HR/Normal user tries to update the answer,04-OCT-24 09.12.47.482000 AM
7720.0,Download PDF dalla sezione Cedolini,04-OCT-24 09.28.40.547000 AM
13001184.0,HR/Normal user tries to update the answer,18-OCT-24 04.03.14.678000 PM
10864.0,HR/Normal user tries to update the answer,04-OCT-24 09.01.43.263000 AM
8314.0,HR/Normal user tries to update the answer,04-OCT-24 09.19.28.323000 AM
5837.0,HR/Normal user tries to update the answer,04-OCT-24 08.56.31.563000 AM
8314.0,HR/Normal user tries to update the answer,04-OCT-24 09.19.36.234000 AM
13002169.0,HR/Normal user tries to update the answer,04-OCT-24 09.21.50.202000 AM
16672.0,Normal user enters the Provvidenza Figli page,09-OCT-24 03.25.02.848000 PM
6199.0,Normal user enters the Provvidenza Figli page,09-OCT-24 04.06.43.047000 PM
,Dettaglio elenco Cedolini e CU disponibili al download,15-OCT-24 09.59.32.152000 AM
6422.0,Normal user assign new grade for the child while creating a request,09-OCT-24 04.21.47.804000 PM
7063.0,HR/Normal user tries to update the answer,04-OCT-24 09.00.25.889000 AM
16672.0,HR tried to update grade,09-OCT-24 03.21.41.122000 PM
6002.0,Normal user assign new grade for the child while creating a request,04-OCT-24 09.16.03.372000 AM
5358.0,Normal user assign new grade for the child while creating a request,08-OCT-24 04.13.15.571000 PM
,Dettaglio elenco Cedolini e CU disponibili al download,14-OCT-24 04.25.06.121000 PM
6076.0,HR/Normal user tries to update the answer,04-OCT-24 10.02.43.960000 AM
,Dettaglio elenco Cedolini e CU disponibili al download,24-OCT-24 05.41.12.121000 PM
6093.0,HR/Normal user tries to update the answer,04-OCT-24 09.19.42.275000 AM
,Download PDF dalla sezione Cedolini,28-OCT-24 02.27.38.207000 PM
7068.0,Download PDF dalla sezione Cedolini,04-OCT-24 08.56.56.134000 AM
5705.0,Lettura e accettazione dell'accordo di smartworking,10-OCT-24 11.27.57.743000 AM
,Download PDF dalla sezione Cedolini,08-OCT-24 07.28.01.327000 AM
,Dettaglio elenco Cedolini e CU disponibili al download,09-OCT-24 04.28.38.328000 PM
6078.0,HR/Normal user tries to update the answer,04-OCT-24 09.37.26.596000 AM
,Dettaglio elenco Cedolini e CU disponibili al download,15-OCT-24 09.34.06.614000 AM
,Dettaglio elenco Cedolini e CU disponibili al download,24-OCT-24 08.59.18.209000 AM
7506.0,HR/Normal user tries to update the answer,06-OCT-24 08.12.37.009000 PM
7506.0,Normal user update grade for a child,06-OCT-24 08.12.25.305000 PM
,Dettaglio elenco Cedolini e CU disponibili al download,24-OCT-24 09.16.23.986000 AM
5803.0,Normal user tries to create new Provvidenza request for a child,04-OCT-24 08.55.59.057000 AM
13002973.0,Verifica possibilità di accesso a fondo pensione per Scelta Welfare,18-OCT-24 04.33.18.665000 PM
,Dettaglio elenco Cedolini e CU disponibili al download,24-OCT-24 05.33.01.556000 PM
,Dettaglio elenco Cedolini e CU disponibili al download,29-OCT-24 04.44.50.431000 PM
8245.0,Normal user assign new grade for the child while creating a request,07-OCT-24 10.46.56.827000 AM
13002929.0,Recupero dettagliutente per Scelta Welfare,29-OCT-24 06.01.47.263000 PM
5831.0,Normal user assign new grade for the child while creating a request,06-OCT-24 07.58.08.719000 PM
6316.0,Normal user enters the Provvidenza Figli page,08-OCT-24 08.31.23.655000 AM
11253.0,Normal user enters the Provvidenza Figli page,04-OCT-24 04.58.36.363000 PM
5556.0,HR/Normal user tries to update the answer,07-OCT-24 10.49.04.406000 AM
7615.0,Normal user enters the Provvidenza Figli page,07-OCT-24 10.50.47.832000 AM
8245.0,HR/Normal user tries to update the answer,07-OCT-24 10.47.06.486000 AM
,Dettaglio elenco Cedolini e CU disponibili al download,24-OCT-24 05.25.23.400000 PM
,Download PDF dalla sezione Cedolini,24-OCT-24 06.01.14.679000 PM
,Dettaglio elenco Cedolini e CU disponibili al download,29-OCT-24 05.59.47.515000 PM
,Download PDF dalla sezione Cedolini,29-OCT-24 06.00.26.540000 PM
7506.0,HR/Normal user tries to update the answer,06-OCT-24 08.12.30.655000 PM
13002986.0,Recupero dettagli utente per Scelta orario di lavoro,29-OCT-24 05.31.02.769000 PM
,Dettaglio elenco Cedolini e CU disponibili al download,24-OCT-24 09.23.06.511000 AM
15649.0,HR/Normal user tries to update the answer,24-OCT-24 09.58.28.512000 AM
6057.0,HR/Normal user tries to update the answer,07-OCT-24 11.17.25.570000 AM
18291.0,Download PDF dalla sezione Cedolini,04-OCT-24 09.23.38.278000 AM
7506.0,Normal user assign new grade for the child while creating a request,06-OCT-24 08.11.54.878000 PM
7877.0,HR/Normal user tries to update the answer,04-OCT-24 05.10.17.155000 PM
,Download PDF dalla sezione Cedolini,31-OCT-24 05.17.52.666000 PM
7843.0,HR/Normal user tries to update the answer,07-OCT-24 10.46.58.779000 AM
8438.0,Normal user assign new grade for the child while creating a request,05-OCT-24 07.33.13.658000 PM
15690.0,Normal user enters the Provvidenza Figli page,04-OCT-24 09.48.13.818000 AM
,Download PDF dalla sezione Cedolini,14-OCT-24 02.51.10.322000 PM
7506.0,HR/Normal user tries to update the answer,06-OCT-24 08.12.33.525000 PM
6694.0,Recupero dettagliutente per Scelta Welfare,28-OCT-24 09.15.39.047000 PM
6598.0,Normal user assign new grade for the child while creating a request,07-OCT-24 10.30.05.630000 AM
5226.0,HR/Normal user tries to update the answer,07-OCT-24 10.58.56.716000 AM
,Download PDF dalla sezione Cedolini,14-OCT-24 08.39.07.561000 PM
,Download PDF dalla sezione Cedolini,14-OCT-24 08.39.10.481000 PM
,Download PDF dalla sezione Cedolini,14-OCT-24 08.39.06.409000 PM
7843.0,Normal user tries to create new Provvidenza request for a child,07-OCT-24 10.46.04.896000 AM
,Download PDF dalla sezione Cedolini,01-OCT-24 01.34.39.410000 PM
5678.0,HR/Normal user tries to update the answer,07-OCT-24 10.39.09.024000 AM
5797.0,Normal user tries to create new Provvidenza request for a child,08-OCT-24 12.40.03.750000 PM
,Download PDF dalla sezione Cedolini,07-OCT-24 11.21.50.163000 AM
,Dettaglio elenco Cedolini e CU disponibili al download,28-OCT-24 11.38.23.311000 AM
,Dettaglio elenco Cedolini e CU disponibili al download,14-OCT-24 02.50.50.055000 PM
13002972.0,Recupero dettagliutente per Scelta Welfare,17-OCT-24 09.43.53.476000 AM
7530.0,HR/Normal user tries to update the answer,07-OCT-24 11.11.28.265000 AM
8438.0,Dettaglio elenco Cedolini e CU disponibili al download,05-OCT-24 07.31.45.593000 PM
,Download PDF dalla sezione Cedolini,23-OCT-24 10.34.10.123000 AM
7059.0,Normal user update grade for a child,10-OCT-24 02.50.26.103000 PM
10599.0,Verifica possibilità di accesso a fondo pensione per Scelta Welfare,28-OCT-24 04.40.37.687000 PM
5690.0,Normal user enters the Provvidenza Figli page,08-OCT-24 12.38.52.205000 PM
7182.0,Normal user assign new grade for the child while creating a request,08-OCT-24 12.31.43.152000 PM
13002973.0,Recupero dettagli utente per invio adesione Fondo Nazionale,28-OCT-24 04.15.54.164000 PM
,Download PDF dalla sezione Cedolini,17-OCT-24 10.37.55.136000 AM
7182.0,Normal user enters the Provvidenza Figli page,08-OCT-24 12.31.25.626000 PM
5878.0,HR/Normal user tries to update the answer,17-OCT-24 10.24.59.808000 AM
13002974.0,Recupero dettagli utente per Scelta orario di lavoro,17-OCT-24 10.07.50.826000 AM
,Dettaglio elenco Cedolini e CU disponibili al download,16-OCT-24 05.33.47.984000 PM
6355.0,Normal user assign new grade for the child while creating a request,10-OCT-24 03.55.55.084000 PM
,Dettaglio elenco Cedolini e CU disponibili al download,17-OCT-24 09.36.02.422000 AM
,Download PDF dalla sezione Cedolini,28-OCT-24 11.59.56.661000 AM
5361.0,HR/Normal user tries to update the answer,09-OCT-24 01.07.25.944000 PM
5849.0,Recupero dettagliutente per Scelta Welfare,30-OCT-24 04.16.23.630000 PM
,Dettaglio elenco Cedolini e CU disponibili al download,30-OCT-24 04.58.48.543000 PM
13002972.0,Recupero dettagliutente per Scelta Welfare,17-OCT-24 09.34.48.729000 AM
,Dettaglio elenco Cedolini e CU disponibili al download,30-OCT-24 05.23.03.565000 PM
,Dettaglio elenco Cedolini e CU disponibili al download,30-OCT-24 04.35.20.044000 PM
5878.0,HR/Normal user tries to update the answer,17-OCT-24 10.24.56.747000 AM
6199.0,Normal user enters the Provvidenza Figli page,09-OCT-24 01.09.58.255000 PM
6001.0,HR/Normal user tries to update the answer,17-OCT-24 02.06.37.882000 PM
5878.0,Normal user enters the Provvidenza Figli page,17-OCT-24 10.23.14.616000 AM
5797.0,Normal user enters the Provvidenza Figli page,08-OCT-24 12.42.36.008000 PM
6940.0,HR/Normal user tries to update the answer,08-OCT-24 12.02.54.610000 PM
5780.0,Normal user assign new grade for the child while creating a request,07-OCT-24 08.19.43.106000 AM
,Dettaglio elenco Cedolini e CU disponibili al download,29-OCT-24 06.04.49.167000 PM
7832.0,Normal user enters the Provvidenza Figli page,03-OCT-24 06.18.16.602000 PM
,Dettaglio elenco Cedolini e CU disponibili al download,30-OCT-24 04.13.32.013000 PM
5849.0,Download PDF dalla sezione Cedolini,30-OCT-24 04.16.55.693000 PM
7792.0,Normal user enters the Provvidenza Figli page,07-OCT-24 11.52.05.233000 AM
13002972.0,Normal user enters the Provvidenza Figli page,17-OCT-24 10.48.13.167000 AM
6119.0,Normal user enters the Provvidenza Figli page,03-OCT-24 06.17.52.797000 PM
,Dettaglio elenco Cedolini e CU disponibili al download,25-OCT-24 03.45.47.356000 PM
5590.0,HR/Normal user tries to update the answer,07-OCT-24 08.27.48.083000 AM
5780.0,Normal user enters the Provvidenza Figli page,07-OCT-24 08.21.08.836000 AM
5827.0,Normal user enters the Provvidenza Figli page,10-OCT-24 01.12.43.677000 PM
6252.0,Normal user tries to create new Provvidenza request for a child,07-OCT-24 08.12.48.232000 AM
,Dettaglio elenco Cedolini e CU disponibili al download,17-OCT-24 10.37.12.405000 AM
8166.0,HR/Normal user tries to update the answer,07-OCT-24 08.14.57.726000 AM
7792.0,HR/Normal user tries to update the answer,07-OCT-24 11.53.32.808000 AM
6905.0,HR/Normal user tries to update the answer,07-OCT-24 08.52.05.399000 AM
10871.0,HR/Normal user tries to update the answer,03-OCT-24 06.20.25.833000 PM
11511.0,Normal user enters the Provvidenza Figli page,08-OCT-24 11.28.20.696000 AM
7313.0,Normal / HR user updates the answer,07-OCT-24 11.59.22.267000 AM
13002408.0,Recupero dettagliutente per Scelta Welfare,29-OCT-24 05.23.21.977000 PM
10871.0,Normal user enters the Provvidenza Figli page,03-OCT-24 06.20.06.403000 PM
13002974.0,Verifica possibilità di accesso a fondo pensione per Scelta Welfare,17-OCT-24 02.32.15.576000 PM
13001303.0,Normal user tries to create new Provvidenza request for a child,08-OCT-24 11.20.05.587000 AM
7348.0,HR tried to update grade,09-OCT-24 01.22.44.776000 PM
8226.0,Normal user enters the Provvidenza Figli page,07-OCT-24 09.02.19.385000 AM
5754.0,HR/Normal user tries to update the answer,07-OCT-24 12.20.41.722000 PM
5754.0,Normal user enters the Provvidenza Figli page,07-OCT-24 12.21.26.728000 PM
,Dettaglio elenco Cedolini e CU disponibili al download,25-OCT-24 11.51.46.211000 AM
7492.0,HR/Normal user tries to update the answer,08-OCT-24 11.04.04.431000 AM
,Download PDF dalla sezione Cedolini,07-OCT-24 12.35.52.889000 PM
19201.0,HR/Normal user tries to update the answer,07-OCT-24 12.23.24.640000 PM
5754.0,Normal user enters the Provvidenza Figli page,07-OCT-24 12.20.12.853000 PM
5811.0,Normal user update grade for a child,07-OCT-24 08.43.20.630000 AM
13002993.0,Recupero dettagliutente per Scelta Welfare,29-OCT-24 08.59.55.242000 AM
13000436.0,Recupero dettagliutente per Scelta Welfare,29-OCT-24 09.00.33.111000 AM
,Dettaglio elenco Cedolini e CU disponibili al download,18-OCT-24 09.58.24.290000 AM
5590.0,Normal user assign new grade for the child while creating a request,07-OCT-24 08.26.47.514000 AM
5945.0,HR/Normal user tries to update the answer,07-OCT-24 12.52.27.396000 PM
5862.0,Recupero dettagli utente per Scelta orario di lavoro,29-OCT-24 10.11.52.535000 AM
7216.0,Normal user assign new grade for the child while creating a request,07-OCT-24 11.44.19.892000 AM
7703.0,HR/Normal user tries to update the answer,04-OCT-24 12.43.16.288000 PM
,Download PDF dalla sezione Cedolini,29-OCT-24 06.04.51.767000 PM
5811.0,Normal user enters the Provvidenza Figli page,07-OCT-24 08.43.07.627000 AM
5757.0,Normal user assign new grade for the child while creating a request,07-OCT-24 12.54.31.083000 PM
8979.0,Dettaglio elenco Cedolini e CU disponibili al download,24-OCT-24 12.27.55.722000 PM
7628.0,HR/Normal user tries to update the answer,07-OCT-24 09.11.27.820000 AM
7703.0,HR/Normal user tries to update the answer,04-OCT-24 12.42.54.617000 PM
5792.0,Normal user enters the Provvidenza Figli page,07-OCT-24 12.48.04.354000 PM
,Dettaglio elenco Cedolini e CU disponibili al download,29-OCT-24 09.36.37.619000 AM
7012.0,HR/Normal user tries to update the answer,04-OCT-24 01.26.52.830000 PM
19201.0,HR/Normal user tries to update the answer,07-OCT-24 12.23.26.974000 PM
7377.0,HR/Normal user tries to update the answer,05-OCT-24 04.14.23.944000 PM
,Dettaglio elenco Cedolini e CU disponibili al download,25-OCT-24 09.58.41.248000 AM
,Download PDF dalla sezione Cedolini,25-OCT-24 05.16.33.291000 PM
6374.0,HR/Normal user tries to update the answer,08-OCT-24 11.35.09.404000 AM
7380.0,Normal user enters the Provvidenza Figli page,07-OCT-24 12.34.41.959000 PM
,Download PDF dalla sezione Cedolini,25-OCT-24 09.59.40.225000 AM
13002993.0,Recupero dettagliutente per Scelta Welfare,29-OCT-24 08.56.38.392000 AM
7188.0,Normal user enters the Provvidenza Figli page,07-OCT-24 12.08.13.811000 PM
7188.0,Normal user tries to create new Provvidenza request for a child,07-OCT-24 12.07.27.065000 PM
,Dettaglio elenco Cedolini e CU disponibili al download,25-OCT-24 05.57.47.747000 PM
6611.0,Recupero dettagliutente per Scelta Welfare,29-OCT-24 09.47.46.208000 AM
7832.0,Normal user enters the Provvidenza Figli page,03-OCT-24 06.16.58.487000 PM
5945.0,Normal user update grade for a child,07-OCT-24 12.52.20.422000 PM
,Download PDF dalla sezione Cedolini,25-OCT-24 05.06.07.839000 PM
7832.0,HR/Normal user tries to update the answer,03-OCT-24 06.17.34.134000 PM
,Dettaglio elenco Cedolini e CU disponibili al download,29-OCT-24 09.43.51.426000 AM
,Download PDF dalla sezione Cedolini,25-OCT-24 10.46.59.455000 AM
13002994.0,Recupero dettagliutente per Scelta Welfare,25-OCT-24 10.21.51.477000 AM
,Download PDF dalla sezione Cedolini,24-OCT-24 05.52.06.739000 PM
,Dettaglio elenco Cedolini e CU disponibili al download,25-OCT-24 10.28.46.336000 AM
,Download PDF dalla sezione Cedolini,25-OCT-24 05.05.15.248000 PM
9405.0,Normal user tries to create new Provvidenza request for a child,07-OCT-24 12.19.34.376000 PM
,Dettaglio elenco Cedolini e CU disponibili al download,25-OCT-24 11.06.54.809000 AM
,Download PDF dalla sezione Cedolini,25-OCT-24 10.19.43.584000 AM
,Dettaglio elenco Cedolini e CU disponibili al download,25-OCT-24 10.30.23.474000 AM
7810.0,Normal user enters the Provvidenza Figli page,04-OCT-24 01.03.31.789000 PM
,Dettaglio elenco Cedolini e CU disponibili al download,29-OCT-24 09.15.28.314000 AM
8077.0,Normal user tries to create new Provvidenza request for a child,07-OCT-24 09.08.38.585000 AM
,Download PDF dalla sezione Cedolini,25-OCT-24 10.43.33.972000 AM
8979.0,Dettaglio elenco Cedolini e CU disponibili al download,24-OCT-24 12.28.24.360000 PM
13002986.0,Recupero dettagliutente per Scelta Welfare,25-OCT-24 11.04.46.638000 AM
5367.0,Normal user tries to create new Provvidenza request for a child,06-OCT-24 11.34.26.369000 AM
5577.0,HR/Normal user tries to update the answer,04-OCT-24 12.57.43.725000 PM
7012.0,Normal user enters the Provvidenza Figli page,04-OCT-24 01.28.00.819000 PM
,Download PDF dalla sezione Cedolini,24-OCT-24 06.15.25.228000 PM
7852.0,HR/Normal user tries to update the answer,07-OCT-24 02.30.13.012000 PM
13000881.0,Normal user assign new grade for the child while creating a request,04-OCT-24 01.54.01.623000 PM
,Download PDF dalla sezione Cedolini,25-OCT-24 10.07.52.650000 AM
,Download PDF dalla sezione Cedolini,25-OCT-24 10.14.23.455000 AM
7605.0,HR/Normal user tries to update the answer,04-OCT-24 01.43.16.911000 PM
,Download PDF dalla sezione Cedolini,25-OCT-24 10.04.39.379000 AM
,Download PDF dalla sezione Cedolini,29-OCT-24 09.13.54.443000 AM
,Dettaglio elenco Cedolini e CU disponibili al download,25-OCT-24 05.55.51.716000 PM
5757.0,HR/Normal user tries to update the answer,07-OCT-24 12.55.27.614000 PM
,Download PDF dalla sezione Cedolini,25-OCT-24 10.26.53.517000 AM
6555.0,Normal user enters the Provvidenza Figli page,31-OCT-24 06.44.28.776000 PM
,Download PDF dalla sezione Cedolini,25-OCT-24 01.49.54.047000 PM
13002574.0,Recupero dettagli utente per Scelta orario di lavoro,25-OCT-24 12.58.49.893000 PM
5297.0,Recupero dettagliutente per Scelta Welfare,25-OCT-24 11.10.22.756000 AM
5792.0,Normal user tries to create new Provvidenza request for a child,07-OCT-24 12.47.16.001000 PM
,Download PDF dalla sezione Cedolini,25-OCT-24 04.42.54.423000 PM
5297.0,Verifica possibilità di accesso a fondo pensione per Scelta Welfare,17-OCT-24 03.10.33.532000 PM
,Download PDF dalla sezione Cedolini,23-OCT-24 10.32.50.930000 AM
,Download PDF dalla sezione Cedolini,25-OCT-24 01.14.04.778000 PM
,Download PDF dalla sezione Cedolini,23-OCT-24 10.31.59.445000 AM
,Dettaglio elenco Cedolini e CU disponibili al download,25-OCT-24 01.48.15.655000 PM
,Download PDF dalla sezione Cedolini,02-OCT-24 10.14.35.581000 AM
,Dettaglio elenco Cedolini e CU disponibili al download,27-OCT-24 11.08.24.283000 PM
,Download PDF dalla sezione Cedolini,25-OCT-24 10.45.17.468000 AM
,Dettaglio elenco Cedolini e CU disponibili al download,25-OCT-24 01.49.36.404000 PM
,Dettaglio elenco Cedolini e CU disponibili al download,25-OCT-24 01.49.23.481000 PM
18431.0,Download PDF dalla sezione Cedolini,25-OCT-24 01.07.11.544000 PM
,Dettaglio elenco Cedolini e CU disponibili al download,25-OCT-24 01.08.32.299000 PM
,Dettaglio elenco Cedolini e CU disponibili al download,25-OCT-24 01.21.58.553000 PM
5678.0,HR/Normal user tries to update the answer,07-OCT-24 10.38.52.490000 AM
16321.0,Normal user update grade for a child,07-OCT-24 10.46.05.429000 AM
13002445.0,Verifica possibilità di accesso a fondo pensione per Scelta Welfare,02-OCT-24 09.54.15.516000 AM
8245.0,Normal user enters the Provvidenza Figli page,07-OCT-24 10.45.20.494000 AM
6057.0,Normal user enters the Provvidenza Figli page,07-OCT-24 11.16.46.489000 AM
5556.0,Normal user enters the Provvidenza Figli page,07-OCT-24 10.49.29.142000 AM
5226.0,HR/Normal user tries to update the answer,07-OCT-24 10.59.02.403000 AM
5828.0,Normal user tries to create new Provvidenza request for a child,07-OCT-24 10.50.19.733000 AM
,Download PDF dalla sezione Cedolini,09-OCT-24 02.18.03.958000 PM
6850.0,HR/Normal user tries to update the answer,03-OCT-24 01.28.04.887000 PM
6057.0,Normal user enters the Provvidenza Figli page,07-OCT-24 11.17.59.971000 AM
7530.0,Normal user tries to create new Provvidenza request for a child,07-OCT-24 11.11.47.313000 AM
7871.0,Download PDF dalla sezione Cedolini,03-OCT-24 09.18.09.520000 AM
13002165.0,Verifica possibilità di accesso a fondo pensione per Scelta Welfare,03-OCT-24 09.25.32.400000 AM
6258.0,Normal user enters the Provvidenza Figli page,03-OCT-24 01.23.40.017000 PM
5639.0,Dettaglio elenco Cedolini e CU disponibili al download,03-OCT-24 02.14.25.529000 PM
,Download PDF dalla sezione Cedolini,25-OCT-24 11.53.18.170000 AM
6238.0,Verifica possibilità di accesso a fondo pensione per Scelta Welfare,25-OCT-24 01.18.42.604000 PM
6850.0,Normal user assign new grade for the child while creating a request,03-OCT-24 01.27.57.803000 PM
13001053.0,Normal user assign new grade for the child while creating a request,03-OCT-24 01.42.55.098000 PM
7487.0,Normal user enters the Provvidenza Figli page,03-OCT-24 01.27.53.584000 PM
7876.0,Normal user tries to create new Provvidenza request for a child,03-OCT-24 01.49.31.500000 PM
6823.0,HR/Normal user tries to update the answer,03-OCT-24 02.28.55.315000 PM
,Download PDF dalla sezione Cedolini,25-OCT-24 01.55.19.158000 PM
7926.0,HR/Normal user tries to update the answer,03-OCT-24 02.36.07.611000 PM
9774.0,Normal user enters the Provvidenza Figli page,03-OCT-24 02.08.21.850000 PM
13002479.0,HR/Normal user tries to update the answer,03-OCT-24 02.18.47.355000 PM
5659.0,Normal user assign new grade for the child while creating a request,03-OCT-24 02.18.50.952000 PM
5775.0,HR/Normal user tries to update the answer,03-OCT-24 02.20.53.189000 PM
7331.0,HR/Normal user tries to update the answer,03-OCT-24 02.05.00.548000 PM
6815.0,Normal user tries to create new Provvidenza request for a child,03-OCT-24 02.25.51.337000 PM
,Download PDF dalla sezione Cedolini,25-OCT-24 11.02.01.993000 AM
6243.0,Normal user assign new grade for the child while creating a request,03-OCT-24 02.10.49.849000 PM
,Dettaglio elenco Cedolini e CU disponibili al download,25-OCT-24 11.20.31.244000 AM
5768.0,Normal user assign new grade for the child while creating a request,04-OCT-24 09.56.57.754000 AM
6076.0,HR/Normal user tries to update the answer,04-OCT-24 10.02.21.651000 AM
5483.0,HR/Normal user tries to update the answer,04-OCT-24 10.01.05.889000 AM
,Download PDF dalla sezione Cedolini,25-OCT-24 11.19.38.488000 AM
7810.0,HR/Normal user tries to update the answer,04-OCT-24 10.18.05.250000 AM
,Download PDF dalla sezione Cedolini,25-OCT-24 10.52.25.169000 AM
5479.0,Download PDF dalla sezione Cedolini,29-OCT-24 04.27.10.181000 PM
7099.0,Normal user update grade for a child,03-OCT-24 01.57.04.380000 PM
7073.0,Normal / HR user updates the answer,04-OCT-24 11.09.16.418000 AM
6076.0,HR/Normal user tries to update the answer,04-OCT-24 10.02.39.780000 AM
7876.0,HR/Normal user tries to update the answer,03-OCT-24 01.50.06.734000 PM
,Dettaglio elenco Cedolini e CU disponibili al download,11-OCT-24 07.04.56.493000 PM
,Dettaglio elenco Cedolini e CU disponibili al download,25-OCT-24 11.31.00.891000 AM
7468.0,HR/Normal user tries to update the answer,04-OCT-24 10.29.53.702000 AM
7234.0,Normal user update grade for a child,04-OCT-24 10.35.29.428000 AM
6049.0,Normal user enters the Provvidenza Figli page,04-OCT-24 10.54.29.290000 AM
7175.0,Normal user enters the Provvidenza Figli page,04-OCT-24 11.15.18.296000 AM
7515.0,Normal user enters the Provvidenza Figli page,04-OCT-24 10.25.25.684000 AM
7515.0,Normal user assign new grade for the child while creating a request,04-OCT-24 10.26.48.414000 AM
5768.0,HR/Normal user tries to update the answer,04-OCT-24 10.02.42.453000 AM
19500.0,Recupero dettagli utente per Scelta orario di lavoro,08-OCT-24 03.25.32.162000 PM
11399.0,HR/Normal user tries to update the answer,03-OCT-24 02.20.53.170000 PM
5657.0,Normal user enters the Provvidenza Figli page,03-OCT-24 02.21.54.014000 PM
8438.0,HR/Normal user tries to update the answer,05-OCT-24 07.33.38.612000 PM
5746.0,Normal user enters the Provvidenza Figli page,04-OCT-24 10.16.59.759000 AM
5241.0,HR/Normal user tries to update the answer,04-OCT-24 10.42.22.701000 AM
13002840.0,HR tried to update grade,08-OCT-24 03.05.37.312000 PM
,Dettaglio elenco Cedolini e CU disponibili al download,04-OCT-24 10.56.30.334000 AM
7175.0,Normal user tries to create new Provvidenza request for a child,04-OCT-24 11.15.25.835000 AM
7175.0,HR/Normal user tries to update the answer,04-OCT-24 11.15.36.791000 AM
,Dettaglio elenco Cedolini e CU disponibili al download,23-OCT-24 09.11.34.660000 AM
7175.0,Normal user enters the Provvidenza Figli page,04-OCT-24 11.16.57.146000 AM
5657.0,Normal user tries to create new Provvidenza request for a child,03-OCT-24 02.20.48.335000 PM
13002840.0,HR/Normal user tries to update the answer,08-OCT-24 03.10.38.436000 PM
13002840.0,Normal / HR user updates the answer,08-OCT-24 03.03.54.034000 PM
7091.0,HR/Normal user tries to update the answer,03-OCT-24 05.17.11.816000 PM
6071.0,Normal user assign new grade for the child while creating a request,03-OCT-24 05.18.03.773000 PM
6071.0,Normal user tries to create new Provvidenza request for a child,03-OCT-24 05.18.03.632000 PM
5448.0,HR/Normal user tries to update the answer,09-OCT-24 08.41.10.584000 AM
,Dettaglio elenco Cedolini e CU disponibili al download,08-OCT-24 11.43.55.789000 AM
16672.0,HR/Normal user tries to update the answer,09-OCT-24 03.26.45.252000 PM
6908.0,Normal user enters the Provvidenza Figli page,29-OCT-24 11.43.56.755000 AM
6422.0,Normal user enters the Provvidenza Figli page,09-OCT-24 04.20.27.607000 PM
,Dettaglio elenco Cedolini e CU disponibili al download,24-OCT-24 04.33.28.263000 PM
6076.0,Dettaglio elenco Cedolini e CU disponibili al download,02-OCT-24 09.16.26.118000 AM
,Dettaglio elenco Cedolini e CU disponibili al download,24-OCT-24 05.11.50.216000 PM
,Dettaglio elenco Cedolini e CU disponibili al download,07-OCT-24 04.53.35.143000 PM
,Download PDF dalla sezione Cedolini,01-OCT-24 06.53.18.380000 PM
,Download PDF dalla sezione Cedolini,24-OCT-24 05.11.53.701000 PM
,Download PDF dalla sezione Cedolini,04-OCT-24 12.39.07.622000 PM
6181.0,Normal user tries to create new Provvidenza request for a child,11-OCT-24 12.23.28.053000 PM
6047.0,HR tried to update grade,10-OCT-24 04.14.42.907000 PM
,Dettaglio elenco Cedolini e CU disponibili al download,28-OCT-24 02.52.20.647000 PM
7312.0,HR/Normal user tries to update the answer,04-OCT-24 08.20.49.731000 AM
5756.0,HR/Normal user tries to update the answer,04-OCT-24 08.19.28.592000 AM
,Download PDF dalla sezione Cedolini,25-OCT-24 08.42.45.795000 AM
18554.0,Download PDF dalla sezione Cedolini,25-OCT-24 09.30.29.366000 AM
6458.0,Normal user enters the Provvidenza Figli page,09-OCT-24 05.02.14.340000 PM
,Download PDF dalla sezione Cedolini,25-OCT-24 08.44.06.363000 AM
6869.0,Normal user assign new grade for the child while creating a request,04-OCT-24 08.08.31.668000 AM
,Download PDF dalla sezione Cedolini,25-OCT-24 09.00.28.514000 AM
,Dettaglio elenco Cedolini e CU disponibili al download,25-OCT-24 09.26.48.291000 AM
,Dettaglio elenco Cedolini e CU disponibili al download,04-OCT-24 09.00.58.494000 AM
7068.0,Dettaglio elenco Cedolini e CU disponibili al download,04-OCT-24 09.00.08.957000 AM
7267.0,HR/Normal user tries to update the answer,04-OCT-24 09.01.21.105000 AM
,Download PDF dalla sezione Cedolini,25-OCT-24 09.18.20.861000 AM
7067.0,Normal user enters the Provvidenza Figli page,04-OCT-24 08.56.23.177000 AM
15452.0,HR/Normal user tries to update the answer,04-OCT-24 08.59.45.795000 AM
6180.0,Normal user assign new grade for the child while creating a request,04-OCT-24 08.56.56.959000 AM
7035.0,HR/Normal user tries to update the answer,08-OCT-24 09.25.52.884000 AM
13000916.0,HR/Normal user tries to update the answer,08-OCT-24 09.49.13.377000 AM
5299.0,Normal user enters the Provvidenza Figli page,04-OCT-24 08.45.49.884000 AM
5982.0,HR/Normal user tries to update the answer,04-OCT-24 08.39.42.413000 AM
13002342.0,HR/Normal user tries to update the answer,04-OCT-24 08.33.04.554000 AM
5299.0,Normal user enters the Provvidenza Figli page,04-OCT-24 08.42.46.714000 AM
5358.0,HR/Normal user tries to update the answer,08-OCT-24 04.16.28.393000 PM
6376.0,HR/Normal user tries to update the answer,04-OCT-24 07.29.47.786000 AM
6376.0,HR/Normal user tries to update the answer,04-OCT-24 07.28.56.122000 AM
13000159.0,HR/Normal user tries to update the answer,04-OCT-24 08.42.46.128000 AM
,Download PDF dalla sezione Cedolini,10-OCT-24 02.42.14.137000 PM
13001668.0,HR/Normal user tries to update the answer,08-OCT-24 09.53.09.920000 AM
7932.0,Normal user enters the Provvidenza Figli page,04-OCT-24 04.02.56.322000 PM
,Dettaglio elenco Cedolini e CU disponibili al download,26-OCT-24 11.04.52.378000 AM
6881.0,Normal user enters the Provvidenza Figli page,03-OCT-24 01.55.43.682000 PM
7616.0,HR/Normal user tries to update the answer,04-OCT-24 02.19.48.334000 PM
6736.0,HR tried to update grade,03-OCT-24 02.07.43.158000 PM
7262.0,HR/Normal user tries to update the answer,04-OCT-24 02.42.39.931000 PM
9208.0,Normal user enters the Provvidenza Figli page,03-OCT-24 02.46.20.551000 PM
6578.0,Normal user assign new grade for the child while creating a request,03-OCT-24 02.12.54.236000 PM
6246.0,Dettaglio elenco Cedolini e CU disponibili al download,03-OCT-24 01.58.43.961000 PM
,Dettaglio elenco Cedolini e CU disponibili al download,10-OCT-24 12.23.14.871000 PM
7869.0,Normal user enters the Provvidenza Figli page,03-OCT-24 02.53.58.053000 PM
9543.0,Recupero dettagli utente per Scelta orario di lavoro,03-OCT-24 01.43.46.290000 PM
13002831.0,Normal user enters the Provvidenza Figli page,04-OCT-24 09.15.02.778000 AM
5753.0,HR/Normal user tries to update the answer,03-OCT-24 02.11.08.459000 PM
6080.0,HR/Normal user tries to update the answer,03-OCT-24 02.32.27.044000 PM
,Dettaglio elenco Cedolini e CU disponibili al download,28-OCT-24 03.22.06.712000 PM
7869.0,Normal user assign new grade for the child while creating a request,03-OCT-24 02.51.03.899000 PM
6527.0,Normal user assign new grade for the child while creating a request,03-OCT-24 02.10.06.545000 PM
6677.0,Normal user enters the Provvidenza Figli page,04-OCT-24 09.09.23.764000 AM
5987.0,HR/Normal user tries to update the answer,04-OCT-24 09.01.27.871000 AM
7595.0,HR/Normal user tries to update the answer,03-OCT-24 02.15.04.790000 PM
16672.0,Normal user enters the Provvidenza Figli page,09-OCT-24 03.23.43.021000 PM
17648.0,HR/Normal user tries to update the answer,03-OCT-24 02.03.34.890000 PM
7900.0,HR/Normal user tries to update the answer,14-OCT-24 03.07.50.125000 PM
6093.0,Normal user assign new grade for the child while creating a request,04-OCT-24 09.17.19.691000 AM
6677.0,Normal user enters the Provvidenza Figli page,04-OCT-24 09.07.24.833000 AM
,Download PDF dalla sezione Cedolini,28-OCT-24 01.44.15.499000 PM
6680.0,HR/Normal user tries to update the answer,04-OCT-24 09.50.34.308000 AM
5556.0,Normal user enters the Provvidenza Figli page,07-OCT-24 10.48.08.115000 AM
6745.0,Normal user enters the Provvidenza Figli page,03-OCT-24 08.16.22.055000 PM
7530.0,HR/Normal user tries to update the answer,07-OCT-24 11.11.09.473000 AM
,Download PDF dalla sezione Cedolini,07-OCT-24 11.11.21.333000 AM
5459.0,HR/Normal user tries to update the answer,07-OCT-24 11.25.47.602000 AM
,Dettaglio elenco Cedolini e CU disponibili al download,17-OCT-24 09.45.23.692000 AM
13002723.0,Verifica possibilità di accesso a fondo pensione per Scelta Welfare,10-OCT-24 01.58.46.027000 PM
,Dettaglio elenco Cedolini e CU disponibili al download,28-OCT-24 08.51.47.354000 PM
5878.0,HR/Normal user tries to update the answer,17-OCT-24 10.24.53.187000 AM
,Dettaglio elenco Cedolini e CU disponibili al download,29-OCT-24 10.09.01.037000 AM
6130.0,Dettaglio elenco Cedolini e CU disponibili al download,08-OCT-24 11.42.22.300000 AM
5811.0,HR/Normal user tries to update the answer,07-OCT-24 08.42.54.689000 AM
6979.0,Normal user enters the Provvidenza Figli page,07-OCT-24 12.55.26.861000 PM
,Download PDF dalla sezione Cedolini,25-OCT-24 05.01.29.336000 PM
6325.0,Recupero dettagliutente per Scelta Welfare,29-OCT-24 09.28.03.980000 AM
,Dettaglio elenco Cedolini e CU disponibili al download,25-OCT-24 11.08.13.766000 AM
6146.0,HR/Normal user tries to update the answer,05-OCT-24 05.28.37.284000 PM
7012.0,HR/Normal user tries to update the answer,04-OCT-24 01.27.45.781000 PM
,Download PDF dalla sezione Cedolini,25-OCT-24 10.59.42.304000 AM
,Download PDF dalla sezione Cedolini,23-OCT-24 10.33.01.862000 AM
5848.0,Normal user enters the Provvidenza Figli page,04-OCT-24 01.37.11.761000 PM
8195.0,Dettaglio elenco Cedolini e CU disponibili al download,25-OCT-24 11.08.39.411000 AM
,Download PDF dalla sezione Cedolini,23-OCT-24 10.32.13.585000 AM
,Dettaglio elenco Cedolini e CU disponibili al download,25-OCT-24 12.51.22.540000 PM
6057.0,Normal user enters the Provvidenza Figli page,07-OCT-24 11.18.15.438000 AM
5226.0,HR/Normal user tries to update the answer,07-OCT-24 10.58.59.236000 AM
15738.0,Recupero dettagliutente per Scelta Welfare,15-OCT-24 03.28.25.783000 PM
5954.0,Dettaglio elenco Cedolini e CU disponibili al download,01-OCT-24 08.19.36.343000 AM
16786.0,Download PDF dalla sezione Cedolini,25-OCT-24 11.23.48.878000 AM
6057.0,Normal user update grade for a child,07-OCT-24 11.17.17.095000 AM
,Download PDF dalla sezione Cedolini,25-OCT-24 11.27.48.986000 AM
5241.0,Normal user assign new grade for the child while creating a request,04-OCT-24 10.41.31.092000 AM
,Dettaglio elenco Cedolini e CU disponibili al download,25-OCT-24 11.18.52.859000 AM
5297.0,Verifica possibilità di accesso a fondo pensione per Scelta Welfare,25-OCT-24 11.10.23.389000 AM
,Dettaglio elenco Cedolini e CU disponibili al download,03-OCT-24 10.39.17.593000 AM
,Dettaglio elenco Cedolini e CU disponibili al download,31-OCT-24 08.40.14.772000 AM
5948.0,HR tried to update grade,08-OCT-24 01.48.34.792000 PM
17167.0,Recupero dettagli utente per Scelta orario di lavoro,01-OCT-24 04.48.38.163000 PM
9901.0,Normal user enters the Provvidenza Figli page,01-OCT-24 04.49.07.720000 PM
6199.0,HR user enters  the Exception users configuration page,03-OCT-24 10.44.01.811000 AM
5948.0,HR/Normal user tries to update the answer,08-OCT-24 01.49.09.829000 PM
13002840.0,Normal user enters the Provvidenza Figli page,08-OCT-24 02.59.54.128000 PM
6076.0,Download PDF dalla sezione Cedolini,31-OCT-24 09.47.45.132000 AM
5621.0,Normal / HR user updates the answer,30-OCT-24 03.26.08.536000 PM
5365.0,Normal user tries to create new Provvidenza request for a child,08-OCT-24 01.49.25.221000 PM
,Download PDF dalla sezione Cedolini,25-OCT-24 10.25.38.680000 AM
5463.0,Normal user assign new grade for the child while creating a request,03-OCT-24 10.48.09.305000 AM
5859.0,HR/Normal user tries to update the answer,03-OCT-24 10.49.31.964000 AM
6560.0,HR/Normal user tries to update the answer,03-OCT-24 01.15.30.958000 PM
,Download PDF dalla sezione Cedolini,25-OCT-24 10.46.44.135000 AM
6109.0,HR/Normal user tries to update the answer,03-OCT-24 01.21.12.199000 PM
15870.0,Normal user enters the Provvidenza Figli page,03-OCT-24 01.18.00.762000 PM
13000939.0,Recupero dettagli utente per Scelta orario di lavoro,01-OCT-24 04.12.54.281000 PM
14669.0,HR/Normal user tries to update the answer,03-OCT-24 01.21.13.898000 PM
,Download PDF dalla sezione Cedolini,30-OCT-24 03.03.42.795000 PM
6258.0,HR/Normal user tries to update the answer,03-OCT-24 01.22.11.835000 PM
,Download PDF dalla sezione Cedolini,25-OCT-24 10.12.32.410000 AM
,Download PDF dalla sezione Cedolini,30-OCT-24 09.41.55.432000 AM
6723.0,Normal user tries to create new Provvidenza request for a child,26-OCT-24 10.35.43.408000 AM
6360.0,HR/Normal user tries to update the answer,03-OCT-24 01.19.29.837000 PM
6088.0,HR/Normal user tries to update the answer,03-OCT-24 01.18.23.803000 PM
,Dettaglio elenco Cedolini e CU disponibili al download,08-OCT-24 12.31.55.116000 PM
,Dettaglio elenco Cedolini e CU disponibili al download,25-OCT-24 10.40.03.960000 AM
,Dettaglio elenco Cedolini e CU disponibili al download,28-OCT-24 12.48.17.212000 AM
,Download PDF dalla sezione Cedolini,10-OCT-24 09.07.29.090000 AM
6482.0,Normal user enters the Provvidenza Figli page,10-OCT-24 08.50.23.886000 AM
7314.0,HR/Normal user tries to update the answer,10-OCT-24 08.52.40.325000 AM
6482.0,Normal user enters the Provvidenza Figli page,10-OCT-24 08.50.05.114000 AM
7314.0,HR tried to update grade,10-OCT-24 08.52.36.190000 AM
,Dettaglio elenco Cedolini e CU disponibili al download,26-OCT-24 07.51.46.563000 AM
13000173.0,Download PDF dalla sezione Cedolini,10-OCT-24 08.43.19.147000 AM
5721.0,HR/Normal user tries to update the answer,03-OCT-24 01.22.03.962000 PM
6195.0,HR/Normal user tries to update the answer,03-OCT-24 01.22.05.104000 PM
7263.0,HR/Normal user tries to update the answer,03-OCT-24 01.21.50.915000 PM
7036.0,HR/Normal user tries to update the answer,03-OCT-24 01.19.14.313000 PM
6132.0,Normal user tries to create new Provvidenza request for a child,03-OCT-24 01.20.47.284000 PM
,Download PDF dalla sezione Cedolini,25-OCT-24 10.36.15.305000 AM
17394.0,Normal user tries to create new Provvidenza request for a child,03-OCT-24 01.16.19.100000 PM
,Dettaglio elenco Cedolini e CU disponibili al download,25-OCT-24 10.34.00.300000 AM
17720.0,Normal user tries to create new Provvidenza request for a child,03-OCT-24 01.19.33.588000 PM
,Download PDF dalla sezione Cedolini,18-OCT-24 09.23.29.023000 AM
17394.0,Normal user enters the Provvidenza Figli page,03-OCT-24 01.16.58.336000 PM
8410.0,HR/Normal user tries to update the answer,03-OCT-24 01.18.36.982000 PM
6556.0,Normal / HR user updates the answer,03-OCT-24 01.17.19.200000 PM
,Dettaglio elenco Cedolini e CU disponibili al download,25-OCT-24 10.22.19.052000 AM
7961.0,HR/Normal user tries to update the answer,03-OCT-24 01.17.03.332000 PM
5895.0,HR/Normal user tries to update the answer,03-OCT-24 01.20.38.905000 PM
,Download PDF dalla sezione Cedolini,25-OCT-24 10.28.19.453000 AM
6224.0,HR/Normal user tries to update the answer,03-OCT-24 01.14.22.540000 PM
6802.0,Normal user enters the Provvidenza Figli page,03-OCT-24 01.18.47.200000 PM
6669.0,HR/Normal user tries to update the answer,03-OCT-24 01.19.38.332000 PM
9359.0,Normal user tries to create new Provvidenza request for a child,03-OCT-24 01.19.35.687000 PM
7906.0,Normal user assign new grade for the child while creating a request,03-OCT-24 01.18.48.293000 PM
7629.0,HR/Normal user tries to update the answer,03-OCT-24 01.16.46.608000 PM
7386.0,Normal / HR user updates the answer,03-OCT-24 01.21.10.490000 PM
6867.0,HR/Normal user tries to update the answer,03-OCT-24 01.19.35.029000 PM
7296.0,Normal user assign new grade for the child while creating a request,03-OCT-24 01.15.38.670000 PM
5130.0,Normal user assign new grade for the child while creating a request,03-OCT-24 01.20.10.196000 PM
6067.0,Normal user assign new grade for the child while creating a request,03-OCT-24 01.20.35.095000 PM
5462.0,Normal / HR user updates the answer,03-OCT-24 01.18.24.872000 PM
9359.0,Download PDF dalla sezione Cedolini,03-OCT-24 01.20.25.064000 PM
5666.0,Normal user update grade for a child,03-OCT-24 01.16.29.729000 PM
7961.0,Normal user enters the Provvidenza Figli page,03-OCT-24 01.17.36.164000 PM
6013.0,Normal user enters the Provvidenza Figli page,03-OCT-24 01.20.32.380000 PM
7182.0,HR/Normal user tries to update the answer,08-OCT-24 12.32.09.354000 PM
16895.0,Normal user assign new grade for the child while creating a request,03-OCT-24 01.21.27.992000 PM
7458.0,Normal user enters the Provvidenza Figli page,03-OCT-24 01.22.02.149000 PM
13001627.0,HR/Normal user tries to update the answer,03-OCT-24 01.20.34.409000 PM
5666.0,HR/Normal user tries to update the answer,03-OCT-24 01.16.46.290000 PM
5993.0,HR/Normal user tries to update the answer,03-OCT-24 01.18.51.918000 PM
,Download PDF dalla sezione Cedolini,29-OCT-24 04.15.29.092000 PM
6894.0,HR/Normal user tries to update the answer,03-OCT-24 01.17.27.366000 PM
6035.0,HR/Normal user tries to update the answer,03-OCT-24 01.18.37.911000 PM
7386.0,Normal user enters the Provvidenza Figli page,03-OCT-24 01.20.30.477000 PM
,Dettaglio elenco Cedolini e CU disponibili al download,25-OCT-24 10.28.13.248000 AM
,Dettaglio elenco Cedolini e CU disponibili al download,14-OCT-24 02.37.52.916000 PM
6560.0,HR/Normal user tries to update the answer,03-OCT-24 01.15.37.945000 PM
6360.0,HR/Normal user tries to update the answer,03-OCT-24 01.19.50.259000 PM
7486.0,Normal user update grade for a child,03-OCT-24 01.20.23.630000 PM
13002935.0,Recupero dettagli utente per Scelta orario di lavoro,30-OCT-24 09.44.40.032000 AM
8309.0,Normal user assign new grade for the child while creating a request,03-OCT-24 01.15.00.429000 PM
7707.0,Normal user assign new grade for the child while creating a request,03-OCT-24 01.21.01.107000 PM
5863.0,HR/Normal user tries to update the answer,03-OCT-24 01.15.00.944000 PM
8023.0,HR/Normal user tries to update the answer,03-OCT-24 01.18.17.067000 PM
17720.0,HR/Normal user tries to update the answer,03-OCT-24 01.19.57.092000 PM
7232.0,HR/Normal user tries to update the answer,03-OCT-24 01.15.56.660000 PM
17324.0,Recupero dettagliutente per Scelta Welfare,30-OCT-24 10.11.43.687000 AM
6556.0,HR/Normal user tries to update the answer,03-OCT-24 01.17.33.501000 PM
7232.0,Normal / HR user updates the answer,03-OCT-24 01.15.57.859000 PM
6915.0,HR tried to update grade,03-OCT-24 01.16.18.544000 PM
5761.0,HR/Normal user tries to update the answer,03-OCT-24 01.18.07.285000 PM
6132.0,Normal user tries to create new Provvidenza request for a child,03-OCT-24 01.20.09.103000 PM
6195.0,Normal user enters the Provvidenza Figli page,03-OCT-24 01.20.24.524000 PM
7636.0,Normal user enters the Provvidenza Figli page,03-OCT-24 01.20.28.219000 PM
5721.0,HR/Normal user tries to update the answer,03-OCT-24 01.21.16.894000 PM
6556.0,Normal user enters the Provvidenza Figli page,03-OCT-24 01.20.12.628000 PM
7813.0,HR/Normal user tries to update the answer,03-OCT-24 01.16.43.165000 PM
7629.0,HR/Normal user tries to update the answer,03-OCT-24 01.16.43.699000 PM
6894.0,HR/Normal user tries to update the answer,03-OCT-24 01.17.17.087000 PM
7458.0,HR/Normal user tries to update the answer,03-OCT-24 01.22.17.178000 PM
,Download PDF dalla sezione Cedolini,24-OCT-24 11.52.34.127000 AM
7629.0,HR/Normal user tries to update the answer,03-OCT-24 01.17.04.322000 PM
,Dettaglio elenco Cedolini e CU disponibili al download,30-OCT-24 10.16.43.731000 AM
7486.0,HR/Normal user tries to update the answer,03-OCT-24 01.16.05.967000 PM
,Dettaglio elenco Cedolini e CU disponibili al download,02-OCT-24 11.29.20.623000 PM
5575.0,Dettaglio elenco Cedolini e CU disponibili al download,29-OCT-24 02.54.32.685000 PM
,Dettaglio elenco Cedolini e CU disponibili al download,24-OCT-24 02.44.01.922000 PM
,Dettaglio elenco Cedolini e CU disponibili al download,30-OCT-24 10.13.28.204000 AM
,Dettaglio elenco Cedolini e CU disponibili al download,24-OCT-24 03.30.55.645000 PM
6745.0,HR/Normal user tries to update the answer,03-OCT-24 08.16.06.788000 PM
,Dettaglio elenco Cedolini e CU disponibili al download,24-OCT-24 03.41.16.085000 PM
9240.0,Verifica possibilità di accesso a fondo pensione per Scelta Welfare,01-OCT-24 02.51.08.930000 PM
,Download PDF dalla sezione Cedolini,25-OCT-24 10.07.02.006000 AM
6199.0,HR user enters  the Exception users configuration page,03-OCT-24 10.43.36.793000 AM
,Dettaglio elenco Cedolini e CU disponibili al download,24-OCT-24 03.58.36.009000 PM
,Dettaglio elenco Cedolini e CU disponibili al download,25-OCT-24 10.27.31.015000 AM
,Dettaglio elenco Cedolini e CU disponibili al download,01-OCT-24 03.41.11.525000 PM
6109.0,Dettaglio elenco Cedolini e CU disponibili al download,03-OCT-24 01.22.11.584000 PM
,Download PDF dalla sezione Cedolini,01-OCT-24 03.41.12.946000 PM
,Dettaglio elenco Cedolini e CU disponibili al download,18-OCT-24 10.00.43.831000 AM
6484.0,Normal user enters the Provvidenza Figli page,08-OCT-24 08.12.39.013000 PM
,Download PDF dalla sezione Cedolini,29-OCT-24 04.04.12.997000 PM
8263.0,Normal user enters the Provvidenza Figli page,03-OCT-24 01.20.10.782000 PM
5993.0,Normal user enters the Provvidenza Figli page,03-OCT-24 01.20.00.385000 PM
,Download PDF dalla sezione Cedolini,25-OCT-24 10.29.00.939000 AM
9473.0,Normal user update grade for a child,03-OCT-24 01.19.58.266000 PM
5130.0,Normal user enters the Provvidenza Figli page,03-OCT-24 01.21.04.536000 PM
13000322.0,Verifica possibilità di accesso a fondo pensione per Scelta Welfare,25-OCT-24 03.41.32.144000 PM
5993.0,Normal user assign new grade for the child while creating a request,03-OCT-24 01.18.42.672000 PM
6556.0,Normal user assign new grade for the child while creating a request,03-OCT-24 01.18.24.488000 PM
7742.0,Normal user enters the Provvidenza Figli page,03-OCT-24 01.22.04.706000 PM
7264.0,Dettaglio elenco Cedolini e CU disponibili al download,03-OCT-24 01.17.43.811000 PM
6894.0,HR/Normal user tries to update the answer,03-OCT-24 01.17.29.467000 PM
6132.0,HR/Normal user tries to update the answer,03-OCT-24 01.20.28.554000 PM
5463.0,HR/Normal user tries to update the answer,03-OCT-24 10.48.46.940000 AM
8108.0,Normal user enters the Provvidenza Figli page,03-OCT-24 01.18.40.224000 PM
7486.0,Normal user enters the Provvidenza Figli page,03-OCT-24 01.16.23.516000 PM
7182.0,HR/Normal user tries to update the answer,08-OCT-24 12.31.52.110000 PM
19449.0,Download PDF dalla sezione Cedolini,25-OCT-24 02.19.59.550000 PM
6556.0,Normal user tries to create new Provvidenza request for a child,03-OCT-24 01.16.42.727000 PM
6802.0,Normal user assign new grade for the child while creating a request,03-OCT-24 01.19.13.682000 PM
7151.0,HR/Normal user tries to update the answer,03-OCT-24 01.19.00.535000 PM
6008.0,Normal user tries to create new Provvidenza request for a child,03-OCT-24 01.17.19.416000 PM
,Download PDF dalla sezione Cedolini,25-OCT-24 02.25.56.836000 PM
,Download PDF dalla sezione Cedolini,28-OCT-24 10.06.22.565000 AM
,Dettaglio elenco Cedolini e CU disponibili al download,08-OCT-24 12.49.35.112000 PM
6186.0,HR/Normal user tries to update the answer,11-OCT-24 09.53.47.866000 AM
,Download PDF dalla sezione Cedolini,25-OCT-24 02.34.57.887000 PM
7311.0,Normal user enters the Provvidenza Figli page,03-OCT-24 07.12.00.632000 PM
,Download PDF dalla sezione Cedolini,25-OCT-24 02.36.10.312000 PM
,Dettaglio elenco Cedolini e CU disponibili al download,25-OCT-24 02.49.28.389000 PM
,Dettaglio elenco Cedolini e CU disponibili al download,11-OCT-24 10.15.03.430000 AM
,Download PDF dalla sezione Cedolini,25-OCT-24 02.57.19.565000 PM
,Download PDF dalla sezione Cedolini,11-OCT-24 09.31.46.504000 AM
,Download PDF dalla sezione Cedolini,25-OCT-24 02.49.30.677000 PM
,Download PDF dalla sezione Cedolini,02-OCT-24 11.40.52.468000 AM
5434.0,Normal user assign new grade for the child while creating a request,11-OCT-24 10.24.10.534000 AM
,Download PDF dalla sezione Cedolini,27-OCT-24 06.20.10.682000 PM
,Download PDF dalla sezione Cedolini,27-OCT-24 08.16.05.307000 AM
,Dettaglio elenco Cedolini e CU disponibili al download,17-OCT-24 05.07.41.036000 PM
,Dettaglio elenco Cedolini e CU disponibili al download,11-OCT-24 02.26.58.423000 PM
6199.0,HR user Download the data as excel to Preview,17-OCT-24 04.39.15.341000 PM
8370.0,Normal user enters the Provvidenza Figli page,21-OCT-24 12.59.03.113000 PM
13002070.0,Verifica possibilità di accesso a fondo pensione per Scelta Welfare,11-OCT-24 11.18.25.850000 PM
8969.0,Normal user assign new grade for the child while creating a request,04-OCT-24 06.19.55.476000 PM
5516.0,Normal user tries to create new Provvidenza request for a child,11-OCT-24 08.30.37.744000 PM
13002926.0,Recupero dettagliutente per Scelta Welfare,02-OCT-24 12.08.04.213000 PM
5771.0,HR tried to update grade,04-OCT-24 06.39.09.847000 PM
,Download PDF dalla sezione Cedolini,27-OCT-24 04.35.19.732000 PM
,Download PDF dalla sezione Cedolini,27-OCT-24 08.50.49.139000 AM
5516.0,Normal user assign new grade for the child while creating a request,11-OCT-24 08.30.37.951000 PM
,Download PDF dalla sezione Cedolini,27-OCT-24 09.48.16.580000 AM
,Download PDF dalla sezione Cedolini,01-OCT-24 09.14.01.206000 AM
6118.0,Normal user enters the Provvidenza Figli page,08-OCT-24 07.14.44.901000 PM
6163.0,HR/Normal user tries to update the answer,04-OCT-24 06.51.09.282000 PM
13000144.0,Recupero dettagli utente per Scelta orario di lavoro,07-OCT-24 01.17.49.569000 PM
8969.0,HR/Normal user tries to update the answer,04-OCT-24 06.18.42.051000 PM
5771.0,Normal user enters the Provvidenza Figli page,04-OCT-24 06.38.40.062000 PM
,Download PDF dalla sezione Cedolini,23-OCT-24 12.51.28.145000 PM
16792.0,Verifica possibilità di accesso a fondo pensione per Scelta Welfare,31-OCT-24 12.12.57.534000 PM
,Download PDF dalla sezione Cedolini,16-OCT-24 03.36.54.940000 PM
16330.0,Recupero dettagliutente per Scelta Welfare,31-OCT-24 02.40.17.364000 PM
,Dettaglio elenco Cedolini e CU disponibili al download,07-OCT-24 06.22.29.036000 PM
,Dettaglio elenco Cedolini e CU disponibili al download,16-OCT-24 03.25.12.351000 PM
,Dettaglio elenco Cedolini e CU disponibili al download,07-OCT-24 05.15.13.459000 PM
,Dettaglio elenco Cedolini e CU disponibili al download,24-OCT-24 09.51.27.793000 AM
,Dettaglio elenco Cedolini e CU disponibili al download,31-OCT-24 02.31.48.674000 PM
5622.0,HR/Normal user tries to update the answer,17-OCT-24 08.12.39.458000 AM
,Download PDF dalla sezione Cedolini,07-OCT-24 02.28.25.308000 PM
,Download PDF dalla sezione Cedolini,25-OCT-24 12.56.39.704000 PM
,Download PDF dalla sezione Cedolini,25-OCT-24 01.38.13.215000 PM
13001738.0,HR/Normal user tries to update the answer,07-OCT-24 01.58.43.810000 PM
,Dettaglio elenco Cedolini e CU disponibili al download,03-OCT-24 10.30.28.668000 PM
,Download PDF dalla sezione Cedolini,07-OCT-24 02.28.22.535000 PM
,Dettaglio elenco Cedolini e CU disponibili al download,31-OCT-24 12.26.17.389000 PM
6420.0,Normal user tries to create new Provvidenza request for a child,07-OCT-24 05.18.15.161000 PM
5662.0,Dettaglio elenco Cedolini e CU disponibili al download,03-OCT-24 09.47.47.008000 PM
5972.0,HR/Normal user tries to update the answer,03-OCT-24 09.54.06.857000 PM
,Download PDF dalla sezione Cedolini,31-OCT-24 02.40.12.273000 PM
,Dettaglio elenco Cedolini e CU disponibili al download,11-OCT-24 12.33.13.680000 PM
15798.0,Dettaglio elenco Cedolini e CU disponibili al download,11-OCT-24 12.33.17.886000 PM
,Dettaglio elenco Cedolini e CU disponibili al download,25-OCT-24 12.52.45.008000 PM
13001109.0,Normal / HR user updates the answer,03-OCT-24 10.12.55.511000 PM
,Download PDF dalla sezione Cedolini,28-OCT-24 10.46.44.379000 AM
,Dettaglio elenco Cedolini e CU disponibili al download,25-OCT-24 01.48.28.539000 PM
,Download PDF dalla sezione Cedolini,25-OCT-24 01.50.14.419000 PM
6003.0,HR/Normal user tries to update the answer,03-OCT-24 10.44.12.726000 PM
,Dettaglio elenco Cedolini e CU disponibili al download,31-OCT-24 02.51.34.028000 PM
6420.0,Normal / HR user updates the answer,07-OCT-24 05.19.27.131000 PM
,Download PDF dalla sezione Cedolini,25-OCT-24 01.49.47.433000 PM
5622.0,Normal user enters the Provvidenza Figli page,17-OCT-24 08.12.34.115000 AM
13002119.0,Verifica possibilità di accesso a fondo pensione per Scelta Welfare,07-OCT-24 06.19.10.185000 PM
,Download PDF dalla sezione Cedolini,25-OCT-24 03.08.36.648000 PM
,Dettaglio elenco Cedolini e CU disponibili al download,24-OCT-24 04.01.35.521000 PM
,Dettaglio elenco Cedolini e CU disponibili al download,24-OCT-24 03.57.28.374000 PM
,Download PDF dalla sezione Cedolini,31-OCT-24 04.11.28.938000 PM
,Download PDF dalla sezione Cedolini,07-OCT-24 04.08.40.458000 PM
,Download PDF dalla sezione Cedolini,25-OCT-24 01.55.04.462000 PM
15798.0,Download PDF dalla sezione Cedolini,11-OCT-24 12.33.19.527000 PM
,Download PDF dalla sezione Cedolini,03-OCT-24 09.37.32.183000 PM
6010.0,HR/Normal user tries to update the answer,07-OCT-24 03.40.54.958000 PM
,Dettaglio elenco Cedolini e CU disponibili al download,25-OCT-24 01.48.31.598000 PM
6010.0,HR/Normal user tries to update the answer,07-OCT-24 03.40.40.336000 PM
5502.0,HR/Normal user tries to update the answer,07-OCT-24 03.30.00.524000 PM
5272.0,Normal user enters the Provvidenza Figli page,07-OCT-24 04.21.43.141000 PM
,Dettaglio elenco Cedolini e CU disponibili al download,31-OCT-24 04.15.59.181000 PM
,Dettaglio elenco Cedolini e CU disponibili al download,24-OCT-24 10.51.01.858000 AM
,Dettaglio elenco Cedolini e CU disponibili al download,07-OCT-24 03.20.41.287000 PM
5979.0,HR/Normal user tries to update the answer,03-OCT-24 06.02.26.149000 PM
13000782.0,Recupero dettagli utente per Scelta orario di lavoro,25-OCT-24 12.03.40.336000 AM
9545.0,Normal user assign new grade for the child while creating a request,03-OCT-24 06.09.33.484000 PM
6551.0,HR/Normal user tries to update the answer,03-OCT-24 06.01.00.640000 PM
6010.0,Normal user assign new grade for the child while creating a request,07-OCT-24 03.40.17.018000 PM
8259.0,HR/Normal user tries to update the answer,04-OCT-24 11.33.23.099000 AM
7513.0,Normal user enters the Provvidenza Figli page,04-OCT-24 11.39.49.176000 AM
17188.0,Normal user enters the Provvidenza Figli page,04-OCT-24 11.37.53.512000 AM
17521.0,Verifica possibilità di accesso a fondo pensione per Scelta Welfare,24-OCT-24 04.51.20.035000 PM
6181.0,HR/Normal user tries to update the answer,11-OCT-24 12.24.05.761000 PM
13002442.0,Verifica possibilità di accesso a fondo pensione per Scelta Welfare,24-OCT-24 10.40.01.095000 AM
6010.0,Normal user enters the Provvidenza Figli page,07-OCT-24 03.41.48.048000 PM
,Download PDF dalla sezione Cedolini,30-OCT-24 05.20.31.593000 PM
,Dettaglio elenco Cedolini e CU disponibili al download,24-OCT-24 09.54.13.715000 AM
,Dettaglio elenco Cedolini e CU disponibili al download,04-OCT-24 11.47.34.591000 AM
,Dettaglio elenco Cedolini e CU disponibili al download,24-OCT-24 01.26.24.809000 PM
5925.0,Normal user enters the Provvidenza Figli page,09-OCT-24 06.18.36.663000 PM
,Dettaglio elenco Cedolini e CU disponibili al download,07-OCT-24 03.20.45.775000 PM
,Download PDF dalla sezione Cedolini,01-OCT-24 09.42.01.324000 AM
5502.0,HR/Normal user tries to update the answer,07-OCT-24 03.30.12.095000 PM
5613.0,HR tried to update grade,04-OCT-24 12.26.15.610000 PM
7066.0,Normal user enters the Provvidenza Figli page,06-OCT-24 04.08.52.528000 PM
7801.0,HR/Normal user tries to update the answer,04-OCT-24 11.36.01.219000 AM
5925.0,Normal user update grade for a child,09-OCT-24 06.20.46.915000 PM
5139.0,Normal user tries to create new Provvidenza request for a child,04-OCT-24 11.20.11.002000 AM
13001727.0,Normal user enters the Provvidenza Figli page,04-OCT-24 11.35.11.696000 AM
8259.0,Normal user enters the Provvidenza Figli page,04-OCT-24 11.30.55.574000 AM
13001060.0,Normal user assign new grade for the child while creating a request,04-OCT-24 04.07.49.967000 PM
7932.0,HR/Normal user tries to update the answer,04-OCT-24 04.03.30.509000 PM
5188.0,HR/Normal user tries to update the answer,04-OCT-24 04.50.09.823000 PM
,Dettaglio elenco Cedolini e CU disponibili al download,24-OCT-24 01.35.53.282000 PM
13001081.0,HR tried to update grade,04-OCT-24 12.00.57.743000 PM
5495.0,HR/Normal user tries to update the answer,04-OCT-24 12.29.08.212000 PM
,Dettaglio elenco Cedolini e CU disponibili al download,07-OCT-24 02.37.38.738000 PM
5262.0,Normal user tries to create new Provvidenza request for a child,04-OCT-24 04.17.03.547000 PM
14621.0,Normal user enters the Provvidenza Figli page,04-OCT-24 12.32.18.470000 PM
,Dettaglio elenco Cedolini e CU disponibili al download,30-OCT-24 05.20.29.269000 PM
,Dettaglio elenco Cedolini e CU disponibili al download,07-OCT-24 03.35.06.216000 PM
14621.0,HR/Normal user tries to update the answer,04-OCT-24 12.31.07.682000 PM
14621.0,Normal user enters the Provvidenza Figli page,04-OCT-24 12.29.24.495000 PM
6843.0,Normal user tries to create new Provvidenza request for a child,04-OCT-24 12.20.59.852000 PM
13002972.0,Recupero dettagli utente per invio adesione Fondo Nazionale,23-OCT-24 09.05.17.676000 AM
7932.0,HR/Normal user tries to update the answer,04-OCT-24 04.03.28.539000 PM
17709.0,Download PDF dalla sezione Cedolini,01-OCT-24 10.34.44.032000 AM
,Download PDF dalla sezione Cedolini,09-OCT-24 06.52.35.877000 PM
5980.0,HR/Normal user tries to update the answer,04-OCT-24 04.10.44.995000 PM
5980.0,HR/Normal user tries to update the answer,04-OCT-24 04.11.24.615000 PM
7932.0,HR/Normal user tries to update the answer,04-OCT-24 04.00.59.425000 PM
,Download PDF dalla sezione Cedolini,27-OCT-24 08.46.27.894000 AM
13002682.0,Recupero dettagliutente per Scelta Welfare,03-OCT-24 11.17.19.673000 AM
,Download PDF dalla sezione Cedolini,27-OCT-24 06.19.12.720000 PM
13001060.0,HR/Normal user tries to update the answer,04-OCT-24 04.08.09.831000 PM
6764.0,Normal user enters the Provvidenza Figli page,04-OCT-24 12.09.43.180000 PM
6258.0,Verifica possibilità di accesso a fondo pensione per Scelta Welfare,03-OCT-24 11.37.42.677000 AM
5980.0,Normal user tries to create new Provvidenza request for a child,04-OCT-24 04.10.35.411000 PM
7941.0,HR/Normal user tries to update the answer,04-OCT-24 05.01.44.010000 PM
5738.0,Normal user assign new grade for the child while creating a request,04-OCT-24 04.29.47.270000 PM
,Download PDF dalla sezione Cedolini,04-OCT-24 04.46.35.720000 PM
,Dettaglio elenco Cedolini e CU disponibili al download,01-OCT-24 01.04.36.567000 PM
,Dettaglio elenco Cedolini e CU disponibili al download,24-OCT-24 12.40.29.269000 PM
,Dettaglio elenco Cedolini e CU disponibili al download,23-OCT-24 09.04.49.625000 AM
8059.0,Dettaglio elenco Cedolini e CU disponibili al download,24-OCT-24 12.39.43.682000 PM
,Dettaglio elenco Cedolini e CU disponibili al download,25-OCT-24 04.05.49.812000 PM
9881.0,HR/Normal user tries to update the answer,03-OCT-24 02.58.24.713000 PM
13002973.0,Recupero dettagliutente per Scelta Welfare,17-OCT-24 05.32.52.300000 PM
17098.0,Normal user assign new grade for the child while creating a request,03-OCT-24 03.04.00.811000 PM
,Dettaglio elenco Cedolini e CU disponibili al download,25-OCT-24 04.22.03.079000 PM
7803.0,HR/Normal user tries to update the answer,03-OCT-24 03.13.57.936000 PM
6788.0,HR/Normal user tries to update the answer,03-OCT-24 03.05.29.859000 PM
7652.0,Normal user assign new grade for the child while creating a request,03-OCT-24 02.59.46.405000 PM
9238.0,HR/Normal user tries to update the answer,03-OCT-24 03.56.59.159000 PM
,Dettaglio elenco Cedolini e CU disponibili al download,03-OCT-24 03.13.31.510000 PM
6793.0,Normal user assign new grade for the child while creating a request,03-OCT-24 03.26.22.397000 PM
9774.0,Normal user update grade for a child,03-OCT-24 03.10.24.268000 PM
5535.0,HR/Normal user tries to update the answer,03-OCT-24 03.03.41.307000 PM
,Download PDF dalla sezione Cedolini,03-OCT-24 03.01.38.649000 PM
13002985.0,Recupero dettagli utente per Scelta orario di lavoro,23-OCT-24 10.06.28.078000 AM
5938.0,HR tried to update grade,03-OCT-24 03.12.49.343000 PM
9438.0,Normal user enters the Provvidenza Figli page,03-OCT-24 02.59.13.202000 PM
6249.0,Normal / HR user updates the answer,03-OCT-24 03.28.55.008000 PM
6914.0,HR/Normal user tries to update the answer,03-OCT-24 03.12.03.141000 PM
6400.0,Normal / HR user updates the answer,03-OCT-24 03.39.16.507000 PM
13002832.0,Normal user assign new grade for the child while creating a request,03-OCT-24 03.12.04.591000 PM
5663.0,Normal user enters the Provvidenza Figli page,03-OCT-24 03.01.30.190000 PM
13002128.0,HR/Normal user tries to update the answer,03-OCT-24 02.56.33.568000 PM
6727.0,HR/Normal user tries to update the answer,03-OCT-24 03.00.29.052000 PM
13002128.0,Normal / HR user updates the answer,03-OCT-24 02.56.26.544000 PM
7652.0,HR/Normal user tries to update the answer,03-OCT-24 02.59.53.312000 PM
,Dettaglio elenco Cedolini e CU disponibili al download,24-OCT-24 12.30.54.853000 PM
5663.0,Normal / HR user updates the answer,03-OCT-24 03.03.28.290000 PM
5500.0,Normal user tries to create new Provvidenza request for a child,03-OCT-24 03.26.02.939000 PM
8203.0,Normal user enters the Provvidenza Figli page,03-OCT-24 03.21.36.775000 PM
,Dettaglio elenco Cedolini e CU disponibili al download,25-OCT-24 07.55.26.586000 AM
7803.0,Normal user enters the Provvidenza Figli page,03-OCT-24 03.14.32.581000 PM
7042.0,HR/Normal user tries to update the answer,03-OCT-24 03.16.44.109000 PM
,Download PDF dalla sezione Cedolini,25-OCT-24 07.17.57.990000 AM
6788.0,Normal user tries to create new Provvidenza request for a child,03-OCT-24 03.05.21.129000 PM
7109.0,HR/Normal user tries to update the answer,03-OCT-24 03.03.06.047000 PM
5804.0,HR/Normal user tries to update the answer,03-OCT-24 03.18.02.139000 PM
13002834.0,HR/Normal user tries to update the answer,03-OCT-24 03.02.45.945000 PM
5984.0,HR/Normal user tries to update the answer,03-OCT-24 03.16.18.464000 PM
16010.0,Normal user tries to create new Provvidenza request for a child,03-OCT-24 03.09.05.356000 PM
6677.0,HR/Normal user tries to update the answer,03-OCT-24 03.48.29.413000 PM
,Download PDF dalla sezione Cedolini,27-OCT-24 08.48.36.637000 AM
6368.0,HR/Normal user tries to update the answer,03-OCT-24 03.32.06.603000 PM
,Download PDF dalla sezione Cedolini,25-OCT-24 06.50.08.310000 AM
6610.0,Normal user assign new grade for the child while creating a request,03-OCT-24 03.08.53.969000 PM
6249.0,Normal user enters the Provvidenza Figli page,03-OCT-24 03.27.32.828000 PM
,Dettaglio elenco Cedolini e CU disponibili al download,01-OCT-24 10.17.02.186000 AM
,Download PDF dalla sezione Cedolini,21-OCT-24 11.07.23.440000 AM
7864.0,Normal user enters the Provvidenza Figli page,03-OCT-24 03.27.41.747000 PM
8320.0,HR/Normal user tries to update the answer,03-OCT-24 04.03.54.744000 PM
6849.0,Normal user enters the Provvidenza Figli page,03-OCT-24 03.39.57.066000 PM
7575.0,Normal user enters the Provvidenza Figli page,03-OCT-24 02.55.47.320000 PM
6400.0,Normal user enters the Provvidenza Figli page,03-OCT-24 03.40.29.484000 PM
13001478.0,Recupero dettagliutente per Scelta Welfare,07-OCT-24 04.47.28.174000 PM
6983.0,Normal user tries to create new Provvidenza request for a child,03-OCT-24 02.55.14.355000 PM
5096.0,HR/Normal user tries to update the answer,03-OCT-24 02.55.59.025000 PM
5961.0,Normal user tries to create new Provvidenza request for a child,03-OCT-24 03.06.31.663000 PM
,Download PDF dalla sezione Cedolini,26-OCT-24 09.35.54.287000 AM
6983.0,HR/Normal user tries to update the answer,03-OCT-24 02.55.27.870000 PM
7989.0,Dettaglio elenco Cedolini e CU disponibili al download,03-OCT-24 03.02.55.961000 PM
7652.0,Normal user enters the Provvidenza Figli page,03-OCT-24 02.59.23.839000 PM
5658.0,Normal user enters the Provvidenza Figli page,03-OCT-24 03.27.09.343000 PM
,Download PDF dalla sezione Cedolini,25-OCT-24 07.21.48.467000 AM
7118.0,HR/Normal user tries to update the answer,03-OCT-24 03.20.51.300000 PM
6420.0,Normal / HR user updates the answer,07-OCT-24 05.19.42.173000 PM
6547.0,HR/Normal user tries to update the answer,03-OCT-24 03.23.35.042000 PM
7652.0,HR/Normal user tries to update the answer,03-OCT-24 03.00.14.588000 PM
6990.0,HR/Normal user tries to update the answer,03-OCT-24 03.40.00.894000 PM
13001783.0,HR/Normal user tries to update the answer,03-OCT-24 03.03.56.888000 PM
9438.0,HR/Normal user tries to update the answer,03-OCT-24 03.02.46.711000 PM
6727.0,HR/Normal user tries to update the answer,03-OCT-24 03.01.22.018000 PM
6340.0,HR/Normal user tries to update the answer,03-OCT-24 02.55.11.681000 PM
6987.0,Normal user assign new grade for the child while creating a request,03-OCT-24 03.32.24.226000 PM
5934.0,HR/Normal user tries to update the answer,07-OCT-24 02.11.08.978000 PM
8320.0,Normal user enters the Provvidenza Figli page,03-OCT-24 04.02.42.051000 PM
6420.0,HR/Normal user tries to update the answer,07-OCT-24 05.18.47.188000 PM
9438.0,Normal / HR user updates the answer,03-OCT-24 03.06.53.815000 PM
7109.0,Normal user enters the Provvidenza Figli page,03-OCT-24 03.01.26.206000 PM
7439.0,Normal user enters the Provvidenza Figli page,03-OCT-24 03.15.20.591000 PM
13000105.0,HR/Normal user tries to update the answer,03-OCT-24 02.56.25.521000 PM
5902.0,HR/Normal user tries to update the answer,03-OCT-24 03.30.25.891000 PM
6820.0,Normal user enters the Provvidenza Figli page,03-OCT-24 04.03.36.926000 PM
5902.0,HR/Normal user tries to update the answer,03-OCT-24 03.30.05.018000 PM
5313.0,Normal user enters the Provvidenza Figli page,03-OCT-24 03.50.51.101000 PM
6735.0,HR/Normal user tries to update the answer,03-OCT-24 04.03.43.697000 PM
5942.0,Normal user tries to create new Provvidenza request for a child,03-OCT-24 03.52.18.715000 PM
,Dettaglio elenco Cedolini e CU disponibili al download,03-OCT-24 03.49.18.871000 PM
6204.0,Normal user enters the Provvidenza Figli page,03-OCT-24 04.01.23.891000 PM
5297.0,Verifica possibilità di accesso a fondo pensione per Scelta Welfare,14-OCT-24 02.44.03.650000 PM
13002834.0,Normal user enters the Provvidenza Figli page,03-OCT-24 03.02.20.681000 PM
5902.0,Normal user assign new grade for the child while creating a request,03-OCT-24 03.30.16.522000 PM
,Download PDF dalla sezione Cedolini,30-OCT-24 10.32.26.438000 AM
5885.0,Normal user tries to create new Provvidenza request for a child,03-OCT-24 03.57.50.312000 PM
7109.0,Normal user enters the Provvidenza Figli page,03-OCT-24 03.05.47.760000 PM
5842.0,Normal user assign new grade for the child while creating a request,03-OCT-24 03.01.29.296000 PM
6872.0,Normal user update grade for a child,11-OCT-24 04.19.10.987000 PM
6928.0,HR/Normal user tries to update the answer,03-OCT-24 03.53.45.343000 PM
6652.0,HR/Normal user tries to update the answer,03-OCT-24 03.05.20.821000 PM
6547.0,HR/Normal user tries to update the answer,03-OCT-24 03.23.23.591000 PM
5321.0,Recupero dettagliutente per Scelta Welfare,24-OCT-24 05.26.57.502000 PM
5611.0,HR/Normal user tries to update the answer,03-OCT-24 02.56.22.422000 PM
5535.0,Normal user assign new grade for the child while creating a request,03-OCT-24 03.02.44.899000 PM
9238.0,Normal user enters the Provvidenza Figli page,03-OCT-24 03.56.44.282000 PM
6244.0,HR/Normal user tries to update the answer,11-OCT-24 04.31.59.441000 PM
,Download PDF dalla sezione Cedolini,14-OCT-24 10.45.10.348000 AM
,Download PDF dalla sezione Cedolini,24-OCT-24 05.22.07.334000 PM
6225.0,Normal user enters the Provvidenza Figli page,03-OCT-24 03.10.04.264000 PM
13001316.0,HR/Normal user tries to update the answer,03-OCT-24 03.46.01.609000 PM
,Dettaglio elenco Cedolini e CU disponibili al download,03-OCT-24 03.43.04.293000 PM
18173.0,Normal user enters the Provvidenza Figli page,12-OCT-24 10.04.08.368000 AM
,Dettaglio elenco Cedolini e CU disponibili al download,03-OCT-24 03.01.57.500000 PM
,Dettaglio elenco Cedolini e CU disponibili al download,25-OCT-24 07.21.41.652000 AM
,Dettaglio elenco Cedolini e CU disponibili al download,24-OCT-24 05.46.39.739000 PM
6084.0,Normal user enters the Provvidenza Figli page,11-OCT-24 04.50.35.280000 PM
6244.0,HR/Normal user tries to update the answer,11-OCT-24 04.32.33.737000 PM
17731.0,Normal / HR user updates the answer,14-OCT-24 03.52.41.425000 PM
17151.0,Normal user update grade for a child,11-OCT-24 06.10.59.764000 PM
,Accesso alle funzionalità BackOffice di Cedolini e CU per dettaglio PDF caricati per società,24-OCT-24 05.05.42.403000 PM
6124.0,HR/Normal user tries to update the answer,03-OCT-24 04.08.31.383000 PM
,Download PDF dalla sezione Cedolini,14-OCT-24 10.30.30.651000 AM
13001994.0,HR/Normal user tries to update the answer,03-OCT-24 03.57.11.696000 PM
8539.0,Recupero dettagli utente per Scelta orario di lavoro,30-OCT-24 10.22.04.625000 AM
,Download PDF dalla sezione Cedolini,24-OCT-24 05.12.37.092000 PM
6000.0,HR/Normal user tries to update the answer,04-OCT-24 10.00.06.226000 PM
7380.0,Normal user enters the Provvidenza Figli page,07-OCT-24 12.32.29.095000 PM
13002949.0,Normal user enters the Provvidenza Figli page,07-OCT-24 04.55.12.969000 PM
6244.0,Normal user tries to create new Provvidenza request for a child,11-OCT-24 04.32.20.122000 PM
6000.0,HR/Normal user tries to update the answer,04-OCT-24 10.00.51.232000 PM
17151.0,Normal user tries to create new Provvidenza request for a child,11-OCT-24 06.09.57.307000 PM
7380.0,HR/Normal user tries to update the answer,07-OCT-24 12.33.39.069000 PM
,Download PDF dalla sezione Cedolini,08-OCT-24 02.28.16.717000 PM
5473.0,HR/Normal user tries to update the answer,11-OCT-24 04.24.55.832000 PM
7448.0,HR/Normal user tries to update the answer,03-OCT-24 02.56.51.182000 PM
6017.0,Normal user tries to create new Provvidenza request for a child,03-OCT-24 02.55.18.552000 PM
5754.0,HR/Normal user tries to update the answer,07-OCT-24 12.20.55.782000 PM
,Download PDF dalla sezione Cedolini,07-OCT-24 12.58.52.165000 PM
17151.0,Normal user enters the Provvidenza Figli page,11-OCT-24 06.13.11.860000 PM
,Dettaglio elenco Cedolini e CU disponibili al download,30-OCT-24 10.32.59.579000 AM
13002224.0,Verifica possibilità di accesso a fondo pensione per Scelta Welfare,16-OCT-24 12.54.06.404000 PM
9405.0,HR/Normal user tries to update the answer,07-OCT-24 12.19.56.958000 PM
5108.0,Recupero dettagli utente per invio adesione Fondo Nazionale,30-OCT-24 10.34.54.953000 AM
14619.0,Normal user assign new grade for the child while creating a request,04-OCT-24 09.20.28.304000 PM
,Download PDF dalla sezione Cedolini,21-OCT-24 03.22.22.242000 PM
,Dettaglio elenco Cedolini e CU disponibili al download,24-OCT-24 05.12.35.645000 PM
7150.0,HR tried to update grade,07-OCT-24 07.52.55.976000 AM
5792.0,Normal user assign new grade for the child while creating a request,07-OCT-24 12.47.16.130000 PM
5335.0,HR/Normal user tries to update the answer,04-OCT-24 09.27.49.768000 PM
6252.0,HR/Normal user tries to update the answer,07-OCT-24 08.12.54.870000 AM
6872.0,Normal / HR user updates the answer,11-OCT-24 04.19.20.155000 PM
5754.0,HR/Normal user tries to update the answer,07-OCT-24 12.21.10.398000 PM
8370.0,HR/Normal user tries to update the answer,08-OCT-24 02.03.15.209000 PM
7150.0,HR/Normal user tries to update the answer,07-OCT-24 07.53.02.612000 AM
,Dettaglio elenco Cedolini e CU disponibili al download,25-OCT-24 02.29.32.616000 PM
7448.0,Normal user enters the Provvidenza Figli page,07-OCT-24 12.26.52.710000 PM
5988.0,HR/Normal user tries to update the answer,11-OCT-24 04.24.06.189000 PM
13001233.0,Recupero dettagliutente per Scelta Welfare,07-OCT-24 12.45.46.718000 PM
,Dettaglio elenco Cedolini e CU disponibili al download,24-OCT-24 04.50.04.560000 PM
,Download PDF dalla sezione Cedolini,07-OCT-24 12.39.50.350000 PM
,Dettaglio elenco Cedolini e CU disponibili al download,03-OCT-24 05.39.12.815000 PM
5945.0,HR/Normal user tries to update the answer,07-OCT-24 12.48.45.831000 PM
6771.0,HR/Normal user tries to update the answer,07-OCT-24 12.41.25.379000 PM
5757.0,Normal user tries to create new Provvidenza request for a child,07-OCT-24 12.54.30.976000 PM
7375.0,Normal user assign new grade for the child while creating a request,03-OCT-24 05.31.03.187000 PM
6252.0,Normal user enters the Provvidenza Figli page,07-OCT-24 08.13.52.921000 AM
6828.0,Normal user tries to create new Provvidenza request for a child,03-OCT-24 05.31.26.415000 PM
6905.0,HR/Normal user tries to update the answer,07-OCT-24 08.52.31.391000 AM
,Download PDF dalla sezione Cedolini,30-OCT-24 10.46.19.850000 AM
,Dettaglio elenco Cedolini e CU disponibili al download,28-OCT-24 04.19.23.437000 PM
6866.0,Normal user enters the Provvidenza Figli page,21-OCT-24 04.21.02.769000 PM
5590.0,HR/Normal user tries to update the answer,07-OCT-24 08.28.33.672000 AM
,Dettaglio elenco Cedolini e CU disponibili al download,14-OCT-24 11.23.46.147000 AM
8166.0,HR/Normal user tries to update the answer,07-OCT-24 08.15.03.989000 AM
6828.0,Normal user enters the Provvidenza Figli page,03-OCT-24 05.29.50.406000 PM
9966.0,HR/Normal user tries to update the answer,03-OCT-24 05.43.55.410000 PM
5757.0,HR/Normal user tries to update the answer,07-OCT-24 12.54.37.779000 PM
,Dettaglio elenco Cedolini e CU disponibili al download,30-OCT-24 10.50.50.637000 AM
13000264.0,Recupero dettagli utente per Scelta orario di lavoro,24-OCT-24 12.17.45.157000 PM
5590.0,HR/Normal user tries to update the answer,07-OCT-24 08.27.11.912000 AM
,Dettaglio elenco Cedolini e CU disponibili al download,28-OCT-24 04.13.57.564000 PM
9966.0,Normal user tries to create new Provvidenza request for a child,03-OCT-24 05.43.46.233000 PM
6771.0,HR/Normal user tries to update the answer,07-OCT-24 12.41.38.407000 PM
7506.0,HR/Normal user tries to update the answer,06-OCT-24 08.12.35.005000 PM
8015.0,Normal user enters the Provvidenza Figli page,03-OCT-24 05.26.45.878000 PM
7832.0,Normal user tries to create new Provvidenza request for a child,03-OCT-24 06.18.18.036000 PM
5612.0,Download PDF dalla sezione Cedolini,28-OCT-24 03.54.44.399000 PM
5817.0,HR/Normal user tries to update the answer,03-OCT-24 05.49.17.478000 PM
,Dettaglio elenco Cedolini e CU disponibili al download,30-OCT-24 11.00.59.031000 AM
,Download PDF dalla sezione Cedolini,21-OCT-24 03.18.49.640000 PM
,Download PDF dalla sezione Cedolini,28-OCT-24 04.17.02.725000 PM
,Dettaglio elenco Cedolini e CU disponibili al download,28-OCT-24 04.15.13.295000 PM
7017.0,Dettaglio elenco Cedolini e CU disponibili al download,28-OCT-24 03.44.37.305000 PM
6872.0,Normal / HR user updates the answer,11-OCT-24 04.17.52.414000 PM
6199.0,Normal user enters the Provvidenza Figli page,28-OCT-24 04.10.04.954000 PM
7000.0,HR/Normal user tries to update the answer,03-OCT-24 06.59.20.708000 PM
13002445.0,Verifica possibilità di accesso a fondo pensione per Scelta Welfare,28-OCT-24 03.40.04.165000 PM
,Download PDF dalla sezione Cedolini,28-OCT-24 04.15.19.956000 PM
6551.0,HR/Normal user tries to update the answer,03-OCT-24 06.02.57.361000 PM
,Download PDF dalla sezione Cedolini,28-OCT-24 04.40.53.199000 PM
5979.0,Normal user enters the Provvidenza Figli page,03-OCT-24 06.03.18.135000 PM
,Download PDF dalla sezione Cedolini,25-OCT-24 03.19.11.948000 PM
6371.0,HR/Normal user tries to update the answer,03-OCT-24 06.37.51.441000 PM
,Download PDF dalla sezione Cedolini,28-OCT-24 04.43.15.816000 PM
6872.0,HR/Normal user tries to update the answer,11-OCT-24 04.17.05.527000 PM
,Dettaglio elenco Cedolini e CU disponibili al download,16-OCT-24 09.42.37.688000 AM
,Download PDF dalla sezione Cedolini,22-OCT-24 01.42.25.414000 PM
5979.0,Normal / HR user updates the answer,03-OCT-24 06.02.03.661000 PM
,Download PDF dalla sezione Cedolini,24-OCT-24 12.12.49.856000 PM
6828.0,HR/Normal user tries to update the answer,03-OCT-24 05.30.13.637000 PM
17744.0,Dettaglio elenco Cedolini e CU disponibili al download,28-OCT-24 04.25.19.476000 PM
,Dettaglio elenco Cedolini e CU disponibili al download,28-OCT-24 04.45.18.069000 PM
8172.0,Recupero dettagli utente per Scelta orario di lavoro,02-OCT-24 12.07.04.004000 AM
,Dettaglio elenco Cedolini e CU disponibili al download,28-OCT-24 04.07.27.332000 PM
6119.0,Normal / HR user updates the answer,03-OCT-24 06.16.12.476000 PM
6551.0,Normal user enters the Provvidenza Figli page,03-OCT-24 05.58.47.899000 PM
7276.0,HR/Normal user tries to update the answer,03-OCT-24 06.04.48.363000 PM
,Dettaglio elenco Cedolini e CU disponibili al download,28-OCT-24 04.15.49.043000 PM
5681.0,Normal user enters the Provvidenza Figli page,03-OCT-24 07.03.19.827000 PM
5817.0,HR/Normal user tries to update the answer,03-OCT-24 05.48.54.458000 PM
5927.0,HR/Normal user tries to update the answer,07-OCT-24 08.38.40.774000 AM
13002865.0,Recupero dettagliutente per Scelta Welfare,07-OCT-24 08.53.33.861000 AM
6905.0,HR/Normal user tries to update the answer,07-OCT-24 08.52.29.153000 AM
5222.0,Normal user enters the Provvidenza Figli page,22-OCT-24 06.04.07.817000 AM
,Dettaglio elenco Cedolini e CU disponibili al download,25-OCT-24 03.08.31.908000 PM
6119.0,Normal user update grade for a child,03-OCT-24 06.20.34.167000 PM
8262.0,Download PDF dalla sezione Cedolini,28-OCT-24 04.32.46.945000 PM
9545.0,Normal user enters the Provvidenza Figli page,03-OCT-24 06.10.54.402000 PM
,Download PDF dalla sezione Cedolini,16-OCT-24 09.47.58.607000 AM
,Download PDF dalla sezione Cedolini,29-OCT-24 12.39.11.290000 PM
,Dettaglio elenco Cedolini e CU disponibili al download,24-OCT-24 12.12.33.437000 PM
6075.0,Normal user tries to create new Provvidenza request for a child,03-OCT-24 04.58.25.887000 PM
,Dettaglio elenco Cedolini e CU disponibili al download,28-OCT-24 04.32.25.051000 PM
6075.0,Normal user assign new grade for the child while creating a request,03-OCT-24 04.58.26.029000 PM
,Dettaglio elenco Cedolini e CU disponibili al download,25-OCT-24 03.27.42.181000 PM
,Dettaglio elenco Cedolini e CU disponibili al download,28-OCT-24 04.41.53.899000 PM
6244.0,Normal user enters the Provvidenza Figli page,11-OCT-24 04.32.49.664000 PM
5095.0,Normal user enters the Provvidenza Figli page,01-OCT-24 12.59.11.542000 PM
,Download PDF dalla sezione Cedolini,25-OCT-24 03.38.38.790000 PM
13001883.0,Recupero dettagliutente per Scelta Welfare,02-OCT-24 04.25.08.857000 PM
8166.0,HR/Normal user tries to update the answer,07-OCT-24 08.15.00.403000 AM
13002930.0,Verifica possibilità di accesso a fondo pensione per Scelta Welfare,01-OCT-24 12.55.18.723000 PM
,Dettaglio elenco Cedolini e CU disponibili al download,22-OCT-24 06.03.58.048000 AM
6458.0,HR/Normal user tries to update the answer,09-OCT-24 05.02.52.595000 PM
6075.0,HR/Normal user tries to update the answer,03-OCT-24 04.58.37.029000 PM
,Dettaglio elenco Cedolini e CU disponibili al download,29-OCT-24 01.03.49.242000 PM
6947.0,Normal user tries to create new Provvidenza request for a child,09-OCT-24 05.26.32.872000 PM
7055.0,Normal user enters the Provvidenza Figli page,06-OCT-24 05.49.49.253000 PM
,Dettaglio elenco Cedolini e CU disponibili al download,05-OCT-24 02.23.08.000000 PM
7593.0,Normal user enters the Provvidenza Figli page,09-OCT-24 11.20.52.306000 AM
6868.0,Dettaglio elenco Cedolini e CU disponibili al download,29-OCT-24 08.56.24.697000 AM
7266.0,HR/Normal user tries to update the answer,06-OCT-24 05.17.42.197000 PM
7690.0,Normal user enters the Provvidenza Figli page,29-OCT-24 08.58.23.717000 AM
7573.0,Recupero dettagliutente per Scelta Welfare,29-OCT-24 01.02.42.556000 PM
,Dettaglio elenco Cedolini e CU disponibili al download,29-OCT-24 12.48.16.744000 PM
,Dettaglio elenco Cedolini e CU disponibili al download,02-OCT-24 11.33.45.123000 AM
19481.0,HR/Normal user tries to update the answer,04-OCT-24 02.55.00.151000 PM
7932.0,HR/Normal user tries to update the answer,04-OCT-24 04.01.57.443000 PM
6843.0,HR/Normal user tries to update the answer,04-OCT-24 12.22.05.514000 PM
,Dettaglio elenco Cedolini e CU disponibili al download,04-OCT-24 02.51.38.746000 PM
6199.0,Normal user enters the Provvidenza Figli page,11-OCT-24 09.58.10.246000 AM
6964.0,HR/Normal user tries to update the answer,06-OCT-24 03.43.10.062000 PM
,Download PDF dalla sezione Cedolini,09-OCT-24 11.28.26.192000 AM
7149.0,HR/Normal user tries to update the answer,04-OCT-24 03.14.11.184000 PM
7149.0,HR/Normal user tries to update the answer,04-OCT-24 03.17.03.824000 PM
7593.0,Normal user enters the Provvidenza Figli page,09-OCT-24 11.24.52.221000 AM
5404.0,Normal / HR user updates the answer,03-OCT-24 03.19.03.237000 PM
7864.0,HR/Normal user tries to update the answer,03-OCT-24 03.33.12.415000 PM
18000.0,Normal user enters the Provvidenza Figli page,09-OCT-24 11.02.50.499000 AM
,Download PDF dalla sezione Cedolini,10-OCT-24 02.57.29.196000 PM
8203.0,HR/Normal user tries to update the answer,03-OCT-24 03.21.33.532000 PM
6880.0,HR/Normal user tries to update the answer,03-OCT-24 03.19.52.654000 PM
7149.0,HR/Normal user tries to update the answer,04-OCT-24 03.17.06.860000 PM
6456.0,HR/Normal user tries to update the answer,04-OCT-24 03.34.12.796000 PM
6264.0,Recupero dettagliutente per Scelta Welfare,10-OCT-24 02.25.32.025000 PM
18000.0,Normal user update grade for a child,09-OCT-24 11.09.27.059000 AM
,Dettaglio elenco Cedolini e CU disponibili al download,28-OCT-24 12.28.50.763000 PM
6880.0,Normal user enters the Provvidenza Figli page,03-OCT-24 03.21.12.055000 PM
6199.0,Normal user enters the Provvidenza Figli page,10-OCT-24 03.18.24.040000 PM
9737.0,HR tried to update grade,09-OCT-24 11.25.13.902000 AM
,Download PDF dalla sezione Cedolini,02-OCT-24 11.20.48.754000 AM
7098.0,Dettaglio elenco Cedolini e CU disponibili al download,11-OCT-24 09.23.11.220000 AM
16940.0,Normal user enters the Provvidenza Figli page,04-OCT-24 04.52.58.813000 PM
6818.0,HR/Normal user tries to update the answer,03-OCT-24 03.24.29.351000 PM
6818.0,HR/Normal user tries to update the answer,03-OCT-24 03.24.24.600000 PM
9737.0,Normal / HR user updates the answer,09-OCT-24 11.26.07.862000 AM
13001798.0,HR/Normal user tries to update the answer,03-OCT-24 03.40.18.246000 PM
,Dettaglio elenco Cedolini e CU disponibili al download,03-OCT-24 03.48.42.770000 PM
6361.0,HR/Normal user tries to update the answer,03-OCT-24 03.42.39.522000 PM
,Dettaglio elenco Cedolini e CU disponibili al download,04-OCT-24 03.33.09.968000 PM
19323.0,Dettaglio elenco Cedolini e CU disponibili al download,03-OCT-24 04.06.21.126000 PM
,Dettaglio elenco Cedolini e CU disponibili al download,02-OCT-24 11.29.29.274000 AM
6037.0,HR/Normal user tries to update the answer,08-OCT-24 05.36.09.836000 PM
,Dettaglio elenco Cedolini e CU disponibili al download,02-OCT-24 12.06.25.255000 PM
6900.0,Normal user enters the Provvidenza Figli page,04-OCT-24 03.39.05.135000 PM
6913.0,Normal user assign new grade for the child while creating a request,03-OCT-24 03.30.36.474000 PM
6793.0,Normal user enters the Provvidenza Figli page,03-OCT-24 03.31.17.656000 PM
6913.0,HR/Normal user tries to update the answer,03-OCT-24 03.31.13.631000 PM
6528.0,Normal user update grade for a child,03-OCT-24 03.37.27.543000 PM
,Dettaglio elenco Cedolini e CU disponibili al download,22-OCT-24 11.53.07.624000 AM
5727.0,Normal user enters the Provvidenza Figli page,09-OCT-24 08.02.41.114000 AM
6987.0,Normal user tries to create new Provvidenza request for a child,03-OCT-24 03.31.15.557000 PM
6474.0,HR/Normal user tries to update the answer,03-OCT-24 03.48.05.842000 PM
7118.0,HR/Normal user tries to update the answer,03-OCT-24 03.20.54.648000 PM
5327.0,HR/Normal user tries to update the answer,11-OCT-24 10.22.03.468000 AM
7174.0,Normal user enters the Provvidenza Figli page,03-OCT-24 03.42.23.547000 PM
6849.0,Normal user enters the Provvidenza Figli page,03-OCT-24 03.38.58.687000 PM
,Dettaglio elenco Cedolini e CU disponibili al download,21-OCT-24 11.32.43.260000 AM
,Download PDF dalla sezione Cedolini,28-OCT-24 01.09.03.369000 PM
6990.0,HR/Normal user tries to update the answer,03-OCT-24 03.39.50.257000 PM
6474.0,HR/Normal user tries to update the answer,03-OCT-24 03.49.28.201000 PM
,Download PDF dalla sezione Cedolini,29-OCT-24 10.01.46.916000 PM
5727.0,HR/Normal user tries to update the answer,09-OCT-24 08.04.20.794000 AM
,Dettaglio elenco Cedolini e CU disponibili al download,10-OCT-24 02.37.54.636000 PM
9238.0,HR/Normal user tries to update the answer,03-OCT-24 03.56.26.619000 PM
5664.0,HR/Normal user tries to update the answer,23-OCT-24 11.33.40.245000 AM
9233.0,Normal user assign new grade for the child while creating a request,03-OCT-24 03.19.45.057000 PM
6849.0,HR/Normal user tries to update the answer,03-OCT-24 03.39.09.719000 PM
6390.0,Normal user tries to create new Provvidenza request for a child,10-OCT-24 03.19.54.178000 PM
6820.0,Normal user tries to create new Provvidenza request for a child,03-OCT-24 04.03.43.545000 PM
6249.0,Normal user update grade for a child,03-OCT-24 03.28.46.114000 PM
5850.0,Normal user enters the Provvidenza Figli page,03-OCT-24 03.40.11.538000 PM
8320.0,Normal user assign new grade for the child while creating a request,03-OCT-24 04.03.19.688000 PM
,Dettaglio elenco Cedolini e CU disponibili al download,02-OCT-24 05.26.50.206000 PM
5404.0,Recupero dettagli utente per Scelta orario di lavoro,03-OCT-24 03.55.03.933000 PM
6390.0,Normal user enters the Provvidenza Figli page,10-OCT-24 03.19.45.603000 PM
6509.0,Normal user enters the Provvidenza Figli page,03-OCT-24 03.57.52.493000 PM
,Download PDF dalla sezione Cedolini,30-OCT-24 12.14.15.213000 AM
13001994.0,HR/Normal user tries to update the answer,03-OCT-24 03.57.01.960000 PM
5313.0,Normal user tries to create new Provvidenza request for a child,03-OCT-24 03.49.26.437000 PM
5404.0,Normal user enters the Provvidenza Figli page,03-OCT-24 03.53.18.863000 PM
5629.0,Normal user enters the Provvidenza Figli page,03-OCT-24 03.09.46.293000 PM
,Download PDF dalla sezione Cedolini,02-OCT-24 05.32.11.149000 PM
,Dettaglio elenco Cedolini e CU disponibili al download,03-OCT-24 03.11.50.419000 PM
5961.0,Normal user assign new grade for the child while creating a request,03-OCT-24 03.04.50.413000 PM
6281.0,HR/Normal user tries to update the answer,03-OCT-24 03.00.29.416000 PM
6941.0,Normal user assign new grade for the child while creating a request,03-OCT-24 03.26.05.972000 PM
6245.0,HR/Normal user tries to update the answer,03-OCT-24 02.55.56.908000 PM
7448.0,Normal user tries to create new Provvidenza request for a child,03-OCT-24 02.56.42.274000 PM
5611.0,HR/Normal user tries to update the answer,03-OCT-24 02.56.21.330000 PM
13001737.0,Recupero dettagliutente per Scelta Welfare,08-OCT-24 10.01.19.221000 PM
5885.0,Normal user enters the Provvidenza Figli page,03-OCT-24 03.57.30.873000 PM
,Dettaglio elenco Cedolini e CU disponibili al download,18-OCT-24 03.44.48.413000 PM
5319.0,Normal user enters the Provvidenza Figli page,18-OCT-24 04.01.26.587000 PM
7985.0,HR/Normal user tries to update the answer,10-OCT-24 09.32.36.709000 AM
7985.0,HR/Normal user tries to update the answer,10-OCT-24 09.32.04.279000 AM
5587.0,Normal user enters the Provvidenza Figli page,10-OCT-24 10.17.41.898000 AM
,Download PDF dalla sezione Cedolini,02-OCT-24 04.06.18.007000 PM
6987.0,Normal user enters the Provvidenza Figli page,03-OCT-24 03.33.12.081000 PM
8244.0,HR/Normal user tries to update the answer,04-OCT-24 06.48.33.714000 AM
,Dettaglio elenco Cedolini e CU disponibili al download,10-OCT-24 10.24.22.954000 AM
13002973.0,Recupero dettagliutente per Scelta Welfare,18-OCT-24 04.36.40.608000 PM
5404.0,HR/Normal user tries to update the answer,03-OCT-24 03.19.14.729000 PM
7985.0,Normal user assign new grade for the child while creating a request,10-OCT-24 09.31.47.032000 AM
18506.0,Verifica possibilità di accesso a fondo pensione per Scelta Welfare,10-OCT-24 11.22.10.243000 AM
6199.0,Normal user enters the Provvidenza Figli page,10-OCT-24 10.14.11.718000 AM
,Dettaglio elenco Cedolini e CU disponibili al download,10-OCT-24 11.24.27.497000 AM
13002609.0,Recupero dettagliutente per Scelta Welfare,23-OCT-24 03.52.34.422000 PM
,Dettaglio elenco Cedolini e CU disponibili al download,23-OCT-24 04.33.57.125000 PM
,Dettaglio elenco Cedolini e CU disponibili al download,10-OCT-24 10.18.00.192000 AM
10677.0,HR/Normal user tries to update the answer,07-OCT-24 09.43.46.587000 AM
6525.0,Normal user assign new grade for the child while creating a request,07-OCT-24 09.41.06.748000 AM
,Dettaglio elenco Cedolini e CU disponibili al download,24-OCT-24 04.01.42.080000 PM
,Dettaglio elenco Cedolini e CU disponibili al download,30-OCT-24 10.35.18.973000 AM
6924.0,Normal user assign new grade for the child while creating a request,08-OCT-24 05.11.36.477000 PM
5570.0,HR/Normal user tries to update the answer,14-OCT-24 03.47.43.300000 PM
6335.0,Normal user enters the Provvidenza Figli page,11-OCT-24 07.59.40.093000 PM
7429.0,Recupero dettagli utente per Scelta orario di lavoro,11-OCT-24 11.08.56.752000 AM
6058.0,HR tried to update grade,07-OCT-24 10.17.48.234000 AM
,Dettaglio elenco Cedolini e CU disponibili al download,15-OCT-24 02.36.19.998000 PM
6525.0,HR/Normal user tries to update the answer,07-OCT-24 09.41.28.654000 AM
6037.0,Normal user enters the Provvidenza Figli page,08-OCT-24 04.40.28.607000 PM
,Dettaglio elenco Cedolini e CU disponibili al download,24-OCT-24 10.54.13.648000 PM
5758.0,HR/Normal user tries to update the answer,07-OCT-24 10.28.05.015000 AM
5926.0,HR/Normal user tries to update the answer,10-OCT-24 09.29.52.805000 AM
6335.0,HR/Normal user tries to update the answer,11-OCT-24 07.56.20.680000 PM
,Accesso alle funzionalità BackOffice di Cedolini e CU per dettaglio PDF caricati per società,24-OCT-24 05.08.57.686000 PM
5926.0,Normal user assign new grade for the child while creating a request,10-OCT-24 09.30.14.641000 AM
6037.0,HR/Normal user tries to update the answer,08-OCT-24 05.35.29.215000 PM
6199.0,Normal user enters the Provvidenza Figli page,11-OCT-24 10.57.31.069000 AM
,Download PDF dalla sezione Cedolini,18-OCT-24 09.25.23.979000 PM
,Download PDF dalla sezione Cedolini,25-OCT-24 08.30.55.817000 AM
5095.0,Normal user enters the Provvidenza Figli page,08-OCT-24 04.37.41.147000 PM
6199.0,Normal user enters the Provvidenza Figli page,16-OCT-24 04.32.11.000000 PM
5587.0,Normal user tries to create new Provvidenza request for a child,10-OCT-24 10.16.46.602000 AM
,Dettaglio elenco Cedolini e CU disponibili al download,21-OCT-24 12.36.39.349000 PM
19449.0,Dettaglio elenco Cedolini e CU disponibili al download,14-OCT-24 10.24.38.467000 AM
5587.0,HR/Normal user tries to update the answer,10-OCT-24 10.17.09.988000 AM
8464.0,HR/Normal user tries to update the answer,14-OCT-24 04.57.55.470000 PM
,Dettaglio elenco Cedolini e CU disponibili al download,25-OCT-24 08.34.06.000000 AM
,Dettaglio elenco Cedolini e CU disponibili al download,10-OCT-24 09.17.32.362000 AM
8370.0,Normal user update grade for a child,08-OCT-24 02.03.02.880000 PM
,Dettaglio elenco Cedolini e CU disponibili al download,21-OCT-24 11.17.28.734000 AM
16786.0,Download PDF dalla sezione Cedolini,23-OCT-24 02.39.41.605000 PM
7275.0,Recupero dettagliutente per Scelta Welfare,14-OCT-24 10.18.07.776000 PM
5555.0,HR/Normal user tries to update the answer,07-OCT-24 12.27.15.608000 PM
5926.0,Normal user tries to create new Provvidenza request for a child,10-OCT-24 09.30.14.512000 AM
13002974.0,Recupero dettagliutente per Scelta Welfare,14-OCT-24 04.54.37.915000 PM
13002973.0,Recupero dettagli utente per Scelta orario di lavoro,21-OCT-24 01.26.29.578000 PM
5946.0,Normal user assign new grade for the child while creating a request,16-OCT-24 05.32.48.233000 PM
,Download PDF dalla sezione Cedolini,21-OCT-24 11.06.59.797000 AM
,Dettaglio elenco Cedolini e CU disponibili al download,25-OCT-24 08.41.36.808000 AM
,Download PDF dalla sezione Cedolini,25-OCT-24 09.37.40.295000 AM
7380.0,HR/Normal user tries to update the answer,07-OCT-24 12.33.50.218000 PM
,Dettaglio elenco Cedolini e CU disponibili al download,25-OCT-24 08.44.46.044000 AM
,Download PDF dalla sezione Cedolini,25-OCT-24 09.11.04.277000 AM
16786.0,Dettaglio elenco Cedolini e CU disponibili al download,23-OCT-24 02.47.32.586000 PM
,Download PDF dalla sezione Cedolini,25-OCT-24 08.30.08.785000 AM
,Download PDF dalla sezione Cedolini,06-OCT-24 10.04.22.027000 AM
,Dettaglio elenco Cedolini e CU disponibili al download,25-OCT-24 09.20.44.884000 AM
16786.0,Dettaglio elenco Cedolini e CU disponibili al download,23-OCT-24 02.41.09.181000 PM
,Download PDF dalla sezione Cedolini,29-OCT-24 06.49.29.962000 PM
16786.0,Download PDF dalla sezione Cedolini,11-OCT-24 08.53.07.864000 AM
5199.0,HR/Normal user tries to update the answer,16-OCT-24 04.39.27.255000 PM
7451.0,Recupero dettagli utente per Scelta orario di lavoro,29-OCT-24 09.28.22.760000 AM
,Download PDF dalla sezione Cedolini,25-OCT-24 08.50.00.576000 AM
,Download PDF dalla sezione Cedolini,25-OCT-24 08.49.00.211000 AM
,Dettaglio elenco Cedolini e CU disponibili al download,23-OCT-24 02.31.08.574000 PM
,Dettaglio elenco Cedolini e CU disponibili al download,25-OCT-24 08.36.16.004000 AM
,Download PDF dalla sezione Cedolini,14-OCT-24 10.09.34.175000 AM
,Dettaglio elenco Cedolini e CU disponibili al download,25-OCT-24 09.09.41.571000 AM
,Download PDF dalla sezione Cedolini,08-OCT-24 02.18.42.486000 PM
13000105.0,Verifica possibilità di accesso a fondo pensione per Scelta Welfare,25-OCT-24 09.38.41.480000 AM
,Dettaglio elenco Cedolini e CU disponibili al download,25-OCT-24 08.56.42.065000 AM
,Download PDF dalla sezione Cedolini,25-OCT-24 09.19.04.154000 AM
,Dettaglio elenco Cedolini e CU disponibili al download,25-OCT-24 08.52.05.280000 AM
,Download PDF dalla sezione Cedolini,14-OCT-24 05.23.40.372000 PM
,Dettaglio elenco Cedolini e CU disponibili al download,25-OCT-24 08.40.08.079000 AM
,Download PDF dalla sezione Cedolini,25-OCT-24 08.48.56.737000 AM
,Download PDF dalla sezione Cedolini,25-OCT-24 08.53.34.142000 AM
,Dettaglio elenco Cedolini e CU disponibili al download,15-OCT-24 07.17.50.119000 PM
,Download PDF dalla sezione Cedolini,25-OCT-24 09.24.13.861000 AM
,Download PDF dalla sezione Cedolini,25-OCT-24 08.53.06.181000 AM
6925.0,Normal user enters the Provvidenza Figli page,03-OCT-24 04.20.15.071000 PM
7256.0,Normal user enters the Provvidenza Figli page,03-OCT-24 04.57.10.589000 PM
15872.0,Normal user enters the Provvidenza Figli page,09-OCT-24 09.57.58.625000 AM
6935.0,HR/Normal user tries to update the answer,03-OCT-24 04.12.17.900000 PM
,Download PDF dalla sezione Cedolini,18-OCT-24 10.27.55.284000 AM
,Dettaglio elenco Cedolini e CU disponibili al download,25-OCT-24 08.52.41.335000 AM
,Dettaglio elenco Cedolini e CU disponibili al download,25-OCT-24 08.39.22.403000 AM
6935.0,HR/Normal user tries to update the answer,03-OCT-24 04.12.06.609000 PM
,Download PDF dalla sezione Cedolini,25-OCT-24 09.34.21.133000 AM
6233.0,Normal user assign new grade for the child while creating a request,03-OCT-24 04.24.33.735000 PM
5339.0,Normal user tries to create new Provvidenza request for a child,07-OCT-24 06.37.35.196000 PM
,Download PDF dalla sezione Cedolini,25-OCT-24 09.01.52.638000 AM
5561.0,HR/Normal user tries to update the answer,03-OCT-24 04.14.31.700000 PM
5432.0,HR/Normal user tries to update the answer,11-OCT-24 08.46.16.692000 AM
5327.0,Download PDF dalla sezione Cedolini,25-OCT-24 09.44.14.053000 AM
5923.0,Recupero dettagli utente per Scelta orario di lavoro,29-OCT-24 09.35.29.588000 AM
5561.0,HR/Normal user tries to update the answer,03-OCT-24 04.14.05.122000 PM
5683.0,HR/Normal user tries to update the answer,15-OCT-24 10.35.47.288000 AM
6199.0,Normal user enters the Provvidenza Figli page,09-OCT-24 10.27.04.437000 AM
6566.0,Normal user enters the Provvidenza Figli page,03-OCT-24 05.11.59.281000 PM
,Download PDF dalla sezione Cedolini,25-OCT-24 09.25.59.406000 AM
9652.0,HR/Normal user tries to update the answer,03-OCT-24 04.15.14.321000 PM
6183.0,Normal user enters the Provvidenza Figli page,03-OCT-24 04.19.57.835000 PM
19359.0,Verifica possibilità di accesso a fondo pensione per Scelta Welfare,28-OCT-24 04.14.44.089000 PM
13002885.0,Verifica possibilità di accesso a fondo pensione per Scelta Welfare,09-OCT-24 10.18.00.286000 AM
5213.0,HR/Normal user tries to update the answer,03-OCT-24 05.02.21.431000 PM
5701.0,HR/Normal user tries to update the answer,03-OCT-24 04.42.37.361000 PM
18019.0,Recupero dettagliutente per Scelta Welfare,15-OCT-24 11.15.44.716000 AM
,Dettaglio elenco Cedolini e CU disponibili al download,29-OCT-24 09.34.25.806000 AM
13000617.0,Recupero dettagli utente per Scelta orario di lavoro,03-OCT-24 05.16.06.025000 PM
15635.0,HR/Normal user tries to update the answer,03-OCT-24 04.20.19.118000 PM
6159.0,HR/Normal user tries to update the answer,03-OCT-24 04.08.50.516000 PM
7696.0,HR/Normal user tries to update the answer,03-OCT-24 05.23.29.442000 PM
8795.0,Download PDF dalla sezione Cedolini,29-OCT-24 09.29.34.848000 AM
6456.0,Normal user enters the Provvidenza Figli page,03-OCT-24 04.52.46.933000 PM
6071.0,Normal user enters the Provvidenza Figli page,03-OCT-24 05.17.17.068000 PM
6558.0,HR/Normal user tries to update the answer,03-OCT-24 05.07.09.083000 PM
5561.0,HR/Normal user tries to update the answer,03-OCT-24 04.14.29.764000 PM
6566.0,Normal user assign new grade for the child while creating a request,03-OCT-24 05.12.18.125000 PM
6159.0,HR/Normal user tries to update the answer,03-OCT-24 04.09.15.031000 PM
5561.0,HR/Normal user tries to update the answer,03-OCT-24 04.14.03.304000 PM
5812.0,HR/Normal user tries to update the answer,03-OCT-24 04.27.27.224000 PM
5812.0,HR/Normal user tries to update the answer,03-OCT-24 04.27.09.512000 PM
6621.0,HR/Normal user tries to update the answer,03-OCT-24 04.23.34.490000 PM
7726.0,HR/Normal user tries to update the answer,03-OCT-24 04.41.54.632000 PM
,Download PDF dalla sezione Cedolini,04-OCT-24 11.37.52.537000 AM
5188.0,Normal user enters the Provvidenza Figli page,10-OCT-24 12.01.37.760000 PM
17188.0,Normal user update grade for a child,04-OCT-24 11.41.31.757000 AM
6119.0,Normal user assign new grade for the child while creating a request,03-OCT-24 06.14.10.777000 PM
13001928.0,Normal user assign new grade for the child while creating a request,03-OCT-24 04.34.49.402000 PM
5351.0,HR/Normal user tries to update the answer,04-OCT-24 11.24.52.329000 AM
6935.0,HR tried to update grade,03-OCT-24 04.11.57.007000 PM
6119.0,Normal user enters the Provvidenza Figli page,03-OCT-24 06.17.00.658000 PM
7212.0,HR/Normal user tries to update the answer,10-OCT-24 12.43.19.482000 PM
13001548.0,Verifica possibilità di accesso a fondo pensione per Scelta Welfare,15-OCT-24 10.54.10.675000 AM
18173.0,Normal / HR user updates the answer,12-OCT-24 10.04.40.070000 AM
6130.0,Dettaglio elenco Cedolini e CU disponibili al download,28-OCT-24 04.35.42.753000 PM
5977.0,HR/Normal user tries to update the answer,03-OCT-24 01.33.56.167000 PM
5891.0,Normal user update grade for a child,03-OCT-24 01.26.16.021000 PM
6179.0,Normal user tries to create new Provvidenza request for a child,03-OCT-24 01.24.33.873000 PM
5891.0,Normal user tries to create new Provvidenza request for a child,03-OCT-24 01.16.26.456000 PM
6068.0,HR tried to update grade,03-OCT-24 01.22.01.069000 PM
7000.0,Normal user enters the Provvidenza Figli page,03-OCT-24 06.59.11.624000 PM
6850.0,Normal user tries to create new Provvidenza request for a child,03-OCT-24 01.26.34.951000 PM
6132.0,HR/Normal user tries to update the answer,03-OCT-24 01.20.58.865000 PM
8192.0,HR/Normal user tries to update the answer,03-OCT-24 01.17.06.605000 PM
7434.0,HR/Normal user tries to update the answer,03-OCT-24 01.16.29.427000 PM
6088.0,HR/Normal user tries to update the answer,03-OCT-24 01.17.29.726000 PM
6450.0,Normal user tries to create new Provvidenza request for a child,03-OCT-24 01.26.18.389000 PM
6915.0,HR/Normal user tries to update the answer,03-OCT-24 01.16.23.666000 PM
7036.0,Normal user tries to create new Provvidenza request for a child,03-OCT-24 01.18.46.879000 PM
5827.0,HR/Normal user tries to update the answer,10-OCT-24 01.12.58.940000 PM
17789.0,Normal user enters the Provvidenza Figli page,03-OCT-24 01.20.07.229000 PM
6438.0,Normal user enters the Provvidenza Figli page,03-OCT-24 01.15.15.076000 PM
7232.0,Normal user assign new grade for the child while creating a request,03-OCT-24 01.15.30.674000 PM
5255.0,Normal user tries to create new Provvidenza request for a child,03-OCT-24 01.24.20.325000 PM
6852.0,Normal user assign new grade for the child while creating a request,03-OCT-24 01.16.52.457000 PM
,A valid user enters the MIFID page details of the user would be logged,31-OCT-24 12.57.38.789000 PM
9473.0,Normal user enters the Provvidenza Figli page,03-OCT-24 01.25.35.658000 PM
9238.0,Normal user enters the Provvidenza Figli page,03-OCT-24 01.20.58.889000 PM
6258.0,HR/Normal user tries to update the answer,03-OCT-24 01.23.11.536000 PM
6457.0,Normal user tries to create new Provvidenza request for a child,03-OCT-24 01.26.44.486000 PM
7000.0,HR/Normal user tries to update the answer,03-OCT-24 06.58.53.676000 PM
7232.0,Normal / HR user updates the answer,03-OCT-24 01.16.01.562000 PM
9473.0,Normal user enters the Provvidenza Figli page,03-OCT-24 01.21.29.247000 PM
17188.0,Normal user enters the Provvidenza Figli page,04-OCT-24 11.40.03.280000 AM
7486.0,Normal user assign new grade for the child while creating a request,03-OCT-24 01.20.44.479000 PM
6811.0,Dettaglio elenco Cedolini e CU disponibili al download,03-OCT-24 01.20.45.440000 PM
6764.0,Normal user assign new grade for the child while creating a request,03-OCT-24 01.22.45.629000 PM
7333.0,Normal user assign new grade for the child while creating a request,03-OCT-24 01.18.03.431000 PM
6067.0,Normal user assign new grade for the child while creating a request,03-OCT-24 01.19.32.827000 PM
7151.0,HR/Normal user tries to update the answer,03-OCT-24 01.18.47.796000 PM
6067.0,HR/Normal user tries to update the answer,03-OCT-24 01.21.22.993000 PM
8263.0,HR tried to update grade,03-OCT-24 01.20.29.350000 PM
9473.0,HR/Normal user tries to update the answer,03-OCT-24 01.25.19.677000 PM
6067.0,HR/Normal user tries to update the answer,03-OCT-24 01.20.44.857000 PM
5854.0,Normal user tries to create new Provvidenza request for a child,03-OCT-24 01.28.30.228000 PM
7096.0,Recupero dettagliutente per Scelta Welfare,25-OCT-24 06.35.15.515000 PM
6850.0,HR/Normal user tries to update the answer,03-OCT-24 01.28.07.957000 PM
8061.0,HR/Normal user tries to update the answer,03-OCT-24 01.17.24.049000 PM
6597.0,Normal user assign new grade for the child while creating a request,03-OCT-24 01.16.52.114000 PM
5868.0,HR/Normal user tries to update the answer,03-OCT-24 01.18.39.599000 PM
6088.0,HR/Normal user tries to update the answer,03-OCT-24 01.16.39.272000 PM
6224.0,Normal user assign new grade for the child while creating a request,03-OCT-24 01.14.17.072000 PM
6992.0,Normal user enters the Provvidenza Figli page,03-OCT-24 01.16.38.374000 PM
7016.0,Normal user enters the Provvidenza Figli page,03-OCT-24 01.19.16.715000 PM
7601.0,HR/Normal user tries to update the answer,03-OCT-24 01.18.57.547000 PM
8826.0,HR/Normal user tries to update the answer,03-OCT-24 01.31.04.681000 PM
5562.0,HR/Normal user tries to update the answer,03-OCT-24 01.28.25.485000 PM
5854.0,Normal user tries to create new Provvidenza request for a child,03-OCT-24 01.32.14.537000 PM
9474.0,Normal user enters the Provvidenza Figli page,03-OCT-24 01.35.47.942000 PM
7690.0,HR/Normal user tries to update the answer,03-OCT-24 01.34.35.235000 PM
7636.0,Normal user assign new grade for the child while creating a request,03-OCT-24 01.21.44.816000 PM
17789.0,HR/Normal user tries to update the answer,03-OCT-24 01.21.55.050000 PM
7961.0,Normal user assign new grade for the child while creating a request,03-OCT-24 01.16.54.679000 PM
7615.0,Normal user enters the Provvidenza Figli page,03-OCT-24 01.24.31.168000 PM
7342.0,Normal user assign new grade for the child while creating a request,03-OCT-24 01.15.47.305000 PM
,Dettaglio elenco Cedolini e CU disponibili al download,25-OCT-24 08.48.21.855000 PM
5580.0,HR/Normal user tries to update the answer,03-OCT-24 01.17.06.635000 PM
,Dettaglio elenco Cedolini e CU disponibili al download,30-OCT-24 01.10.25.423000 PM
7487.0,Normal user assign new grade for the child while creating a request,03-OCT-24 01.27.40.865000 PM
8423.0,HR/Normal user tries to update the answer,29-OCT-24 08.18.34.687000 AM
7047.0,Normal user enters the Provvidenza Figli page,03-OCT-24 01.29.29.153000 PM
,Dettaglio elenco Cedolini e CU disponibili al download,03-OCT-24 01.20.18.128000 PM
17721.0,HR/Normal user tries to update the answer,03-OCT-24 01.18.30.916000 PM
6067.0,HR/Normal user tries to update the answer,03-OCT-24 01.19.58.878000 PM
6850.0,HR/Normal user tries to update the answer,03-OCT-24 01.27.22.028000 PM
6802.0,HR/Normal user tries to update the answer,03-OCT-24 01.19.18.008000 PM
7016.0,Normal user assign new grade for the child while creating a request,03-OCT-24 01.21.00.851000 PM
5854.0,Normal user enters the Provvidenza Figli page,03-OCT-24 01.30.26.258000 PM
6956.0,HR/Normal user tries to update the answer,03-OCT-24 01.22.44.952000 PM
7458.0,HR/Normal user tries to update the answer,03-OCT-24 01.21.29.228000 PM
5721.0,Normal user enters the Provvidenza Figli page,03-OCT-24 01.22.29.054000 PM
5977.0,Normal user assign new grade for the child while creating a request,03-OCT-24 01.33.43.707000 PM
6843.0,Normal user enters the Provvidenza Figli page,04-OCT-24 12.21.55.211000 PM
8061.0,Normal user enters the Provvidenza Figli page,03-OCT-24 01.15.45.451000 PM
6206.0,HR/Normal user tries to update the answer,03-OCT-24 01.26.44.501000 PM
6360.0,Normal user assign new grade for the child while creating a request,03-OCT-24 01.17.35.163000 PM
7906.0,Normal user enters the Provvidenza Figli page,03-OCT-24 01.18.41.724000 PM
5219.0,Normal user enters the Provvidenza Figli page,03-OCT-24 01.19.31.735000 PM
6132.0,HR/Normal user tries to update the answer,03-OCT-24 01.20.41.503000 PM
,Dettaglio elenco Cedolini e CU disponibili al download,03-OCT-24 01.24.16.260000 PM
18705.0,Normal user enters the Provvidenza Figli page,03-OCT-24 01.15.12.864000 PM
6224.0,Normal user tries to create new Provvidenza request for a child,03-OCT-24 01.14.16.858000 PM
8826.0,Normal user enters the Provvidenza Figli page,03-OCT-24 01.31.39.413000 PM
7601.0,HR/Normal user tries to update the answer,03-OCT-24 01.19.06.891000 PM
8061.0,HR/Normal user tries to update the answer,03-OCT-24 01.18.03.259000 PM
7813.0,Normal / HR user updates the answer,03-OCT-24 01.17.21.426000 PM
8061.0,Normal user assign new grade for the child while creating a request,03-OCT-24 01.17.09.947000 PM
6850.0,HR tried to update grade,03-OCT-24 01.28.00.710000 PM
6179.0,HR/Normal user tries to update the answer,03-OCT-24 01.24.41.865000 PM
5802.0,Normal user enters the Provvidenza Figli page,03-OCT-24 01.23.18.831000 PM
5802.0,Normal user enters the Provvidenza Figli page,03-OCT-24 01.23.35.674000 PM
8826.0,HR/Normal user tries to update the answer,03-OCT-24 01.31.08.995000 PM
7371.0,Normal user enters the Provvidenza Figli page,18-OCT-24 03.18.40.143000 PM
6382.0,HR/Normal user tries to update the answer,03-OCT-24 01.22.57.036000 PM
7016.0,HR/Normal user tries to update the answer,03-OCT-24 01.21.06.500000 PM
7636.0,Normal user tries to create new Provvidenza request for a child,03-OCT-24 01.21.44.689000 PM
6382.0,Normal user tries to create new Provvidenza request for a child,03-OCT-24 01.23.54.044000 PM
6839.0,Normal user enters the Provvidenza Figli page,03-OCT-24 01.16.49.353000 PM
8263.0,HR/Normal user tries to update the answer,03-OCT-24 01.20.34.162000 PM
,Dettaglio elenco Cedolini e CU disponibili al download,03-OCT-24 01.18.28.713000 PM
7836.0,Normal user tries to create new Provvidenza request for a child,03-OCT-24 01.23.24.359000 PM
7342.0,HR/Normal user tries to update the answer,03-OCT-24 01.16.18.028000 PM
8055.0,HR/Normal user tries to update the answer,03-OCT-24 04.13.38.033000 PM
13000909.0,Verifica possibilità di accesso a fondo pensione per Scelta Welfare,27-OCT-24 06.30.25.576000 PM
7333.0,HR/Normal user tries to update the answer,03-OCT-24 01.18.19.740000 PM
5130.0,HR/Normal user tries to update the answer,03-OCT-24 01.20.37.722000 PM
6035.0,Normal / HR user updates the answer,03-OCT-24 01.18.56.383000 PM
8826.0,Normal user tries to create new Provvidenza request for a child,03-OCT-24 01.30.52.254000 PM
9474.0,Normal user enters the Provvidenza Figli page,03-OCT-24 01.34.04.859000 PM
8192.0,HR/Normal user tries to update the answer,03-OCT-24 01.17.23.595000 PM
5219.0,HR/Normal user tries to update the answer,03-OCT-24 01.18.35.643000 PM
9474.0,HR/Normal user tries to update the answer,03-OCT-24 01.35.13.835000 PM
6008.0,Normal user assign new grade for the child while creating a request,03-OCT-24 01.18.15.674000 PM
8708.0,HR/Normal user tries to update the answer,03-OCT-24 01.21.18.550000 PM
6556.0,Normal / HR user updates the answer,03-OCT-24 01.18.32.191000 PM
8108.0,HR/Normal user tries to update the answer,03-OCT-24 01.18.51.586000 PM
7371.0,HR/Normal user tries to update the answer,18-OCT-24 03.18.56.112000 PM
13001175.0,HR/Normal user tries to update the answer,03-OCT-24 01.31.51.664000 PM
5977.0,Normal user enters the Provvidenza Figli page,03-OCT-24 01.35.10.817000 PM
6561.0,Normal user enters the Provvidenza Figli page,03-OCT-24 01.35.59.078000 PM
6179.0,Normal user enters the Provvidenza Figli page,03-OCT-24 01.24.31.957000 PM
8124.0,HR/Normal user tries to update the answer,03-OCT-24 01.21.29.102000 PM
18173.0,Normal / HR user updates the answer,12-OCT-24 10.04.39.140000 AM
6164.0,HR/Normal user tries to update the answer,03-OCT-24 01.15.53.741000 PM
18705.0,HR/Normal user tries to update the answer,03-OCT-24 01.16.51.961000 PM
7458.0,HR/Normal user tries to update the answer,03-OCT-24 01.22.11.245000 PM
9403.0,Normal user enters the Provvidenza Figli page,03-OCT-24 01.16.03.833000 PM
6763.0,HR/Normal user tries to update the answer,03-OCT-24 01.25.02.825000 PM
7016.0,HR/Normal user tries to update the answer,03-OCT-24 01.19.38.544000 PM
7081.0,HR/Normal user tries to update the answer,03-OCT-24 01.15.59.995000 PM
7232.0,HR/Normal user tries to update the answer,03-OCT-24 01.16.19.601000 PM
,Dettaglio elenco Cedolini e CU disponibili al download,19-OCT-24 06.32.51.918000 PM
6850.0,Normal user enters the Provvidenza Figli page,03-OCT-24 01.28.17.022000 PM
5472.0,Normal user enters the Provvidenza Figli page,03-OCT-24 01.31.14.027000 PM
,Download PDF dalla sezione Cedolini,15-OCT-24 12.44.18.211000 PM
7016.0,HR/Normal user tries to update the answer,03-OCT-24 01.19.53.562000 PM
6136.0,Normal user enters the Provvidenza Figli page,03-OCT-24 01.29.48.649000 PM
6867.0,Normal user enters the Provvidenza Figli page,03-OCT-24 01.20.01.886000 PM
6382.0,HR/Normal user tries to update the answer,03-OCT-24 01.23.08.060000 PM
5213.0,Normal user enters the Provvidenza Figli page,03-OCT-24 05.03.06.926000 PM
8826.0,HR/Normal user tries to update the answer,03-OCT-24 01.31.01.052000 PM
5958.0,HR/Normal user tries to update the answer,03-OCT-24 01.18.30.362000 PM
8826.0,Normal user enters the Provvidenza Figli page,03-OCT-24 01.28.41.851000 PM
,Download PDF dalla sezione Cedolini,06-OCT-24 10.08.29.504000 AM
6947.0,Normal user tries to create new Provvidenza request for a child,09-OCT-24 05.27.44.173000 PM
,Dettaglio elenco Cedolini e CU disponibili al download,02-OCT-24 02.30.46.054000 PM
13002973.0,Recupero dettagliutente per Scelta Welfare,21-OCT-24 01.04.51.597000 PM
,Dettaglio elenco Cedolini e CU disponibili al download,17-OCT-24 09.47.44.492000 AM
6396.0,Normal user assign new grade for the child while creating a request,08-OCT-24 08.59.42.214000 AM
13001727.0,Normal user tries to create new Provvidenza request for a child,08-OCT-24 09.27.54.731000 AM
7313.0,Normal user update grade for a child,08-OCT-24 08.52.15.103000 AM
5836.0,HR/Normal user tries to update the answer,11-OCT-24 04.03.21.642000 PM
5526.0,HR/Normal user tries to update the answer,03-OCT-24 03.00.18.733000 PM
6281.0,HR/Normal user tries to update the answer,03-OCT-24 03.00.32.365000 PM
6197.0,Normal user assign new grade for the child while creating a request,03-OCT-24 02.41.12.155000 PM
7588.0,HR/Normal user tries to update the answer,03-OCT-24 02.58.37.608000 PM
6170.0,Normal / HR user updates the answer,03-OCT-24 02.37.47.516000 PM
6595.0,Recupero dettagli utente per invio adesione Fondo Nazionale,30-OCT-24 09.48.58.631000 AM
5477.0,Normal user enters the Provvidenza Figli page,03-OCT-24 02.52.22.233000 PM
9208.0,Normal user enters the Provvidenza Figli page,03-OCT-24 02.40.57.129000 PM
6583.0,Normal user enters the Provvidenza Figli page,03-OCT-24 02.38.23.846000 PM
6601.0,Normal user tries to create new Provvidenza request for a child,03-OCT-24 02.52.16.394000 PM
5776.0,HR/Normal user tries to update the answer,07-OCT-24 11.55.33.909000 PM
6601.0,Normal user assign new grade for the child while creating a request,03-OCT-24 02.51.43.665000 PM
6122.0,Normal user enters the Provvidenza Figli page,03-OCT-24 02.57.26.031000 PM
8228.0,Normal user assign new grade for the child while creating a request,03-OCT-24 02.39.03.713000 PM
7430.0,HR/Normal user tries to update the answer,03-OCT-24 02.45.15.332000 PM
13002179.0,Normal user assign new grade for the child while creating a request,03-OCT-24 02.47.20.483000 PM
7588.0,HR/Normal user tries to update the answer,03-OCT-24 02.58.28.766000 PM
6383.0,HR/Normal user tries to update the answer,03-OCT-24 02.39.32.779000 PM
5095.0,Normal user enters the Provvidenza Figli page,01-OCT-24 12.53.33.299000 PM
5718.0,Normal user tries to create new Provvidenza request for a child,03-OCT-24 03.15.32.888000 PM
13001091.0,Verifica possibilità di accesso a fondo pensione per Scelta Welfare,20-OCT-24 11.23.27.408000 AM
6226.0,Normal user enters the Provvidenza Figli page,03-OCT-24 02.39.03.572000 PM
5501.0,HR/Normal user tries to update the answer,03-OCT-24 02.45.39.738000 PM
6847.0,HR/Normal user tries to update the answer,03-OCT-24 02.59.06.340000 PM
7272.0,Normal user enters the Provvidenza Figli page,03-OCT-24 02.59.44.676000 PM
6170.0,HR/Normal user tries to update the answer,03-OCT-24 02.38.42.593000 PM
13001727.0,HR/Normal user tries to update the answer,08-OCT-24 09.28.05.365000 AM
6847.0,Normal / HR user updates the answer,03-OCT-24 02.58.27.149000 PM
5776.0,HR tried to update grade,07-OCT-24 11.55.12.518000 PM
5096.0,Normal user enters the Provvidenza Figli page,03-OCT-24 02.56.36.128000 PM
5953.0,Normal user enters the Provvidenza Figli page,03-OCT-24 02.42.25.817000 PM
7439.0,Normal user enters the Provvidenza Figli page,03-OCT-24 03.11.32.813000 PM
7869.0,Normal user tries to create new Provvidenza request for a child,03-OCT-24 02.51.03.710000 PM
7588.0,Normal user tries to create new Provvidenza request for a child,03-OCT-24 02.58.16.463000 PM
13002935.0,Normal user enters the Provvidenza Figli page,03-OCT-24 02.38.59.979000 PM
6396.0,Normal user enters the Provvidenza Figli page,08-OCT-24 08.59.34.532000 AM
6386.0,HR/Normal user tries to update the answer,03-OCT-24 02.53.06.350000 PM
9438.0,Normal user enters the Provvidenza Figli page,03-OCT-24 03.07.21.144000 PM
6652.0,HR/Normal user tries to update the answer,03-OCT-24 03.05.24.788000 PM
6170.0,HR/Normal user tries to update the answer,03-OCT-24 02.38.16.829000 PM
7221.0,Normal user assign new grade for the child while creating a request,03-OCT-24 02.42.59.497000 PM
7485.0,HR/Normal user tries to update the answer,03-OCT-24 02.43.10.691000 PM
6983.0,Normal user enters the Provvidenza Figli page,03-OCT-24 02.56.04.654000 PM
13002413.0,Normal user enters the Provvidenza Figli page,03-OCT-24 03.03.10.665000 PM
5779.0,Normal user tries to create new Provvidenza request for a child,03-OCT-24 02.49.29.546000 PM
7615.0,Normal user enters the Provvidenza Figli page,03-OCT-24 02.44.44.385000 PM
6883.0,HR/Normal user tries to update the answer,03-OCT-24 03.02.03.221000 PM
5576.0,Normal user enters the Provvidenza Figli page,03-OCT-24 03.02.05.963000 PM
6599.0,HR/Normal user tries to update the answer,03-OCT-24 02.48.37.383000 PM
10678.0,HR/Normal user tries to update the answer,03-OCT-24 02.45.31.392000 PM
5708.0,Normal user assign new grade for the child while creating a request,03-OCT-24 02.51.48.198000 PM
6631.0,HR/Normal user tries to update the answer,03-OCT-24 02.54.04.314000 PM
6197.0,HR/Normal user tries to update the answer,03-OCT-24 02.41.33.930000 PM
7304.0,Normal user enters the Provvidenza Figli page,03-OCT-24 02.52.07.471000 PM
6170.0,HR/Normal user tries to update the answer,03-OCT-24 02.38.46.351000 PM
5528.0,Normal user enters the Provvidenza Figli page,03-OCT-24 02.55.03.977000 PM
13002128.0,Normal user assign new grade for the child while creating a request,03-OCT-24 02.57.03.136000 PM
5477.0,HR/Normal user tries to update the answer,03-OCT-24 02.52.11.561000 PM
5643.0,Normal user enters the Provvidenza Figli page,03-OCT-24 02.51.43.831000 PM
5708.0,HR/Normal user tries to update the answer,03-OCT-24 02.51.56.830000 PM
,Dettaglio elenco Cedolini e CU disponibili al download,29-OCT-24 08.08.04.422000 AM
6553.0,Normal / HR user updates the answer,03-OCT-24 02.37.49.060000 PM
5433.0,HR/Normal user tries to update the answer,03-OCT-24 02.59.58.369000 PM
6601.0,HR/Normal user tries to update the answer,03-OCT-24 02.50.48.444000 PM
7759.0,HR/Normal user tries to update the answer,03-OCT-24 03.07.03.356000 PM
5096.0,HR/Normal user tries to update the answer,03-OCT-24 02.57.06.349000 PM
7470.0,Normal user enters the Provvidenza Figli page,03-OCT-24 02.41.44.414000 PM
6610.0,Normal user enters the Provvidenza Figli page,03-OCT-24 03.06.07.858000 PM
5961.0,HR/Normal user tries to update the answer,03-OCT-24 03.05.10.951000 PM
5629.0,HR/Normal user tries to update the answer,03-OCT-24 03.09.42.340000 PM
5433.0,HR/Normal user tries to update the answer,03-OCT-24 02.59.48.057000 PM
7575.0,Normal user enters the Provvidenza Figli page,03-OCT-24 02.56.53.082000 PM
5477.0,Normal user assign new grade for the child while creating a request,03-OCT-24 02.51.56.776000 PM
7109.0,HR/Normal user tries to update the answer,03-OCT-24 03.06.11.250000 PM
,Dettaglio elenco Cedolini e CU disponibili al download,03-OCT-24 03.02.01.548000 PM
5842.0,HR/Normal user tries to update the answer,03-OCT-24 03.01.46.720000 PM
5435.0,HR/Normal user tries to update the answer,03-OCT-24 03.17.56.322000 PM
6914.0,HR/Normal user tries to update the answer,03-OCT-24 03.11.54.512000 PM
13002179.0,HR/Normal user tries to update the answer,03-OCT-24 02.47.42.700000 PM
5612.0,HR/Normal user tries to update the answer,03-OCT-24 02.43.01.050000 PM
9881.0,Normal user enters the Provvidenza Figli page,03-OCT-24 02.55.28.660000 PM
6601.0,HR/Normal user tries to update the answer,03-OCT-24 02.50.42.536000 PM
9208.0,HR/Normal user tries to update the answer,03-OCT-24 02.43.13.927000 PM
7869.0,HR/Normal user tries to update the answer,03-OCT-24 02.51.12.780000 PM
6652.0,Normal user enters the Provvidenza Figli page,03-OCT-24 03.04.08.926000 PM
7355.0,Normal user tries to create new Provvidenza request for a child,03-OCT-24 03.09.51.904000 PM
5320.0,HR/Normal user tries to update the answer,03-OCT-24 02.37.52.588000 PM
5954.0,Normal user assign new grade for the child while creating a request,03-OCT-24 03.06.55.751000 PM
13002580.0,HR/Normal user tries to update the answer,03-OCT-24 03.08.57.534000 PM
6121.0,HR/Normal user tries to update the answer,03-OCT-24 03.09.09.677000 PM
16010.0,Normal user enters the Provvidenza Figli page,03-OCT-24 03.06.39.076000 PM
13000371.0,Verifica possibilità di accesso a fondo pensione per Scelta Welfare,29-OCT-24 09.12.09.348000 AM
7355.0,HR/Normal user tries to update the answer,03-OCT-24 03.09.34.188000 PM
6727.0,Normal user tries to create new Provvidenza request for a child,03-OCT-24 03.01.11.689000 PM
,Dettaglio elenco Cedolini e CU disponibili al download,03-OCT-24 02.45.48.016000 PM
13002833.0,HR/Normal user tries to update the answer,03-OCT-24 02.53.22.323000 PM
7141.0,Normal user enters the Provvidenza Figli page,03-OCT-24 02.57.01.235000 PM
5290.0,HR/Normal user tries to update the answer,03-OCT-24 02.53.52.266000 PM
6121.0,HR tried to update grade,03-OCT-24 03.09.05.809000 PM
6245.0,HR tried to update grade,03-OCT-24 02.56.29.032000 PM
6103.0,Normal user enters the Provvidenza Figli page,03-OCT-24 03.09.01.099000 PM
13002930.0,Verifica possibilità di accesso a fondo pensione per Scelta Welfare,05-OCT-24 02.31.52.392000 PM
,Dettaglio elenco Cedolini e CU disponibili al download,09-OCT-24 02.52.34.592000 PM
7575.0,HR tried to update grade,03-OCT-24 02.55.55.932000 PM
8277.0,HR/Normal user tries to update the answer,03-OCT-24 02.40.45.829000 PM
7266.0,Normal user enters the Provvidenza Figli page,06-OCT-24 05.19.35.013000 PM
7803.0,HR/Normal user tries to update the answer,03-OCT-24 03.13.45.425000 PM
6199.0,Normal user enters the Provvidenza Figli page,09-OCT-24 02.53.26.812000 PM
,Download PDF dalla sezione Cedolini,09-OCT-24 06.51.51.881000 PM
16010.0,HR/Normal user tries to update the answer,03-OCT-24 03.09.19.511000 PM
,Download PDF dalla sezione Cedolini,31-OCT-24 05.56.27.485000 PM
5925.0,HR/Normal user tries to update the answer,09-OCT-24 06.17.54.356000 PM
,Dettaglio elenco Cedolini e CU disponibili al download,24-OCT-24 08.06.57.066000 PM
7398.0,HR/Normal user tries to update the answer,09-OCT-24 05.53.28.681000 PM
7485.0,HR/Normal user tries to update the answer,03-OCT-24 02.43.21.140000 PM
14634.0,Normal user enters the Provvidenza Figli page,09-OCT-24 06.02.30.113000 PM
,Dettaglio elenco Cedolini e CU disponibili al download,19-OCT-24 04.03.33.770000 PM
14619.0,HR/Normal user tries to update the answer,04-OCT-24 09.18.06.914000 PM
5925.0,Normal user tries to create new Provvidenza request for a child,09-OCT-24 06.19.04.172000 PM
,Dettaglio elenco Cedolini e CU disponibili al download,24-OCT-24 09.28.34.988000 PM
7485.0,Normal user assign new grade for the child while creating a request,03-OCT-24 02.43.04.518000 PM
,Download PDF dalla sezione Cedolini,10-OCT-24 02.47.06.868000 PM
6385.0,Normal user enters the Provvidenza Figli page,29-OCT-24 11.39.30.407000 AM
6167.0,HR/Normal user tries to update the answer,03-OCT-24 02.53.05.787000 PM
,Dettaglio elenco Cedolini e CU disponibili al download,21-OCT-24 08.48.50.894000 AM
,Download PDF dalla sezione Cedolini,24-OCT-24 09.08.13.013000 PM
7302.0,Normal user enters the Provvidenza Figli page,03-OCT-24 02.40.00.388000 PM
5612.0,HR/Normal user tries to update the answer,03-OCT-24 02.43.05.667000 PM
5327.0,HR/Normal user tries to update the answer,11-OCT-24 10.21.11.645000 AM
5335.0,Normal user enters the Provvidenza Figli page,04-OCT-24 09.28.30.044000 PM
13002986.0,Verifica possibilità di accesso a fondo pensione per Scelta Welfare,22-OCT-24 08.04.20.388000 PM
15600.0,HR/Normal user tries to update the answer,03-OCT-24 10.08.35.584000 PM
,Download PDF dalla sezione Cedolini,29-OCT-24 11.44.57.031000 AM
6400.0,HR/Normal user tries to update the answer,03-OCT-24 03.39.02.616000 PM
,Dettaglio elenco Cedolini e CU disponibili al download,18-OCT-24 08.53.19.264000 AM
6385.0,Normal user enters the Provvidenza Figli page,29-OCT-24 11.37.59.651000 AM
6003.0,Normal user tries to create new Provvidenza request for a child,03-OCT-24 10.44.50.081000 PM
5783.0,Normal user enters the Provvidenza Figli page,03-OCT-24 11.48.23.258000 PM
5783.0,HR/Normal user tries to update the answer,03-OCT-24 11.48.10.719000 PM
5804.0,HR/Normal user tries to update the answer,03-OCT-24 03.17.51.201000 PM
6199.0,HR user tries to load Funzioni Batch,28-OCT-24 05.25.56.851000 PM
6820.0,Normal user enters the Provvidenza Figli page,03-OCT-24 04.06.04.775000 PM
,Dettaglio elenco Cedolini e CU disponibili al download,16-OCT-24 02.34.16.866000 PM
7101.0,HR/Normal user tries to update the answer,03-OCT-24 04.00.48.463000 PM
,Download PDF dalla sezione Cedolini,03-OCT-24 03.49.10.442000 PM
,Download PDF dalla sezione Cedolini,03-OCT-24 03.50.16.984000 PM
,Dettaglio elenco Cedolini e CU disponibili al download,21-OCT-24 02.27.12.108000 PM
,Dettaglio elenco Cedolini e CU disponibili al download,31-OCT-24 10.23.28.226000 AM
,Dettaglio elenco Cedolini e CU disponibili al download,31-OCT-24 10.16.50.405000 AM
13001109.0,Normal user enters the Provvidenza Figli page,03-OCT-24 10.18.58.521000 PM
6199.0,Normal user enters the Provvidenza Figli page,23-OCT-24 11.38.37.774000 AM
13002734.0,Recupero dettagliutente per Scelta Welfare,23-OCT-24 11.37.31.457000 AM
5366.0,HR/Normal user tries to update the answer,21-OCT-24 01.13.31.731000 PM
7626.0,Normal user enters the Provvidenza Figli page,21-OCT-24 02.11.21.996000 PM
18291.0,Normal user enters the Provvidenza Figli page,09-OCT-24 06.41.09.016000 AM
5339.0,HR/Normal user tries to update the answer,07-OCT-24 06.37.55.562000 PM
,Dettaglio elenco Cedolini e CU disponibili al download,11-OCT-24 04.09.16.699000 PM
5366.0,Normal user enters the Provvidenza Figli page,21-OCT-24 01.13.35.872000 PM
7018.0,Download PDF dalla sezione Cedolini,02-OCT-24 04.05.47.373000 PM
,Dettaglio elenco Cedolini e CU disponibili al download,09-OCT-24 10.25.02.277000 AM
8730.0,HR/Normal user tries to update the answer,18-OCT-24 02.10.56.787000 PM
6733.0,HR/Normal user tries to update the answer,09-OCT-24 10.08.44.288000 AM
15872.0,Normal user enters the Provvidenza Figli page,09-OCT-24 10.00.00.250000 AM
7173.0,Normal user enters the Provvidenza Figli page,03-OCT-24 04.27.12.397000 PM
6513.0,HR/Normal user tries to update the answer,03-OCT-24 04.28.38.773000 PM
15457.0,HR/Normal user tries to update the answer,03-OCT-24 04.43.12.239000 PM
6641.0,HR/Normal user tries to update the answer,03-OCT-24 04.53.38.439000 PM
8136.0,Normal user tries to create new Provvidenza request for a child,03-OCT-24 04.35.08.597000 PM
15872.0,Normal user enters the Provvidenza Figli page,09-OCT-24 10.00.13.880000 AM
,Dettaglio elenco Cedolini e CU disponibili al download,21-OCT-24 10.18.05.371000 AM
6925.0,HR/Normal user tries to update the answer,03-OCT-24 04.20.27.189000 PM
,Dettaglio elenco Cedolini e CU disponibili al download,11-OCT-24 11.01.06.751000 AM
5812.0,HR/Normal user tries to update the answer,03-OCT-24 04.27.15.069000 PM
5812.0,HR/Normal user tries to update the answer,03-OCT-24 04.27.11.186000 PM
,Dettaglio elenco Cedolini e CU disponibili al download,24-OCT-24 08.04.08.859000 AM
9652.0,Normal user enters the Provvidenza Figli page,03-OCT-24 04.14.36.498000 PM
7071.0,HR tried to update grade,03-OCT-24 04.25.32.055000 PM
13001928.0,Normal user tries to create new Provvidenza request for a child,03-OCT-24 04.34.49.267000 PM
6925.0,HR/Normal user tries to update the answer,03-OCT-24 04.21.38.455000 PM
18000.0,HR/Normal user tries to update the answer,09-OCT-24 11.13.18.537000 AM
6925.0,HR/Normal user tries to update the answer,03-OCT-24 04.20.52.716000 PM
,Dettaglio elenco Cedolini e CU disponibili al download,24-OCT-24 02.32.54.505000 PM
15635.0,Download PDF dalla sezione Cedolini,03-OCT-24 04.21.10.582000 PM
6233.0,Normal user enters the Provvidenza Figli page,03-OCT-24 04.23.32.857000 PM
13002224.0,Normal user enters the Provvidenza Figli page,01-OCT-24 08.55.06.092000 AM
6358.0,HR/Normal user tries to update the answer,11-OCT-24 03.41.17.212000 PM
,Download PDF dalla sezione Cedolini,11-OCT-24 10.50.14.532000 AM
6665.0,HR tried to update grade,09-OCT-24 10.46.00.867000 AM
7726.0,Normal user assign new grade for the child while creating a request,03-OCT-24 04.41.43.799000 PM
,Dettaglio elenco Cedolini e CU disponibili al download,03-OCT-24 04.23.20.710000 PM
6003.0,Normal user enters the Provvidenza Figli page,03-OCT-24 10.42.23.979000 PM
5273.0,HR/Normal user tries to update the answer,03-OCT-24 04.13.49.709000 PM
6621.0,HR/Normal user tries to update the answer,03-OCT-24 04.22.28.519000 PM
6199.0,Normal user enters the Provvidenza Figli page,09-OCT-24 10.36.35.037000 AM
18000.0,Normal / HR user updates the answer,09-OCT-24 11.12.51.544000 AM
7071.0,HR/Normal user tries to update the answer,03-OCT-24 04.25.20.816000 PM
8136.0,HR/Normal user tries to update the answer,03-OCT-24 04.36.06.844000 PM
,Download PDF dalla sezione Cedolini,23-OCT-24 01.41.08.829000 PM
18000.0,Normal user enters the Provvidenza Figli page,09-OCT-24 10.52.52.050000 AM
,Download PDF dalla sezione Cedolini,23-OCT-24 02.13.34.412000 PM
6665.0,HR/Normal user tries to update the answer,09-OCT-24 10.45.25.409000 AM
5701.0,Normal / HR user updates the answer,03-OCT-24 04.42.04.626000 PM
7147.0,Normal user enters the Provvidenza Figli page,03-OCT-24 04.28.08.427000 PM
7147.0,Normal user enters the Provvidenza Figli page,03-OCT-24 04.30.13.003000 PM
11418.0,Normal user assign new grade for the child while creating a request,15-OCT-24 09.56.11.175000 PM
,Download PDF dalla sezione Cedolini,21-OCT-24 10.41.17.585000 AM
5879.0,Normal user tries to create new Provvidenza request for a child,03-OCT-24 04.24.05.292000 PM
6925.0,HR/Normal user tries to update the answer,03-OCT-24 04.21.45.699000 PM
,Dettaglio elenco Cedolini e CU disponibili al download,21-OCT-24 10.06.38.990000 AM
7170.0,Normal / HR user updates the answer,03-OCT-24 04.12.15.480000 PM
9685.0,Recupero dettagliutente per Scelta Welfare,31-OCT-24 12.43.38.055000 PM
6525.0,HR/Normal user tries to update the answer,07-OCT-24 09.41.53.482000 AM
,Dettaglio elenco Cedolini e CU disponibili al download,26-OCT-24 06.11.26.573000 PM
,Dettaglio elenco Cedolini e CU disponibili al download,25-OCT-24 05.47.42.843000 PM
13002926.0,Recupero dettagliutente per Scelta Welfare,02-OCT-24 02.30.42.030000 PM
8212.0,Normal user enters the Provvidenza Figli page,16-OCT-24 11.32.03.503000 AM
,Download PDF dalla sezione Cedolini,25-OCT-24 05.47.45.069000 PM
,Download PDF dalla sezione Cedolini,14-OCT-24 11.47.18.380000 AM
6161.0,Normal user enters the Provvidenza Figli page,04-OCT-24 05.27.45.575000 PM
,Dettaglio elenco Cedolini e CU disponibili al download,25-OCT-24 05.49.04.185000 PM
6855.0,Normal user assign new grade for the child while creating a request,03-OCT-24 05.42.59.990000 PM
,Download PDF dalla sezione Cedolini,15-OCT-24 08.49.24.683000 PM
5601.0,Normal user tries to create new Provvidenza request for a child,03-OCT-24 05.20.17.612000 PM
8969.0,Normal user tries to create new Provvidenza request for a child,04-OCT-24 06.17.58.950000 PM
,Dettaglio elenco Cedolini e CU disponibili al download,25-OCT-24 05.44.55.066000 PM
,Download PDF dalla sezione Cedolini,25-OCT-24 05.27.16.787000 PM
7375.0,HR/Normal user tries to update the answer,03-OCT-24 05.30.17.231000 PM
,Dettaglio elenco Cedolini e CU disponibili al download,14-OCT-24 04.25.03.633000 PM
,Dettaglio elenco Cedolini e CU disponibili al download,03-OCT-24 05.26.00.672000 PM
,Download PDF dalla sezione Cedolini,01-OCT-24 06.04.14.497000 PM
5712.0,Normal user enters the Provvidenza Figli page,03-OCT-24 05.33.59.796000 PM
5601.0,Normal user enters the Provvidenza Figli page,03-OCT-24 05.21.37.244000 PM
6163.0,HR/Normal user tries to update the answer,04-OCT-24 06.50.48.949000 PM
8264.0,Normal user update grade for a child,03-OCT-24 05.44.28.607000 PM
5188.0,Normal user tries to create new Provvidenza request for a child,04-OCT-24 04.48.35.847000 PM
6924.0,HR/Normal user tries to update the answer,08-OCT-24 05.11.41.184000 PM
,Dettaglio elenco Cedolini e CU disponibili al download,25-OCT-24 05.27.15.248000 PM
5624.0,Normal user enters the Provvidenza Figli page,22-OCT-24 08.28.25.429000 AM
,Dettaglio elenco Cedolini e CU disponibili al download,15-OCT-24 10.38.34.235000 AM
,Dettaglio elenco Cedolini e CU disponibili al download,25-OCT-24 07.00.57.044000 PM
18260.0,Normal user assign new grade for the child while creating a request,04-OCT-24 05.49.59.489000 PM
5188.0,Normal user update grade for a child,04-OCT-24 04.49.04.337000 PM
6169.0,HR/Normal user tries to update the answer,04-OCT-24 05.47.09.061000 PM
,Download PDF dalla sezione Cedolini,08-OCT-24 09.00.37.055000 AM
,Dettaglio elenco Cedolini e CU disponibili al download,04-OCT-24 05.39.59.276000 PM
11253.0,Normal user enters the Provvidenza Figli page,04-OCT-24 05.04.09.663000 PM
5358.0,HR/Normal user tries to update the answer,08-OCT-24 04.15.01.860000 PM
5712.0,HR/Normal user tries to update the answer,03-OCT-24 05.34.54.978000 PM
5817.0,Normal user enters the Provvidenza Figli page,03-OCT-24 05.49.25.375000 PM
8264.0,HR/Normal user tries to update the answer,03-OCT-24 05.43.05.425000 PM
7877.0,Normal user assign new grade for the child while creating a request,04-OCT-24 05.09.40.666000 PM
8163.0,Normal user tries to create new Provvidenza request for a child,08-OCT-24 05.09.26.334000 PM
,Download PDF dalla sezione Cedolini,01-OCT-24 05.35.58.307000 PM
6529.0,HR/Normal user tries to update the answer,03-OCT-24 05.36.58.415000 PM
,Download PDF dalla sezione Cedolini,25-OCT-24 06.05.11.643000 PM
8969.0,HR/Normal user tries to update the answer,04-OCT-24 06.20.12.159000 PM
5771.0,Normal user update grade for a child,04-OCT-24 06.44.34.884000 PM
13002975.0,Normal user tries to create new Provvidenza request for a child,22-OCT-24 08.32.16.859000 AM
,Dettaglio elenco Cedolini e CU disponibili al download,04-OCT-24 04.44.53.457000 PM
7941.0,Normal user enters the Provvidenza Figli page,04-OCT-24 05.02.29.581000 PM
7941.0,HR/Normal user tries to update the answer,04-OCT-24 05.02.19.380000 PM
13002975.0,HR/Normal user tries to update the answer,22-OCT-24 08.32.34.845000 AM
,Dettaglio elenco Cedolini e CU disponibili al download,22-OCT-24 03.07.20.368000 PM
6251.0,Dettaglio elenco Cedolini e CU disponibili al download,28-OCT-24 04.19.27.785000 PM
,Dettaglio elenco Cedolini e CU disponibili al download,03-OCT-24 11.23.18.926000 AM
11253.0,HR/Normal user tries to update the answer,04-OCT-24 05.04.40.226000 PM
13001785.0,Normal user tries to create new Provvidenza request for a child,28-OCT-24 04.56.39.188000 PM
,Dettaglio elenco Cedolini e CU disponibili al download,23-OCT-24 10.34.01.996000 AM
6529.0,Normal user enters the Provvidenza Figli page,03-OCT-24 05.35.53.030000 PM
,Dettaglio elenco Cedolini e CU disponibili al download,14-OCT-24 04.34.50.233000 PM
,Download PDF dalla sezione Cedolini,28-OCT-24 04.28.58.921000 PM
,Lettura e accettazione dell'accordo di smartworking,03-OCT-24 11.20.00.682000 AM
6199.0,Normal user enters the Provvidenza Figli page,28-OCT-24 04.43.23.402000 PM
6032.0,Dettaglio elenco Cedolini e CU disponibili al download,28-OCT-24 04.18.54.726000 PM
6130.0,Dettaglio elenco Cedolini e CU disponibili al download,28-OCT-24 04.35.49.372000 PM
6258.0,Dettaglio elenco Cedolini e CU disponibili al download,03-OCT-24 11.38.21.710000 AM
,Dettaglio elenco Cedolini e CU disponibili al download,03-OCT-24 11.43.27.479000 AM
8262.0,Dettaglio elenco Cedolini e CU disponibili al download,28-OCT-24 04.32.44.087000 PM
5538.0,Dettaglio elenco Cedolini e CU disponibili al download,28-OCT-24 04.36.36.053000 PM
13001387.0,Recupero dettagliutente per Scelta Welfare,28-OCT-24 04.11.18.388000 PM
7231.0,Normal user enters the Provvidenza Figli page,08-OCT-24 09.17.14.641000 AM
,Download PDF dalla sezione Cedolini,23-OCT-24 10.32.32.826000 AM
,Download PDF dalla sezione Cedolini,23-OCT-24 10.32.52.182000 AM
8008.0,Dettaglio elenco Cedolini e CU disponibili al download,28-OCT-24 04.22.20.658000 PM
6130.0,Dettaglio elenco Cedolini e CU disponibili al download,28-OCT-24 04.35.35.073000 PM
6396.0,Normal user tries to create new Provvidenza request for a child,08-OCT-24 08.58.03.487000 AM
6037.0,Verifica possibilità di accesso a fondo pensione per Scelta Welfare,22-OCT-24 04.27.11.550000 PM
13001210.0,Verifica possibilità di accesso a fondo pensione per Scelta Welfare,28-OCT-24 04.21.05.886000 PM
6058.0,Normal user enters the Provvidenza Figli page,02-OCT-24 12.37.42.723000 PM
,Download PDF dalla sezione Cedolini,23-OCT-24 10.33.03.519000 AM
5612.0,Dettaglio elenco Cedolini e CU disponibili al download,28-OCT-24 03.54.42.861000 PM
,Dettaglio elenco Cedolini e CU disponibili al download,28-OCT-24 04.24.21.350000 PM
,Dettaglio elenco Cedolini e CU disponibili al download,15-OCT-24 12.29.00.874000 PM
13002682.0,Recupero dettagliutente per Scelta Welfare,03-OCT-24 11.11.11.881000 AM
9223.0,Recupero dettagli utente per invio adesione Fondo Nazionale,28-OCT-24 04.18.57.314000 PM
,Download PDF dalla sezione Cedolini,15-OCT-24 12.00.16.080000 PM
,Download PDF dalla sezione Cedolini,23-OCT-24 10.33.49.434000 AM
5358.0,Normal / HR user updates the answer,08-OCT-24 04.15.05.847000 PM
13001682.0,Verifica possibilità di accesso a fondo pensione per Scelta Welfare,01-OCT-24 12.36.57.647000 AM
,Dettaglio elenco Cedolini e CU disponibili al download,29-OCT-24 12.57.55.622000 PM
,Download PDF dalla sezione Cedolini,23-OCT-24 10.33.50.717000 AM
13000909.0,Verifica possibilità di accesso a fondo pensione per Scelta Welfare,22-OCT-24 04.51.33.431000 PM
,Download PDF dalla sezione Cedolini,28-OCT-24 04.24.35.632000 PM
,Download PDF dalla sezione Cedolini,29-OCT-24 01.15.08.067000 PM
13001545.0,Recupero dettagliutente per Scelta Welfare,29-OCT-24 12.57.51.462000 PM
13002729.0,Normal user enters the Provvidenza Figli page,16-OCT-24 10.54.15.885000 AM
,Download PDF dalla sezione Cedolini,15-OCT-24 12.44.19.078000 PM
,Dettaglio elenco Cedolini e CU disponibili al download,28-OCT-24 04.17.03.092000 PM
13002296.0,Recupero dettagli utente per Scelta orario di lavoro,28-OCT-24 04.44.31.082000 PM
,Download PDF dalla sezione Cedolini,23-OCT-24 10.33.57.137000 AM
,Dettaglio elenco Cedolini e CU disponibili al download,25-OCT-24 12.03.26.290000 PM
13002296.0,Recupero dettagliutente per Scelta Welfare,28-OCT-24 04.45.12.840000 PM
13000484.0,Normal user enters the Provvidenza Figli page,22-OCT-24 05.31.09.738000 PM
,Dettaglio elenco Cedolini e CU disponibili al download,25-OCT-24 12.15.15.383000 PM
,Download PDF dalla sezione Cedolini,28-OCT-24 04.42.37.743000 PM
6130.0,Dettaglio elenco Cedolini e CU disponibili al download,28-OCT-24 04.40.55.522000 PM
,Download PDF dalla sezione Cedolini,25-OCT-24 12.04.31.359000 PM
,Dettaglio elenco Cedolini e CU disponibili al download,29-OCT-24 01.39.57.903000 PM
13002124.0,Recupero dettagli utente per Scelta orario di lavoro,29-OCT-24 12.38.39.842000 PM
16317.0,Verifica possibilità di accesso a fondo pensione per Scelta Welfare,21-OCT-24 06.06.31.969000 PM
,Dettaglio elenco Cedolini e CU disponibili al download,25-OCT-24 12.05.06.443000 PM
,Dettaglio elenco Cedolini e CU disponibili al download,28-OCT-24 05.06.49.001000 PM
,Dettaglio elenco Cedolini e CU disponibili al download,25-OCT-24 11.57.56.326000 AM
,Dettaglio elenco Cedolini e CU disponibili al download,28-OCT-24 04.27.20.942000 PM
13002574.0,Recupero dettagli utente per Scelta orario di lavoro,25-OCT-24 12.32.00.224000 PM
,Dettaglio elenco Cedolini e CU disponibili al download,21-OCT-24 02.41.15.790000 PM
6151.0,HR/Normal user tries to update the answer,25-OCT-24 11.53.06.278000 AM
6151.0,HR/Normal user tries to update the answer,25-OCT-24 11.52.57.438000 AM
,Dettaglio elenco Cedolini e CU disponibili al download,24-OCT-24 06.16.29.393000 PM
,Download PDF dalla sezione Cedolini,07-OCT-24 02.37.42.380000 PM
,Download PDF dalla sezione Cedolini,14-OCT-24 09.23.09.012000 AM
5946.0,HR/Normal user tries to update the answer,16-OCT-24 05.32.21.026000 PM
13002986.0,Verifica possibilità di accesso a fondo pensione per Scelta Welfare,22-OCT-24 05.09.43.506000 PM
,Dettaglio elenco Cedolini e CU disponibili al download,25-OCT-24 11.53.16.674000 AM
7403.0,Dettaglio elenco Cedolini e CU disponibili al download,29-OCT-24 01.01.50.327000 PM
6151.0,Normal user enters the Provvidenza Figli page,25-OCT-24 11.50.20.591000 AM
13002957.0,Recupero dettagliutente per Scelta Welfare,25-OCT-24 08.52.14.463000 AM
,Download PDF dalla sezione Cedolini,23-OCT-24 10.32.13.009000 AM
5934.0,HR/Normal user tries to update the answer,07-OCT-24 02.11.16.496000 PM
9049.0,HR/Normal user tries to update the answer,09-OCT-24 09.22.20.755000 AM
,Download PDF dalla sezione Cedolini,25-OCT-24 09.04.54.000000 AM
,Download PDF dalla sezione Cedolini,25-OCT-24 09.05.45.876000 AM
,Dettaglio elenco Cedolini e CU disponibili al download,22-OCT-24 03.44.54.943000 PM
,Dettaglio elenco Cedolini e CU disponibili al download,24-OCT-24 06.04.50.453000 PM
,Dettaglio elenco Cedolini e CU disponibili al download,24-OCT-24 11.13.50.831000 AM
,Dettaglio elenco Cedolini e CU disponibili al download,25-OCT-24 07.37.44.129000 AM
13000665.0,Verifica possibilità di accesso a fondo pensione per Scelta Welfare,28-OCT-24 04.58.35.407000 PM
,Dettaglio elenco Cedolini e CU disponibili al download,30-OCT-24 03.03.39.793000 PM
,Download PDF dalla sezione Cedolini,24-OCT-24 05.51.25.560000 PM
,Dettaglio elenco Cedolini e CU disponibili al download,24-OCT-24 05.51.23.731000 PM
,Dettaglio elenco Cedolini e CU disponibili al download,01-OCT-24 11.54.15.027000 AM
8979.0,Dettaglio elenco Cedolini e CU disponibili al download,25-OCT-24 08.28.07.001000 AM
5621.0,Normal user enters the Provvidenza Figli page,30-OCT-24 03.26.50.034000 PM
5621.0,Normal user tries to create new Provvidenza request for a child,30-OCT-24 03.25.18.205000 PM
,Download PDF dalla sezione Cedolini,25-OCT-24 08.19.26.055000 AM
6837.0,Normal user enters the Provvidenza Figli page,10-OCT-24 05.03.37.596000 PM
,Dettaglio elenco Cedolini e CU disponibili al download,25-OCT-24 08.13.23.981000 AM
6578.0,Normal user assign new grade for the child while creating a request,03-OCT-24 02.09.29.929000 PM
5854.0,HR/Normal user tries to update the answer,03-OCT-24 01.31.53.163000 PM
5891.0,Normal user enters the Provvidenza Figli page,03-OCT-24 01.27.03.712000 PM
5855.0,HR/Normal user tries to update the answer,03-OCT-24 02.10.28.370000 PM
17324.0,Normal user tries to create new Provvidenza request for a child,03-OCT-24 02.14.29.815000 PM
7386.0,HR tried to update grade,03-OCT-24 01.24.15.750000 PM
8049.0,HR/Normal user tries to update the answer,03-OCT-24 02.32.40.515000 PM
7637.0,Normal / HR user updates the answer,03-OCT-24 01.25.03.357000 PM
6364.0,HR/Normal user tries to update the answer,03-OCT-24 01.30.49.551000 PM
7002.0,HR/Normal user tries to update the answer,03-OCT-24 01.33.10.634000 PM
6531.0,Normal user assign new grade for the child while creating a request,03-OCT-24 02.32.58.790000 PM
6926.0,HR/Normal user tries to update the answer,03-OCT-24 01.49.46.423000 PM
7487.0,HR/Normal user tries to update the answer,03-OCT-24 01.27.28.523000 PM
7200.0,HR/Normal user tries to update the answer,03-OCT-24 01.26.48.370000 PM
6367.0,HR/Normal user tries to update the answer,03-OCT-24 01.24.01.375000 PM
6246.0,HR tried to update grade,03-OCT-24 01.50.56.117000 PM
5582.0,Normal user enters the Provvidenza Figli page,03-OCT-24 01.40.47.151000 PM
7926.0,HR/Normal user tries to update the answer,03-OCT-24 02.35.18.677000 PM
5788.0,Dettaglio elenco Cedolini e CU disponibili al download,03-OCT-24 01.39.42.777000 PM
6837.0,HR/Normal user tries to update the answer,10-OCT-24 05.03.17.628000 PM
,Download PDF dalla sezione Cedolini,25-OCT-24 11.39.07.235000 AM
7283.0,Normal user tries to create new Provvidenza request for a child,03-OCT-24 01.26.31.848000 PM
6708.0,Normal user tries to create new Provvidenza request for a child,03-OCT-24 01.27.24.407000 PM
,Download PDF dalla sezione Cedolini,25-OCT-24 11.59.47.651000 AM
8350.0,HR/Normal user tries to update the answer,03-OCT-24 01.22.55.255000 PM
6736.0,HR/Normal user tries to update the answer,03-OCT-24 02.07.46.252000 PM
5562.0,Normal user assign new grade for the child while creating a request,03-OCT-24 01.25.30.751000 PM
,Dettaglio elenco Cedolini e CU disponibili al download,03-OCT-24 01.40.17.444000 PM
5927.0,Normal user enters the Provvidenza Figli page,03-OCT-24 01.33.37.528000 PM
13000760.0,Normal user enters the Provvidenza Figli page,03-OCT-24 01.29.38.962000 PM
7615.0,HR/Normal user tries to update the answer,03-OCT-24 01.25.08.353000 PM
7199.0,Normal user tries to create new Provvidenza request for a child,03-OCT-24 01.29.10.970000 PM
6844.0,Normal user enters the Provvidenza Figli page,03-OCT-24 01.32.06.090000 PM
6221.0,HR/Normal user tries to update the answer,03-OCT-24 02.28.42.639000 PM
6778.0,HR/Normal user tries to update the answer,03-OCT-24 01.32.29.435000 PM
8116.0,Normal user enters the Provvidenza Figli page,03-OCT-24 01.31.47.811000 PM
6243.0,Recupero dettagliutente per Scelta Welfare,03-OCT-24 02.13.40.913000 PM
7926.0,HR/Normal user tries to update the answer,03-OCT-24 02.35.23.719000 PM
5927.0,Normal user assign new grade for the child while creating a request,03-OCT-24 01.22.42.134000 PM
6082.0,HR/Normal user tries to update the answer,03-OCT-24 01.24.19.015000 PM
7743.0,Normal user enters the Provvidenza Figli page,08-OCT-24 10.33.40.772000 AM
16805.0,HR/Normal user tries to update the answer,03-OCT-24 01.41.01.316000 PM
6531.0,Normal user tries to create new Provvidenza request for a child,03-OCT-24 02.34.29.377000 PM
,Download PDF dalla sezione Cedolini,03-OCT-24 02.30.47.817000 PM
,Download PDF dalla sezione Cedolini,25-OCT-24 07.34.37.081000 AM
8116.0,HR/Normal user tries to update the answer,03-OCT-24 01.30.42.599000 PM
5846.0,Normal user tries to create new Provvidenza request for a child,03-OCT-24 02.24.29.745000 PM
,Download PDF dalla sezione Cedolini,25-OCT-24 11.20.06.311000 AM
7165.0,HR tried to update grade,03-OCT-24 02.16.10.829000 PM
6528.0,Normal user enters the Provvidenza Figli page,03-OCT-24 02.30.39.744000 PM
5939.0,HR/Normal user tries to update the answer,03-OCT-24 04.12.12.899000 PM
6059.0,HR/Normal user tries to update the answer,03-OCT-24 01.37.08.386000 PM
5589.0,Normal user enters the Provvidenza Figli page,03-OCT-24 02.29.10.299000 PM
16786.0,Normal user enters the Provvidenza Figli page,03-OCT-24 01.50.07.819000 PM
6372.0,HR/Normal user tries to update the answer,03-OCT-24 01.27.16.961000 PM
5788.0,Normal user enters the Provvidenza Figli page,03-OCT-24 01.37.24.432000 PM
5994.0,Normal user assign new grade for the child while creating a request,03-OCT-24 01.41.12.044000 PM
7018.0,HR/Normal user tries to update the answer,03-OCT-24 02.10.53.946000 PM
7147.0,HR/Normal user tries to update the answer,03-OCT-24 04.30.47.457000 PM
8028.0,Normal user enters the Provvidenza Figli page,03-OCT-24 02.27.11.450000 PM
,Dettaglio elenco Cedolini e CU disponibili al download,08-OCT-24 10.39.17.644000 AM
5527.0,Normal user tries to create new Provvidenza request for a child,08-OCT-24 10.11.02.777000 AM
19217.0,Normal user tries to create new Provvidenza request for a child,03-OCT-24 02.28.15.722000 PM
5775.0,HR/Normal user tries to update the answer,03-OCT-24 02.19.16.770000 PM
8040.0,Normal user tries to create new Provvidenza request for a child,03-OCT-24 01.55.09.759000 PM
7165.0,HR/Normal user tries to update the answer,03-OCT-24 02.16.14.799000 PM
6372.0,HR/Normal user tries to update the answer,03-OCT-24 01.26.29.634000 PM
,Dettaglio elenco Cedolini e CU disponibili al download,03-OCT-24 02.31.46.036000 PM
6131.0,HR/Normal user tries to update the answer,03-OCT-24 01.40.45.888000 PM
5869.0,Normal user enters the Provvidenza Figli page,03-OCT-24 02.30.25.490000 PM
8330.0,Normal / HR user updates the answer,03-OCT-24 02.25.08.762000 PM
6246.0,Normal user update grade for a child,03-OCT-24 01.53.32.373000 PM
6104.0,HR/Normal user tries to update the answer,03-OCT-24 02.26.45.200000 PM
6006.0,Normal user tries to create new Provvidenza request for a child,03-OCT-24 01.44.49.092000 PM
6553.0,HR/Normal user tries to update the answer,03-OCT-24 02.37.43.734000 PM
6685.0,Normal user enters the Provvidenza Figli page,03-OCT-24 02.13.07.085000 PM
,Download PDF dalla sezione Cedolini,25-OCT-24 08.30.42.313000 AM
5683.0,HR/Normal user tries to update the answer,15-OCT-24 10.35.23.153000 AM
6226.0,HR/Normal user tries to update the answer,03-OCT-24 02.37.00.539000 PM
5524.0,HR/Normal user tries to update the answer,14-OCT-24 09.10.04.752000 AM
,Download PDF dalla sezione Cedolini,03-OCT-24 02.31.14.290000 PM
6016.0,Normal user tries to create new Provvidenza request for a child,03-OCT-24 02.00.44.848000 PM
8049.0,HR/Normal user tries to update the answer,03-OCT-24 02.32.26.259000 PM
6763.0,Normal user assign new grade for the child while creating a request,03-OCT-24 01.24.56.181000 PM
8516.0,HR/Normal user tries to update the answer,03-OCT-24 02.23.19.061000 PM
7099.0,Normal user assign new grade for the child while creating a request,03-OCT-24 01.56.17.034000 PM
8287.0,HR tried to update grade,03-OCT-24 02.32.44.868000 PM
7185.0,Normal user tries to create new Provvidenza request for a child,03-OCT-24 02.28.31.517000 PM
7199.0,HR/Normal user tries to update the answer,03-OCT-24 01.30.50.529000 PM
7752.0,Normal user enters the Provvidenza Figli page,03-OCT-24 01.23.16.137000 PM
5600.0,HR/Normal user tries to update the answer,03-OCT-24 02.37.38.641000 PM
10644.0,HR/Normal user tries to update the answer,03-OCT-24 02.30.17.186000 PM
6104.0,HR/Normal user tries to update the answer,03-OCT-24 02.26.58.766000 PM
7331.0,Normal user tries to create new Provvidenza request for a child,03-OCT-24 02.05.46.445000 PM
,Download PDF dalla sezione Cedolini,15-OCT-24 09.15.54.849000 AM
6238.0,Normal user assign new grade for the child while creating a request,03-OCT-24 02.06.22.534000 PM
5994.0,HR/Normal user tries to update the answer,03-OCT-24 01.41.52.565000 PM
6528.0,Normal user tries to create new Provvidenza request for a child,03-OCT-24 02.30.46.859000 PM
7949.0,Normal user enters the Provvidenza Figli page,03-OCT-24 01.36.51.154000 PM
5729.0,Normal user enters the Provvidenza Figli page,03-OCT-24 02.33.12.487000 PM
7165.0,Normal user assign new grade for the child while creating a request,03-OCT-24 02.16.05.485000 PM
7600.0,HR/Normal user tries to update the answer,03-OCT-24 01.47.40.771000 PM
6393.0,HR/Normal user tries to update the answer,03-OCT-24 01.58.55.373000 PM
6131.0,HR/Normal user tries to update the answer,03-OCT-24 01.41.11.972000 PM
5957.0,HR/Normal user tries to update the answer,03-OCT-24 01.37.22.272000 PM
,Dettaglio elenco Cedolini e CU disponibili al download,25-OCT-24 12.43.10.353000 PM
6243.0,Download PDF dalla sezione Cedolini,03-OCT-24 02.15.11.161000 PM
6787.0,HR/Normal user tries to update the answer,03-OCT-24 01.44.37.507000 PM
7926.0,HR/Normal user tries to update the answer,03-OCT-24 02.35.07.742000 PM
5729.0,HR/Normal user tries to update the answer,03-OCT-24 02.32.19.265000 PM
5604.0,HR/Normal user tries to update the answer,03-OCT-24 01.27.36.594000 PM
7165.0,Normal user enters the Provvidenza Figli page,03-OCT-24 02.17.35.712000 PM
7600.0,Dettaglio elenco Cedolini e CU disponibili al download,03-OCT-24 01.27.47.767000 PM
5891.0,Normal / HR user updates the answer,03-OCT-24 01.26.41.526000 PM
8330.0,Normal user enters the Provvidenza Figli page,03-OCT-24 02.24.54.194000 PM
7040.0,HR/Normal user tries to update the answer,03-OCT-24 02.05.21.218000 PM
5185.0,HR/Normal user tries to update the answer,03-OCT-24 02.19.51.830000 PM
6709.0,HR/Normal user tries to update the answer,03-OCT-24 02.00.32.730000 PM
5784.0,Dettaglio elenco Cedolini e CU disponibili al download,03-OCT-24 02.33.15.219000 PM
,Dettaglio elenco Cedolini e CU disponibili al download,25-OCT-24 08.30.40.853000 AM
6131.0,Normal user tries to create new Provvidenza request for a child,03-OCT-24 01.40.28.390000 PM
7185.0,Normal user assign new grade for the child while creating a request,03-OCT-24 02.27.37.897000 PM
9223.0,HR/Normal user tries to update the answer,03-OCT-24 02.06.07.742000 PM
8079.0,Normal user tries to create new Provvidenza request for a child,03-OCT-24 02.23.03.210000 PM
5725.0,HR/Normal user tries to update the answer,03-OCT-24 02.00.35.301000 PM
5273.0,Normal user tries to create new Provvidenza request for a child,03-OCT-24 04.13.32.390000 PM
5812.0,Normal user enters the Provvidenza Figli page,03-OCT-24 04.27.40.922000 PM
7675.0,HR/Normal user tries to update the answer,03-OCT-24 01.59.55.919000 PM
16805.0,Normal user update grade for a child,03-OCT-24 01.40.54.986000 PM
6527.0,HR/Normal user tries to update the answer,03-OCT-24 02.10.54.067000 PM
5657.0,HR/Normal user tries to update the answer,03-OCT-24 02.18.28.164000 PM
5621.0,Normal user assign new grade for the child while creating a request,30-OCT-24 03.25.18.428000 PM
6823.0,Normal user tries to create new Provvidenza request for a child,03-OCT-24 02.28.43.691000 PM
6778.0,Normal user tries to create new Provvidenza request for a child,03-OCT-24 01.31.53.340000 PM
5530.0,Normal user enters the Provvidenza Figli page,03-OCT-24 01.30.23.185000 PM
,Dettaglio elenco Cedolini e CU disponibili al download,03-OCT-24 02.08.28.835000 PM
13001053.0,Normal user enters the Provvidenza Figli page,03-OCT-24 01.42.47.425000 PM
7185.0,HR/Normal user tries to update the answer,03-OCT-24 02.28.38.993000 PM
7606.0,Normal user enters the Provvidenza Figli page,03-OCT-24 01.28.13.785000 PM
7819.0,HR/Normal user tries to update the answer,03-OCT-24 01.47.50.923000 PM
8274.0,Dettaglio elenco Cedolini e CU disponibili al download,03-OCT-24 02.14.42.416000 PM
7018.0,HR/Normal user tries to update the answer,03-OCT-24 02.10.41.775000 PM
13002479.0,HR/Normal user tries to update the answer,03-OCT-24 02.18.54.495000 PM
6709.0,Normal / HR user updates the answer,03-OCT-24 02.01.06.934000 PM
5254.0,HR/Normal user tries to update the answer,03-OCT-24 01.25.31.467000 PM
5891.0,HR/Normal user tries to update the answer,03-OCT-24 01.26.34.597000 PM
5472.0,HR/Normal user tries to update the answer,03-OCT-24 01.31.42.538000 PM
,Download PDF dalla sezione Cedolini,03-OCT-24 02.16.14.650000 PM
7047.0,Normal user enters the Provvidenza Figli page,03-OCT-24 01.28.00.857000 PM
5336.0,HR/Normal user tries to update the answer,03-OCT-24 02.35.32.483000 PM
13001767.0,HR/Normal user tries to update the answer,03-OCT-24 01.30.09.240000 PM
7726.0,Normal user enters the Provvidenza Figli page,03-OCT-24 04.41.41.163000 PM
,Download PDF dalla sezione Cedolini,03-OCT-24 02.31.27.508000 PM
6870.0,HR/Normal user tries to update the answer,03-OCT-24 01.25.20.913000 PM
6206.0,Normal / HR user updates the answer,03-OCT-24 01.26.53.139000 PM
7386.0,HR/Normal user tries to update the answer,03-OCT-24 01.24.22.881000 PM
5978.0,Normal user enters the Provvidenza Figli page,03-OCT-24 02.08.20.363000 PM
6389.0,Normal user assign new grade for the child while creating a request,08-OCT-24 10.36.42.252000 AM
7237.0,Dettaglio elenco Cedolini e CU disponibili al download,03-OCT-24 01.49.50.362000 PM
7207.0,Normal user tries to create new Provvidenza request for a child,03-OCT-24 01.24.16.429000 PM
17648.0,Normal user tries to create new Provvidenza request for a child,03-OCT-24 02.02.38.565000 PM
6206.0,HR/Normal user tries to update the answer,03-OCT-24 01.27.11.803000 PM
5802.0,HR/Normal user tries to update the answer,03-OCT-24 01.22.51.607000 PM
6372.0,Normal user enters the Provvidenza Figli page,03-OCT-24 01.24.59.654000 PM
,Dettaglio elenco Cedolini e CU disponibili al download,25-OCT-24 11.59.42.644000 AM
,Download PDF dalla sezione Cedolini,25-OCT-24 11.31.03.458000 AM
7662.0,HR/Normal user tries to update the answer,03-OCT-24 02.01.02.978000 PM
19217.0,Normal user enters the Provvidenza Figli page,03-OCT-24 02.27.42.087000 PM
19217.0,Normal user enters the Provvidenza Figli page,03-OCT-24 02.29.25.395000 PM
6531.0,HR/Normal user tries to update the answer,03-OCT-24 02.33.49.157000 PM
7268.0,Normal user enters the Provvidenza Figli page,03-OCT-24 02.03.48.306000 PM
5977.0,HR/Normal user tries to update the answer,03-OCT-24 01.34.02.360000 PM
13002935.0,Normal user enters the Provvidenza Figli page,03-OCT-24 02.11.04.128000 PM
6080.0,Normal user enters the Provvidenza Figli page,03-OCT-24 02.32.43.879000 PM
13001767.0,HR/Normal user tries to update the answer,03-OCT-24 01.29.59.966000 PM
6531.0,Normal user enters the Provvidenza Figli page,03-OCT-24 02.35.48.522000 PM
6709.0,HR/Normal user tries to update the answer,03-OCT-24 02.00.26.192000 PM
7689.0,Normal user enters the Provvidenza Figli page,03-OCT-24 02.31.21.572000 PM
,Download PDF dalla sezione Cedolini,25-OCT-24 11.45.37.945000 AM
6024.0,HR/Normal user tries to update the answer,08-OCT-24 10.07.53.695000 AM
6131.0,Normal user update grade for a child,03-OCT-24 01.41.57.292000 PM
,Dettaglio elenco Cedolini e CU disponibili al download,08-OCT-24 03.10.56.191000 PM
8516.0,Normal user enters the Provvidenza Figli page,03-OCT-24 02.22.27.880000 PM
8330.0,Normal user tries to create new Provvidenza request for a child,03-OCT-24 02.21.01.074000 PM
17151.0,HR/Normal user tries to update the answer,11-OCT-24 06.12.47.467000 PM
13000484.0,HR/Normal user tries to update the answer,03-OCT-24 02.15.40.544000 PM
8040.0,HR/Normal user tries to update the answer,03-OCT-24 01.55.51.815000 PM
5254.0,HR/Normal user tries to update the answer,03-OCT-24 01.25.21.976000 PM
7690.0,Normal / HR user updates the answer,03-OCT-24 01.34.54.991000 PM
6980.0,HR/Normal user tries to update the answer,03-OCT-24 01.37.59.629000 PM
6685.0,HR/Normal user tries to update the answer,03-OCT-24 02.13.44.651000 PM
,Download PDF dalla sezione Cedolini,25-OCT-24 11.34.13.461000 AM
5527.0,Normal user enters the Provvidenza Figli page,08-OCT-24 10.16.15.530000 AM
,Download PDF dalla sezione Cedolini,15-OCT-24 11.19.36.535000 AM
6794.0,HR tried to update grade,03-OCT-24 01.46.39.057000 PM
13001862.0,HR tried to update grade,03-OCT-24 01.34.30.378000 PM
13001175.0,HR/Normal user tries to update the answer,03-OCT-24 01.30.46.598000 PM
5222.0,Normal user enters the Provvidenza Figli page,22-OCT-24 06.06.55.110000 AM
6059.0,HR/Normal user tries to update the answer,03-OCT-24 01.36.57.120000 PM
5409.0,Normal user enters the Provvidenza Figli page,03-OCT-24 01.59.28.616000 PM
17474.0,HR/Normal user tries to update the answer,03-OCT-24 02.27.06.537000 PM
6952.0,Normal user tries to create new Provvidenza request for a child,03-OCT-24 02.04.23.997000 PM
8866.0,Normal user enters the Provvidenza Figli page,03-OCT-24 02.01.54.761000 PM
7675.0,HR/Normal user tries to update the answer,03-OCT-24 02.00.01.944000 PM
13002840.0,Normal / HR user updates the answer,08-OCT-24 03.03.05.381000 PM
6238.0,Normal user tries to create new Provvidenza request for a child,03-OCT-24 02.06.22.385000 PM
13002840.0,HR/Normal user tries to update the answer,08-OCT-24 03.05.39.531000 PM
8091.0,HR/Normal user tries to update the answer,03-OCT-24 02.31.05.886000 PM
5977.0,HR/Normal user tries to update the answer,03-OCT-24 01.34.06.169000 PM
6624.0,Normal user tries to create new Provvidenza request for a child,03-OCT-24 01.33.21.283000 PM
6887.0,HR/Normal user tries to update the answer,08-OCT-24 02.59.01.428000 PM
5994.0,HR tried to update grade,03-OCT-24 01.45.00.689000 PM
7111.0,HR/Normal user tries to update the answer,03-OCT-24 02.30.01.514000 PM
8028.0,HR/Normal user tries to update the answer,03-OCT-24 02.30.38.654000 PM
9223.0,HR/Normal user tries to update the answer,03-OCT-24 02.05.14.126000 PM
6080.0,Normal user enters the Provvidenza Figli page,03-OCT-24 02.31.19.488000 PM
6238.0,HR/Normal user tries to update the answer,03-OCT-24 02.06.34.476000 PM
6582.0,Normal user enters the Provvidenza Figli page,03-OCT-24 02.04.27.360000 PM
5855.0,Normal user tries to create new Provvidenza request for a child,03-OCT-24 02.10.16.063000 PM
7165.0,Normal user tries to create new Provvidenza request for a child,03-OCT-24 02.17.17.430000 PM
5659.0,HR/Normal user tries to update the answer,03-OCT-24 02.19.08.051000 PM
5409.0,HR/Normal user tries to update the answer,03-OCT-24 01.59.54.294000 PM
6582.0,Normal / HR user updates the answer,03-OCT-24 02.02.54.002000 PM
7626.0,Normal user enters the Provvidenza Figli page,21-OCT-24 01.15.04.560000 PM
6582.0,HR/Normal user tries to update the answer,03-OCT-24 02.03.42.521000 PM
5657.0,HR/Normal user tries to update the answer,03-OCT-24 02.20.03.926000 PM
6016.0,HR/Normal user tries to update the answer,03-OCT-24 02.00.59.673000 PM
16786.0,HR/Normal user tries to update the answer,03-OCT-24 01.48.39.543000 PM
8287.0,Normal user assign new grade for the child while creating a request,03-OCT-24 02.32.39.854000 PM
13002930.0,Recupero dettagliutente per Scelta Welfare,01-OCT-24 08.24.44.416000 PM
,Dettaglio elenco Cedolini e CU disponibili al download,28-OCT-24 12.00.28.950000 PM
6394.0,Normal user tries to create new Provvidenza request for a child,08-OCT-24 03.41.50.200000 PM
5834.0,HR/Normal user tries to update the answer,03-OCT-24 01.32.21.431000 PM
7513.0,HR/Normal user tries to update the answer,04-OCT-24 11.39.14.932000 AM
13002840.0,HR/Normal user tries to update the answer,08-OCT-24 03.02.52.334000 PM
,Dettaglio elenco Cedolini e CU disponibili al download,23-OCT-24 05.55.21.726000 PM
,Download PDF dalla sezione Cedolini,29-OCT-24 06.45.31.574000 PM
7492.0,Normal user tries to create new Provvidenza request for a child,08-OCT-24 11.02.17.839000 AM
,Dettaglio elenco Cedolini e CU disponibili al download,09-OCT-24 08.59.23.570000 AM
6199.0,Normal user enters the Provvidenza Figli page,18-OCT-24 02.53.12.439000 PM
9049.0,HR/Normal user tries to update the answer,09-OCT-24 09.22.11.480000 AM
6206.0,Normal / HR user updates the answer,03-OCT-24 01.26.54.290000 PM
6335.0,HR/Normal user tries to update the answer,11-OCT-24 07.56.05.325000 PM
,Dettaglio elenco Cedolini e CU disponibili al download,18-OCT-24 02.29.43.471000 PM
6082.0,Normal user enters the Provvidenza Figli page,03-OCT-24 01.24.31.812000 PM
7836.0,HR/Normal user tries to update the answer,03-OCT-24 01.24.23.530000 PM
,Dettaglio elenco Cedolini e CU disponibili al download,03-OCT-24 05.16.32.918000 PM
17151.0,Normal user enters the Provvidenza Figli page,11-OCT-24 06.08.56.939000 PM
,Download PDF dalla sezione Cedolini,28-OCT-24 11.59.13.053000 AM
7752.0,Normal user update grade for a child,03-OCT-24 01.23.24.627000 PM
6130.0,Dettaglio elenco Cedolini e CU disponibili al download,08-OCT-24 11.37.48.205000 AM
6109.0,Normal user enters the Provvidenza Figli page,03-OCT-24 01.21.28.728000 PM
5494.0,HR/Normal user tries to update the answer,03-OCT-24 05.17.29.267000 PM
6895.0,Normal user enters the Provvidenza Figli page,08-OCT-24 11.33.40.059000 AM
6894.0,Normal user tries to create new Provvidenza request for a child,03-OCT-24 01.17.12.444000 PM
5899.0,HR/Normal user tries to update the answer,14-OCT-24 02.14.13.421000 PM
6071.0,Normal user enters the Provvidenza Figli page,03-OCT-24 05.18.56.292000 PM
5868.0,HR/Normal user tries to update the answer,03-OCT-24 01.18.31.590000 PM
5899.0,HR/Normal user tries to update the answer,14-OCT-24 02.13.30.991000 PM
7142.0,HR/Normal user tries to update the answer,08-OCT-24 08.51.43.638000 PM
13001303.0,HR/Normal user tries to update the answer,08-OCT-24 11.20.18.678000 AM
7742.0,HR/Normal user tries to update the answer,03-OCT-24 01.19.39.713000 PM
6130.0,Download PDF dalla sezione Cedolini,08-OCT-24 11.38.20.802000 AM
5993.0,HR/Normal user tries to update the answer,03-OCT-24 01.18.59.006000 PM
,Dettaglio elenco Cedolini e CU disponibili al download,29-OCT-24 11.05.09.076000 AM
13001682.0,Recupero dettagliutente per Scelta Welfare,01-OCT-24 12.36.56.558000 AM
,Download PDF dalla sezione Cedolini,08-OCT-24 11.34.45.783000 AM
7386.0,Normal / HR user updates the answer,03-OCT-24 01.22.08.978000 PM
,Download PDF dalla sezione Cedolini,28-OCT-24 12.00.30.990000 PM
15870.0,Normal user enters the Provvidenza Figli page,03-OCT-24 01.15.56.398000 PM
5601.0,HR/Normal user tries to update the answer,03-OCT-24 05.18.58.074000 PM
,Dettaglio elenco Cedolini e CU disponibili al download,29-OCT-24 11.41.29.316000 AM
,Download PDF dalla sezione Cedolini,29-OCT-24 12.04.49.098000 PM
6621.0,Normal user enters the Provvidenza Figli page,08-OCT-24 11.20.09.269000 AM
,Dettaglio elenco Cedolini e CU disponibili al download,08-OCT-24 11.21.50.378000 AM
5899.0,HR/Normal user tries to update the answer,14-OCT-24 02.13.34.714000 PM
,Download PDF dalla sezione Cedolini,24-OCT-24 10.06.23.084000 PM
6545.0,Recupero dettagliutente per Scelta Welfare,29-OCT-24 11.31.03.933000 AM
6199.0,Normal user enters the Provvidenza Figli page,09-OCT-24 03.37.00.798000 PM
,Download PDF dalla sezione Cedolini,24-OCT-24 09.08.27.929000 PM
,Dettaglio elenco Cedolini e CU disponibili al download,29-OCT-24 03.52.34.191000 PM
6188.0,HR tried to update grade,04-OCT-24 05.22.28.534000 PM
,Dettaglio elenco Cedolini e CU disponibili al download,30-OCT-24 11.31.51.117000 AM
17365.0,Recupero dettagliutente per Scelta Welfare,29-OCT-24 11.44.47.464000 AM
6199.0,Normal user enters the Provvidenza Figli page,09-OCT-24 03.34.53.722000 PM
13002804.0,Recupero dettagli utente per Scelta orario di lavoro,17-OCT-24 09.01.44.211000 AM
,Dettaglio elenco Cedolini e CU disponibili al download,24-OCT-24 05.04.56.352000 PM
,Dettaglio elenco Cedolini e CU disponibili al download,24-OCT-24 04.41.52.939000 PM
6913.0,Download PDF dalla sezione Cedolini,29-OCT-24 03.38.50.468000 PM
13001658.0,Recupero dettagli utente per Scelta orario di lavoro,30-OCT-24 11.53.37.677000 AM
5137.0,HR/Normal user tries to update the answer,11-OCT-24 09.01.58.030000 AM
,Dettaglio elenco Cedolini e CU disponibili al download,29-OCT-24 03.46.35.611000 PM
,Dettaglio elenco Cedolini e CU disponibili al download,24-OCT-24 11.53.39.989000 PM
14621.0,Normal user tries to create new Provvidenza request for a child,04-OCT-24 12.30.36.725000 PM
,Download PDF dalla sezione Cedolini,24-OCT-24 05.18.23.531000 PM
7044.0,HR/Normal user tries to update the answer,03-OCT-24 07.36.32.746000 PM
,Dettaglio elenco Cedolini e CU disponibili al download,24-OCT-24 04.29.26.451000 PM
7044.0,HR/Normal user tries to update the answer,03-OCT-24 07.36.28.704000 PM
,Download PDF dalla sezione Cedolini,24-OCT-24 09.29.28.809000 PM
19204.0,Recupero dettagli utente per invio adesione Fondo Nazionale,09-OCT-24 04.28.24.473000 PM
,Dettaglio elenco Cedolini e CU disponibili al download,29-OCT-24 02.53.06.102000 PM
6484.0,HR/Normal user tries to update the answer,08-OCT-24 08.13.10.576000 PM
7256.0,Normal user enters the Provvidenza Figli page,03-OCT-24 05.03.27.608000 PM
,Dettaglio elenco Cedolini e CU disponibili al download,04-OCT-24 12.59.39.226000 PM
7703.0,Normal user tries to create new Provvidenza request for a child,04-OCT-24 12.42.44.089000 PM
5577.0,Normal user tries to create new Provvidenza request for a child,04-OCT-24 12.55.29.791000 PM
5137.0,Normal user enters the Provvidenza Figli page,11-OCT-24 09.00.32.360000 AM
,Dettaglio elenco Cedolini e CU disponibili al download,04-OCT-24 01.02.12.554000 PM
5450.0,HR/Normal user tries to update the answer,07-OCT-24 04.18.59.071000 PM
5849.0,HR/Normal user tries to update the answer,03-OCT-24 07.19.57.041000 PM
7325.0,HR/Normal user tries to update the answer,04-OCT-24 01.02.19.807000 PM
5849.0,HR/Normal user tries to update the answer,03-OCT-24 07.19.51.011000 PM
5577.0,Normal user tries to create new Provvidenza request for a child,04-OCT-24 12.57.29.870000 PM
5297.0,Recupero dettagliutente per Scelta Welfare,17-OCT-24 03.06.48.751000 PM
5905.0,HR/Normal user tries to update the answer,04-OCT-24 12.35.30.692000 PM
5495.0,Normal user enters the Provvidenza Figli page,04-OCT-24 12.29.57.964000 PM
7000.0,HR/Normal user tries to update the answer,03-OCT-24 06.59.18.107000 PM
,Dettaglio elenco Cedolini e CU disponibili al download,29-OCT-24 03.12.59.578000 PM
5577.0,Normal user enters the Provvidenza Figli page,04-OCT-24 12.55.22.705000 PM
,Download PDF dalla sezione Cedolini,04-OCT-24 12.41.52.201000 PM
5524.0,Dettaglio elenco Cedolini e CU disponibili al download,15-OCT-24 03.19.05.466000 PM
7012.0,Normal user tries to create new Provvidenza request for a child,04-OCT-24 01.27.34.399000 PM
,Download PDF dalla sezione Cedolini,28-OCT-24 02.13.52.966000 PM
7703.0,HR/Normal user tries to update the answer,04-OCT-24 12.43.17.643000 PM
,Dettaglio elenco Cedolini e CU disponibili al download,25-OCT-24 12.04.59.405000 AM
6558.0,HR/Normal user tries to update the answer,03-OCT-24 05.07.13.489000 PM
,Dettaglio elenco Cedolini e CU disponibili al download,04-OCT-24 12.25.24.783000 PM
,Download PDF dalla sezione Cedolini,28-OCT-24 02.55.02.697000 PM
7012.0,Normal user tries to create new Provvidenza request for a child,04-OCT-24 01.26.35.436000 PM
7012.0,HR/Normal user tries to update the answer,04-OCT-24 01.26.40.564000 PM
,Dettaglio elenco Cedolini e CU disponibili al download,28-OCT-24 02.55.47.339000 PM
,Dettaglio elenco Cedolini e CU disponibili al download,28-OCT-24 08.36.44.869000 AM
5781.0,Normal user assign new grade for the child while creating a request,04-OCT-24 01.08.30.442000 PM
6583.0,HR/Normal user tries to update the answer,03-OCT-24 02.39.37.276000 PM
7672.0,Normal user tries to create new Provvidenza request for a child,28-OCT-24 09.19.04.711000 AM
6352.0,Normal user tries to create new Provvidenza request for a child,04-OCT-24 01.14.13.535000 PM
7000.0,Normal user assign new grade for the child while creating a request,03-OCT-24 06.58.34.534000 PM
6482.0,HR/Normal user tries to update the answer,10-OCT-24 08.53.05.025000 AM
5613.0,Normal user enters the Provvidenza Figli page,04-OCT-24 12.25.40.979000 PM
7044.0,Normal user enters the Provvidenza Figli page,03-OCT-24 07.36.56.747000 PM
13002845.0,Recupero dettagliutente per Scelta Welfare,02-OCT-24 04.10.10.102000 PM
,Dettaglio elenco Cedolini e CU disponibili al download,28-OCT-24 02.33.12.393000 PM
,Dettaglio elenco Cedolini e CU disponibili al download,28-OCT-24 03.05.18.714000 PM
,Dettaglio elenco Cedolini e CU disponibili al download,28-OCT-24 08.42.47.962000 AM
,Dettaglio elenco Cedolini e CU disponibili al download,28-OCT-24 09.28.21.864000 AM
5982.0,Recupero dettagli utente per invio adesione Fondo Nazionale,28-OCT-24 02.33.05.541000 PM
13002413.0,HR/Normal user tries to update the answer,03-OCT-24 03.01.53.841000 PM
5643.0,HR/Normal user tries to update the answer,03-OCT-24 02.51.16.107000 PM
6352.0,HR/Normal user tries to update the answer,04-OCT-24 01.13.37.719000 PM
5528.0,Normal user enters the Provvidenza Figli page,03-OCT-24 02.54.14.515000 PM
5241.0,Normal user enters the Provvidenza Figli page,04-OCT-24 10.41.19.927000 AM
5746.0,Normal user tries to create new Provvidenza request for a child,04-OCT-24 10.17.01.298000 AM
7468.0,Recupero dettagli utente per Scelta orario di lavoro,04-OCT-24 10.31.31.357000 AM
,Dettaglio elenco Cedolini e CU disponibili al download,18-OCT-24 09.23.23.908000 PM
5545.0,Normal user enters the Provvidenza Figli page,04-OCT-24 10.24.46.259000 AM
,Dettaglio elenco Cedolini e CU disponibili al download,04-OCT-24 10.09.44.127000 AM
,Download PDF dalla sezione Cedolini,04-OCT-24 10.56.32.780000 AM
7073.0,Normal / HR user updates the answer,04-OCT-24 11.06.23.478000 AM
5535.0,HR/Normal user tries to update the answer,03-OCT-24 03.03.45.064000 PM
,Dettaglio elenco Cedolini e CU disponibili al download,28-OCT-24 02.01.22.918000 PM
,Download PDF dalla sezione Cedolini,02-OCT-24 10.14.16.286000 AM
7564.0,HR/Normal user tries to update the answer,08-OCT-24 06.58.37.741000 AM
5540.0,HR/Normal user tries to update the answer,04-OCT-24 10.18.32.376000 AM
5139.0,HR tried to update grade,04-OCT-24 11.18.48.454000 AM
8062.0,Normal user enters the Provvidenza Figli page,04-OCT-24 10.13.36.174000 AM
,Dettaglio elenco Cedolini e CU disponibili al download,28-OCT-24 07.34.33.276000 PM
8622.0,Normal / HR user updates the answer,04-OCT-24 10.18.02.162000 AM
7175.0,HR/Normal user tries to update the answer,04-OCT-24 11.16.31.981000 AM
5633.0,Normal user tries to create new Provvidenza request for a child,04-OCT-24 10.13.25.033000 AM
,Download PDF dalla sezione Cedolini,28-OCT-24 08.37.52.185000 AM
6709.0,Normal user enters the Provvidenza Figli page,02-OCT-24 04.34.49.095000 PM
5238.0,Normal user update grade for a child,04-OCT-24 10.11.53.494000 AM
6047.0,HR/Normal user tries to update the answer,10-OCT-24 04.15.31.377000 PM
7564.0,HR/Normal user tries to update the answer,08-OCT-24 06.59.04.008000 AM
5540.0,HR/Normal user tries to update the answer,04-OCT-24 10.18.22.001000 AM
6121.0,Normal user tries to create new Provvidenza request for a child,03-OCT-24 03.08.56.226000 PM
7234.0,Normal / HR user updates the answer,04-OCT-24 10.32.39.430000 AM
6047.0,HR/Normal user tries to update the answer,10-OCT-24 04.14.40.407000 PM
,Download PDF dalla sezione Cedolini,23-OCT-24 02.32.46.947000 PM
7175.0,Recupero dettagliutente per Scelta Welfare,04-OCT-24 11.17.28.251000 AM
,Dettaglio elenco Cedolini e CU disponibili al download,23-OCT-24 03.02.33.633000 PM
6733.0,Normal / HR user updates the answer,09-OCT-24 12.00.14.194000 PM
,Download PDF dalla sezione Cedolini,28-OCT-24 05.16.45.924000 PM
18173.0,Normal / HR user updates the answer,12-OCT-24 12.47.50.728000 PM
,Download PDF dalla sezione Cedolini,27-OCT-24 11.39.20.755000 AM
6047.0,HR/Normal user tries to update the answer,10-OCT-24 04.14.58.303000 PM
,Dettaglio elenco Cedolini e CU disponibili al download,28-OCT-24 09.39.10.338000 AM
6199.0,Normal user enters the Provvidenza Figli page,28-OCT-24 05.31.04.938000 PM
,Dettaglio elenco Cedolini e CU disponibili al download,28-OCT-24 05.24.59.780000 PM
13002608.0,HR tried to update grade,09-OCT-24 11.24.40.546000 AM
13002928.0,Recupero dettagli utente per Scelta orario di lavoro,04-OCT-24 10.27.36.457000 AM
,Dettaglio elenco Cedolini e CU disponibili al download,28-OCT-24 05.00.46.397000 PM
,Download PDF dalla sezione Cedolini,07-OCT-24 01.04.59.567000 PM
13002446.0,Verifica possibilità di accesso a fondo pensione per Scelta Welfare,14-OCT-24 04.29.36.155000 PM
,Download PDF dalla sezione Cedolini,28-OCT-24 05.13.34.335000 PM
8244.0,Normal user tries to create new Provvidenza request for a child,04-OCT-24 06.48.15.476000 AM
6039.0,HR/Normal user tries to update the answer,09-OCT-24 12.06.14.786000 PM
,Download PDF dalla sezione Cedolini,24-OCT-24 07.32.49.584000 PM
13001785.0,HR/Normal user tries to update the answer,28-OCT-24 04.57.13.514000 PM
5647.0,Normal user assign new grade for the child while creating a request,07-OCT-24 12.59.38.193000 PM
,Download PDF dalla sezione Cedolini,28-OCT-24 08.49.28.698000 AM
5492.0,HR/Normal user tries to update the answer,14-OCT-24 05.24.52.936000 PM
10864.0,Normal user update grade for a child,04-OCT-24 08.00.07.318000 AM
,Dettaglio elenco Cedolini e CU disponibili al download,14-OCT-24 11.28.44.495000 AM
13002973.0,Normal user enters the Provvidenza Figli page,17-OCT-24 05.15.57.790000 PM
,Dettaglio elenco Cedolini e CU disponibili al download,02-OCT-24 10.07.54.510000 AM
13000665.0,Recupero dettagliutente per Scelta Welfare,28-OCT-24 04.59.22.864000 PM
10864.0,HR/Normal user tries to update the answer,04-OCT-24 07.55.11.149000 AM
5378.0,Normal user enters the Provvidenza Figli page,09-OCT-24 05.38.43.622000 PM
,Dettaglio elenco Cedolini e CU disponibili al download,04-OCT-24 08.30.53.615000 AM
6199.0,Normal user enters the Provvidenza Figli page,28-OCT-24 04.59.43.144000 PM
5647.0,HR/Normal user tries to update the answer,07-OCT-24 01.00.13.533000 PM
7713.0,Normal user enters the Provvidenza Figli page,04-OCT-24 08.35.38.136000 AM
,Download PDF dalla sezione Cedolini,28-OCT-24 08.52.28.395000 AM
9061.0,Normal user enters the Provvidenza Figli page,04-OCT-24 08.23.49.200000 AM
6774.0,HR/Normal user tries to update the answer,09-OCT-24 05.25.07.258000 PM
,Download PDF dalla sezione Cedolini,30-OCT-24 09.49.36.187000 PM
7672.0,HR tried to update grade,28-OCT-24 09.19.08.953000 AM
6039.0,Normal user enters the Provvidenza Figli page,09-OCT-24 12.04.17.860000 PM
13002957.0,Recupero dettagliutente per Scelta Welfare,07-OCT-24 01.17.44.265000 PM
8454.0,Dettaglio elenco Cedolini e CU disponibili al download,04-OCT-24 07.41.43.056000 AM
10864.0,Normal user update grade for a child,04-OCT-24 08.00.12.964000 AM
,Download PDF dalla sezione Cedolini,28-OCT-24 08.59.00.259000 AM
6822.0,Normal user assign new grade for the child while creating a request,09-OCT-24 05.00.04.322000 PM
6774.0,Normal user assign new grade for the child while creating a request,09-OCT-24 05.24.52.832000 PM
18173.0,HR/Normal user tries to update the answer,12-OCT-24 12.30.41.514000 PM
,Download PDF dalla sezione Cedolini,28-OCT-24 09.28.10.458000 AM
8454.0,Normal user assign new grade for the child while creating a request,04-OCT-24 07.39.25.503000 AM
,Download PDF dalla sezione Cedolini,25-OCT-24 08.41.22.331000 AM
6947.0,Normal user enters the Provvidenza Figli page,09-OCT-24 05.26.27.811000 PM
,Download PDF dalla sezione Cedolini,28-OCT-24 08.45.42.146000 AM
,Dettaglio elenco Cedolini e CU disponibili al download,25-OCT-24 08.48.13.615000 AM
6039.0,Normal user enters the Provvidenza Figli page,09-OCT-24 12.03.22.468000 PM
,Download PDF dalla sezione Cedolini,25-OCT-24 08.56.52.362000 AM
,Dettaglio elenco Cedolini e CU disponibili al download,25-OCT-24 08.44.00.064000 AM
13002342.0,HR/Normal user tries to update the answer,04-OCT-24 08.33.00.924000 AM
,Download PDF dalla sezione Cedolini,04-OCT-24 08.31.00.307000 AM
5196.0,HR/Normal user tries to update the answer,04-OCT-24 07.22.57.375000 AM
,Dettaglio elenco Cedolini e CU disponibili al download,01-OCT-24 11.48.30.431000 AM
5982.0,HR/Normal user tries to update the answer,04-OCT-24 08.40.40.219000 AM
6869.0,HR/Normal user tries to update the answer,04-OCT-24 08.09.29.085000 AM
7088.0,Normal user tries to create new Provvidenza request for a child,04-OCT-24 08.23.31.799000 AM
5556.0,Dettaglio elenco Cedolini e CU disponibili al download,28-OCT-24 09.14.52.055000 AM
6376.0,HR/Normal user tries to update the answer,04-OCT-24 07.28.48.927000 AM
,Dettaglio elenco Cedolini e CU disponibili al download,25-OCT-24 08.48.30.958000 AM
5271.0,Normal user enters the Provvidenza Figli page,21-OCT-24 09.50.18.040000 AM
,Dettaglio elenco Cedolini e CU disponibili al download,25-OCT-24 08.35.24.905000 AM
,Dettaglio elenco Cedolini e CU disponibili al download,25-OCT-24 09.57.19.597000 AM
5378.0,Normal user enters the Provvidenza Figli page,09-OCT-24 05.36.00.855000 PM
,Dettaglio elenco Cedolini e CU disponibili al download,25-OCT-24 09.13.21.903000 AM
5552.0,Normal user tries to create new Provvidenza request for a child,21-OCT-24 10.01.44.310000 AM
13000649.0,Normal user enters the Provvidenza Figli page,04-OCT-24 09.19.59.688000 AM
,Dettaglio elenco Cedolini e CU disponibili al download,25-OCT-24 09.00.38.440000 AM
6076.0,Download PDF dalla sezione Cedolini,31-OCT-24 09.18.57.969000 AM
7201.0,Normal user assign new grade for the child while creating a request,04-OCT-24 09.00.23.428000 AM
,Dettaglio elenco Cedolini e CU disponibili al download,09-OCT-24 05.38.55.177000 PM
,Download PDF dalla sezione Cedolini,25-OCT-24 09.04.50.804000 AM
,Dettaglio elenco Cedolini e CU disponibili al download,25-OCT-24 08.37.12.308000 AM
7720.0,HR/Normal user tries to update the answer,04-OCT-24 09.12.34.770000 AM
7377.0,HR/Normal user tries to update the answer,05-OCT-24 04.13.37.549000 PM
6489.0,Normal user assign new grade for the child while creating a request,04-OCT-24 08.38.24.681000 AM
,Download PDF dalla sezione Cedolini,25-OCT-24 09.34.50.814000 AM
13000649.0,Recupero dettagliutente per Scelta Welfare,04-OCT-24 09.19.54.823000 AM
6489.0,HR/Normal user tries to update the answer,04-OCT-24 08.38.42.659000 AM
6869.0,HR/Normal user tries to update the answer,04-OCT-24 08.09.42.206000 AM
14634.0,HR/Normal user tries to update the answer,09-OCT-24 06.02.47.477000 PM
,Download PDF dalla sezione Cedolini,25-OCT-24 08.50.22.977000 AM
,Dettaglio elenco Cedolini e CU disponibili al download,25-OCT-24 08.45.24.883000 AM
5271.0,Normal user enters the Provvidenza Figli page,21-OCT-24 09.49.50.202000 AM
,Download PDF dalla sezione Cedolini,25-OCT-24 09.38.43.389000 AM
7312.0,Normal user enters the Provvidenza Figli page,04-OCT-24 08.19.15.942000 AM
5837.0,HR/Normal user tries to update the answer,04-OCT-24 08.56.48.897000 AM
6677.0,Normal user enters the Provvidenza Figli page,04-OCT-24 09.03.27.746000 AM
5552.0,Normal user assign new grade for the child while creating a request,21-OCT-24 10.01.44.608000 AM
15690.0,HR/Normal user tries to update the answer,04-OCT-24 09.47.45.996000 AM
5864.0,Normal user assign new grade for the child while creating a request,10-OCT-24 06.28.30.528000 PM
,Dettaglio elenco Cedolini e CU disponibili al download,25-OCT-24 09.18.07.027000 AM
8085.0,Normal user enters the Provvidenza Figli page,04-OCT-24 09.11.19.937000 AM
17242.0,Verifica possibilità di accesso a fondo pensione per Scelta Welfare,29-OCT-24 11.59.21.576000 AM
5299.0,Normal / HR user updates the answer,04-OCT-24 08.47.13.630000 AM
,Dettaglio elenco Cedolini e CU disponibili al download,31-OCT-24 08.44.44.184000 AM
6933.0,HR/Normal user tries to update the answer,25-OCT-24 08.58.45.928000 AM
7068.0,Download PDF dalla sezione Cedolini,04-OCT-24 09.05.51.000000 AM
7063.0,HR/Normal user tries to update the answer,04-OCT-24 09.05.02.148000 AM
13002986.0,Verifica possibilità di accesso a fondo pensione per Scelta Welfare,25-OCT-24 08.51.00.501000 AM
19449.0,Dettaglio elenco Cedolini e CU disponibili al download,14-OCT-24 10.21.04.460000 AM
,Download PDF dalla sezione Cedolini,25-OCT-24 09.22.06.730000 AM
6273.0,Normal user enters the Provvidenza Figli page,04-OCT-24 09.34.34.666000 AM
,Dettaglio elenco Cedolini e CU disponibili al download,04-OCT-24 09.49.18.576000 AM
6680.0,Normal user tries to create new Provvidenza request for a child,04-OCT-24 09.50.10.164000 AM
6085.0,Normal user enters the Provvidenza Figli page,04-OCT-24 08.37.47.201000 AM
7720.0,HR/Normal user tries to update the answer,04-OCT-24 09.12.41.211000 AM
13000159.0,Normal user enters the Provvidenza Figli page,04-OCT-24 08.45.36.454000 AM
5488.0,HR/Normal user tries to update the answer,04-OCT-24 08.54.03.960000 AM
10864.0,Normal user enters the Provvidenza Figli page,04-OCT-24 09.00.12.011000 AM
9093.0,HR/Normal user tries to update the answer,04-OCT-24 09.33.55.377000 AM
6489.0,HR/Normal user tries to update the answer,04-OCT-24 08.38.30.909000 AM
,Download PDF dalla sezione Cedolini,25-OCT-24 08.56.40.985000 AM
6194.0,HR/Normal user tries to update the answer,04-OCT-24 08.42.49.007000 AM
,Download PDF dalla sezione Cedolini,04-OCT-24 08.57.18.200000 AM
7068.0,Download PDF dalla sezione Cedolini,04-OCT-24 08.58.53.951000 AM
13000649.0,Verifica possibilità di accesso a fondo pensione per Scelta Welfare,04-OCT-24 09.19.54.909000 AM
,Download PDF dalla sezione Cedolini,16-OCT-24 05.39.38.292000 PM
5803.0,Normal user tries to create new Provvidenza request for a child,04-OCT-24 08.56.39.535000 AM
,Download PDF dalla sezione Cedolini,28-OCT-24 09.56.49.885000 AM
5987.0,HR/Normal user tries to update the answer,04-OCT-24 09.01.37.098000 AM
6146.0,Normal user assign new grade for the child while creating a request,05-OCT-24 05.28.22.149000 PM
13002169.0,HR/Normal user tries to update the answer,04-OCT-24 09.21.36.242000 AM
5524.0,Normal user tries to create new Provvidenza request for a child,14-OCT-24 09.09.48.523000 AM
,Download PDF dalla sezione Cedolini,25-OCT-24 08.39.26.636000 AM
19449.0,Download PDF dalla sezione Cedolini,14-OCT-24 10.14.39.321000 AM
,Download PDF dalla sezione Cedolini,25-OCT-24 09.10.17.719000 AM
5901.0,Verifica possibilità di accesso a fondo pensione per Scelta Welfare,21-OCT-24 10.17.49.590000 AM
5946.0,Normal user tries to create new Provvidenza request for a child,16-OCT-24 05.32.48.121000 PM
5749.0,HR/Normal user tries to update the answer,04-OCT-24 09.53.43.425000 AM
,Dettaglio elenco Cedolini e CU disponibili al download,31-OCT-24 12.13.18.451000 PM
,Download PDF dalla sezione Cedolini,25-OCT-24 09.20.36.876000 AM
,Download PDF dalla sezione Cedolini,31-OCT-24 12.13.39.357000 PM
5749.0,HR/Normal user tries to update the answer,04-OCT-24 09.53.17.135000 AM
,Dettaglio elenco Cedolini e CU disponibili al download,24-OCT-24 03.22.25.658000 PM
5179.0,HR/Normal user tries to update the answer,04-OCT-24 09.39.49.435000 AM
13002928.0,Recupero dettagliutente per Scelta Welfare,04-OCT-24 08.52.13.251000 AM
,Download PDF dalla sezione Cedolini,25-OCT-24 08.48.41.497000 AM
6095.0,Normal user enters the Provvidenza Figli page,04-OCT-24 09.36.42.842000 AM
,Download PDF dalla sezione Cedolini,16-OCT-24 05.39.09.049000 PM
6933.0,HR/Normal user tries to update the answer,25-OCT-24 08.58.00.833000 AM
,Dettaglio elenco Cedolini e CU disponibili al download,25-OCT-24 09.00.47.788000 AM
,Dettaglio elenco Cedolini e CU disponibili al download,25-OCT-24 09.20.24.829000 AM
5946.0,HR/Normal user tries to update the answer,16-OCT-24 05.32.57.478000 PM
,Dettaglio elenco Cedolini e CU disponibili al download,24-OCT-24 03.34.33.210000 PM
7216.0,Verifica possibilità di accesso a fondo pensione per Scelta Welfare,08-OCT-24 03.38.24.736000 PM
,Dettaglio elenco Cedolini e CU disponibili al download,23-OCT-24 10.50.16.139000 AM
,Dettaglio elenco Cedolini e CU disponibili al download,28-OCT-24 05.30.40.107000 PM
,Download PDF dalla sezione Cedolini,16-OCT-24 05.34.30.821000 PM
,Dettaglio elenco Cedolini e CU disponibili al download,22-OCT-24 10.48.09.008000 AM
15772.0,HR/Normal user tries to update the answer,04-OCT-24 07.57.06.020000 AM
15772.0,HR/Normal user tries to update the answer,04-OCT-24 07.57.14.294000 AM
8189.0,Normal / HR user updates the answer,10-OCT-24 02.46.39.110000 PM
6376.0,HR/Normal user tries to update the answer,04-OCT-24 07.29.04.923000 AM
5299.0,Normal user assign new grade for the child while creating a request,04-OCT-24 08.40.07.104000 AM
11236.0,Normal user enters the Provvidenza Figli page,04-OCT-24 08.29.07.770000 AM
6509.0,Normal user enters the Provvidenza Figli page,10-OCT-24 01.53.28.553000 PM
5982.0,Normal / HR user updates the answer,04-OCT-24 08.39.52.860000 AM
6908.0,Normal user enters the Provvidenza Figli page,04-OCT-24 08.32.06.039000 AM
18291.0,HR/Normal user tries to update the answer,09-OCT-24 06.40.39.010000 AM
13002184.0,Normal user enters the Provvidenza Figli page,04-OCT-24 02.12.48.547000 PM
6014.0,HR/Normal user tries to update the answer,04-OCT-24 08.17.32.398000 AM
5843.0,HR/Normal user tries to update the answer,08-OCT-24 03.03.16.380000 PM
13002845.0,Recupero dettagliutente per Scelta Welfare,08-OCT-24 10.08.49.302000 AM
8388.0,Normal user enters the Provvidenza Figli page,08-OCT-24 03.15.32.502000 PM
7626.0,HR/Normal user tries to update the answer,21-OCT-24 02.11.35.168000 PM
7978.0,HR/Normal user tries to update the answer,04-OCT-24 08.17.07.832000 AM
7477.0,Normal user enters the Provvidenza Figli page,08-OCT-24 09.26.47.867000 AM
18134.0,Normal user enters the Provvidenza Figli page,08-OCT-24 03.33.58.964000 PM
6229.0,HR/Normal user tries to update the answer,08-OCT-24 09.28.08.832000 AM
7231.0,HR/Normal user tries to update the answer,08-OCT-24 09.19.12.257000 AM
5843.0,Normal user enters the Provvidenza Figli page,08-OCT-24 03.03.28.698000 PM
,Download PDF dalla sezione Cedolini,16-OCT-24 09.38.45.651000 AM
,Dettaglio elenco Cedolini e CU disponibili al download,25-OCT-24 04.43.03.457000 PM
6024.0,HR/Normal user tries to update the answer,08-OCT-24 10.09.54.581000 AM
5646.0,Normal user enters the Provvidenza Figli page,04-OCT-24 08.18.47.473000 AM
6376.0,HR/Normal user tries to update the answer,04-OCT-24 07.30.32.308000 AM
7231.0,Normal user enters the Provvidenza Figli page,08-OCT-24 09.19.54.509000 AM
10864.0,HR/Normal user tries to update the answer,04-OCT-24 07.56.14.454000 AM
7427.0,Normal user enters the Provvidenza Figli page,04-OCT-24 02.37.52.649000 PM
7713.0,Normal user assign new grade for the child while creating a request,04-OCT-24 08.35.59.075000 AM
18464.0,Normal user enters the Provvidenza Figli page,29-OCT-24 01.40.03.499000 PM
7216.0,Normal user enters the Provvidenza Figli page,08-OCT-24 03.36.17.467000 PM
7713.0,HR/Normal user tries to update the answer,04-OCT-24 08.36.39.805000 AM
7043.0,Recupero dettagli utente per invio adesione Fondo Nazionale,31-OCT-24 10.57.07.012000 AM
13002926.0,Verifica possibilità di accesso a fondo pensione per Scelta Welfare,04-OCT-24 08.39.57.914000 AM
,Download PDF dalla sezione Cedolini,10-OCT-24 02.41.09.821000 PM
,Download PDF dalla sezione Cedolini,29-OCT-24 01.54.57.137000 PM
6014.0,HR/Normal user tries to update the answer,04-OCT-24 08.17.45.216000 AM
5982.0,HR/Normal user tries to update the answer,04-OCT-24 08.39.46.504000 AM
5607.0,HR/Normal user tries to update the answer,08-OCT-24 10.08.59.425000 AM
6024.0,Normal user enters the Provvidenza Figli page,08-OCT-24 10.10.20.364000 AM
6568.0,Download PDF dalla sezione Cedolini,29-OCT-24 01.59.32.731000 PM
7262.0,HR tried to update grade,04-OCT-24 02.42.37.374000 PM
13000916.0,HR tried to update grade,08-OCT-24 09.48.55.580000 AM
13001668.0,Normal user tries to create new Provvidenza request for a child,08-OCT-24 09.52.48.178000 AM
13003007.0,Verifica possibilità di accesso a fondo pensione per Scelta Welfare,25-OCT-24 04.22.13.596000 PM
6194.0,HR/Normal user tries to update the answer,04-OCT-24 08.42.58.373000 AM
13002972.0,Recupero dettagliutente per Scelta Welfare,17-OCT-24 10.38.34.175000 AM
,Download PDF dalla sezione Cedolini,25-OCT-24 04.57.53.889000 PM
6229.0,HR/Normal user tries to update the answer,08-OCT-24 09.27.56.085000 AM
13002184.0,HR/Normal user tries to update the answer,04-OCT-24 02.12.07.628000 PM
,Dettaglio elenco Cedolini e CU disponibili al download,25-OCT-24 05.06.06.119000 PM
6389.0,Normal user enters the Provvidenza Figli page,08-OCT-24 10.36.16.752000 AM
,Download PDF dalla sezione Cedolini,17-OCT-24 11.40.41.468000 AM
8028.0,Normal user enters the Provvidenza Figli page,04-OCT-24 02.48.27.491000 PM
13001668.0,HR/Normal user tries to update the answer,08-OCT-24 09.53.00.640000 AM
15872.0,Normal user tries to create new Provvidenza request for a child,09-OCT-24 09.58.53.310000 AM
,Dettaglio elenco Cedolini e CU disponibili al download,25-OCT-24 04.15.10.373000 PM
6376.0,Normal user tries to create new Provvidenza request for a child,04-OCT-24 07.29.36.874000 AM
7427.0,HR/Normal user tries to update the answer,04-OCT-24 02.36.26.602000 PM
13002342.0,Normal user enters the Provvidenza Figli page,04-OCT-24 08.33.38.695000 AM
,Dettaglio elenco Cedolini e CU disponibili al download,14-OCT-24 08.11.41.115000 AM
7088.0,Normal user enters the Provvidenza Figli page,04-OCT-24 08.24.10.928000 AM
13002974.0,Recupero dettagli utente per invio adesione Fondo Nazionale,17-OCT-24 10.42.23.728000 AM
9635.0,Download PDF dalla sezione Cedolini,18-OCT-24 12.11.50.674000 PM
15772.0,Normal user enters the Provvidenza Figli page,04-OCT-24 07.56.50.462000 AM
9635.0,Dettaglio elenco Cedolini e CU disponibili al download,18-OCT-24 12.11.32.958000 PM
,Download PDF dalla sezione Cedolini,04-OCT-24 02.49.13.983000 PM
13002972.0,Recupero dettagli utente per Scelta orario di lavoro,17-OCT-24 10.48.15.331000 AM
15308.0,HR/Normal user tries to update the answer,04-OCT-24 03.19.48.934000 PM
15308.0,Normal user tries to create new Provvidenza request for a child,04-OCT-24 03.20.06.448000 PM
15308.0,Normal user enters the Provvidenza Figli page,04-OCT-24 03.18.32.823000 PM
7978.0,Dettaglio elenco Cedolini e CU disponibili al download,04-OCT-24 08.17.55.739000 AM
7088.0,HR/Normal user tries to update the answer,04-OCT-24 08.22.47.324000 AM
7713.0,HR/Normal user tries to update the answer,04-OCT-24 08.36.49.063000 AM
6229.0,Normal user enters the Provvidenza Figli page,08-OCT-24 09.25.00.679000 AM
,Dettaglio elenco Cedolini e CU disponibili al download,25-OCT-24 05.02.26.568000 PM
,Dettaglio elenco Cedolini e CU disponibili al download,04-OCT-24 03.26.56.516000 PM
,Dettaglio elenco Cedolini e CU disponibili al download,25-OCT-24 04.35.55.563000 PM
,Download PDF dalla sezione Cedolini,04-OCT-24 03.33.18.521000 PM
13001668.0,HR/Normal user tries to update the answer,08-OCT-24 09.53.02.529000 AM
7631.0,HR/Normal user tries to update the answer,05-OCT-24 10.51.52.859000 AM
6456.0,Normal user assign new grade for the child while creating a request,04-OCT-24 03.26.27.183000 PM
,Dettaglio elenco Cedolini e CU disponibili al download,25-OCT-24 04.24.33.761000 PM
7932.0,HR/Normal user tries to update the answer,04-OCT-24 04.03.20.208000 PM
6456.0,Normal user tries to create new Provvidenza request for a child,04-OCT-24 03.26.27.029000 PM
,Dettaglio elenco Cedolini e CU disponibili al download,29-OCT-24 03.36.45.753000 PM
7631.0,HR/Normal user tries to update the answer,05-OCT-24 10.51.58.384000 AM
19481.0,Normal user enters the Provvidenza Figli page,04-OCT-24 02.54.51.479000 PM
,Download PDF dalla sezione Cedolini,28-OCT-24 08.00.09.264000 AM
6456.0,HR/Normal user tries to update the answer,04-OCT-24 03.34.31.017000 PM
5630.0,HR/Normal user tries to update the answer,03-OCT-24 04.32.56.908000 PM
,Download PDF dalla sezione Cedolini,04-OCT-24 03.28.20.317000 PM
5568.0,HR/Normal user tries to update the answer,04-OCT-24 03.30.43.383000 PM
7726.0,HR/Normal user tries to update the answer,03-OCT-24 04.34.14.090000 PM
8226.0,HR tried to update grade,07-OCT-24 09.02.00.664000 AM
13001389.0,Normal user enters the Provvidenza Figli page,29-OCT-24 04.34.29.442000 PM
8077.0,HR/Normal user tries to update the answer,07-OCT-24 09.08.13.857000 AM
8077.0,Normal user assign new grade for the child while creating a request,07-OCT-24 09.07.42.289000 AM
7303.0,HR/Normal user tries to update the answer,03-OCT-24 04.56.02.021000 PM
5980.0,HR/Normal user tries to update the answer,04-OCT-24 04.10.58.706000 PM
5980.0,HR/Normal user tries to update the answer,04-OCT-24 04.10.41.475000 PM
8708.0,Verifica possibilità di accesso a fondo pensione per Scelta Welfare,29-OCT-24 03.45.38.550000 PM
15308.0,HR/Normal user tries to update the answer,04-OCT-24 03.19.53.460000 PM
7658.0,Normal user enters the Provvidenza Figli page,07-OCT-24 09.24.27.431000 AM
8077.0,Normal user tries to create new Provvidenza request for a child,07-OCT-24 09.07.42.140000 AM
6482.0,Normal user enters the Provvidenza Figli page,04-OCT-24 04.01.20.818000 PM
7611.0,Normal user enters the Provvidenza Figli page,04-OCT-24 01.49.40.689000 PM
7071.0,Normal user enters the Provvidenza Figli page,03-OCT-24 04.25.03.838000 PM
,Dettaglio elenco Cedolini e CU disponibili al download,29-OCT-24 03.58.07.661000 PM
5874.0,Normal user tries to create new Provvidenza request for a child,07-OCT-24 09.41.23.833000 AM
,Download PDF dalla sezione Cedolini,31-OCT-24 04.17.15.489000 PM
5918.0,Normal user enters the Provvidenza Figli page,03-OCT-24 01.54.58.572000 PM
6626.0,HR/Normal user tries to update the answer,07-OCT-24 10.00.13.760000 AM
13002184.0,HR/Normal user tries to update the answer,04-OCT-24 02.12.14.261000 PM
13002184.0,Normal user enters the Provvidenza Figli page,04-OCT-24 02.13.38.269000 PM
13000881.0,HR/Normal user tries to update the answer,04-OCT-24 01.54.06.855000 PM
5505.0,Normal user enters the Provvidenza Figli page,07-OCT-24 08.59.44.739000 AM
6926.0,HR/Normal user tries to update the answer,03-OCT-24 01.49.59.434000 PM
9497.0,HR/Normal user tries to update the answer,03-OCT-24 02.12.18.496000 PM
,Dettaglio elenco Cedolini e CU disponibili al download,31-OCT-24 03.59.33.496000 PM
13002930.0,Verifica possibilità di accesso a fondo pensione per Scelta Welfare,01-OCT-24 08.24.44.362000 PM
7605.0,HR/Normal user tries to update the answer,04-OCT-24 01.42.50.343000 PM
7616.0,Normal user enters the Provvidenza Figli page,04-OCT-24 02.19.19.936000 PM
13002184.0,Normal user enters the Provvidenza Figli page,04-OCT-24 02.10.27.014000 PM
7539.0,Normal user tries to create new Provvidenza request for a child,03-OCT-24 01.47.55.397000 PM
6582.0,Normal user tries to create new Provvidenza request for a child,03-OCT-24 02.04.30.420000 PM
5788.0,Normal user enters the Provvidenza Figli page,03-OCT-24 01.39.17.043000 PM
7932.0,Normal user enters the Provvidenza Figli page,03-OCT-24 01.45.00.755000 PM
8274.0,HR/Normal user tries to update the answer,03-OCT-24 02.14.59.197000 PM
8040.0,HR/Normal user tries to update the answer,03-OCT-24 01.55.22.707000 PM
5955.0,Normal user enters the Provvidenza Figli page,03-OCT-24 01.38.22.539000 PM
7331.0,Normal user enters the Provvidenza Figli page,03-OCT-24 02.04.38.768000 PM
9223.0,HR/Normal user tries to update the answer,03-OCT-24 02.05.16.256000 PM
8305.0,HR/Normal user tries to update the answer,03-OCT-24 02.05.02.054000 PM
6926.0,HR/Normal user tries to update the answer,03-OCT-24 01.50.33.129000 PM
8305.0,Normal user assign new grade for the child while creating a request,03-OCT-24 02.04.48.554000 PM
6238.0,HR/Normal user tries to update the answer,03-OCT-24 02.03.53.999000 PM
6147.0,Normal user enters the Provvidenza Figli page,07-OCT-24 09.50.47.255000 AM
6632.0,HR/Normal user tries to update the answer,10-OCT-24 05.49.51.397000 PM
7876.0,Normal user enters the Provvidenza Figli page,03-OCT-24 01.48.45.423000 PM
7539.0,HR/Normal user tries to update the answer,03-OCT-24 01.47.59.907000 PM
5863.0,Dettaglio elenco Cedolini e CU disponibili al download,16-OCT-24 12.06.18.868000 PM
5740.0,Normal user enters the Provvidenza Figli page,03-OCT-24 02.08.33.535000 PM
5875.0,Normal user assign new grade for the child while creating a request,03-OCT-24 01.47.13.671000 PM
7436.0,HR/Normal user tries to update the answer,03-OCT-24 02.16.22.909000 PM
13000214.0,HR/Normal user tries to update the answer,10-OCT-24 05.57.42.557000 PM
6131.0,Normal user assign new grade for the child while creating a request,03-OCT-24 01.41.08.934000 PM
6817.0,Normal user tries to create new Provvidenza request for a child,03-OCT-24 02.05.00.476000 PM
7040.0,HR/Normal user tries to update the answer,03-OCT-24 02.06.34.301000 PM
8228.0,Normal user enters the Provvidenza Figli page,03-OCT-24 02.40.24.290000 PM
8399.0,Normal user enters the Provvidenza Figli page,03-OCT-24 02.37.34.896000 PM
6016.0,HR/Normal user tries to update the answer,03-OCT-24 02.00.56.994000 PM
14297.0,HR/Normal user tries to update the answer,03-OCT-24 02.43.49.573000 PM
7470.0,HR/Normal user tries to update the answer,03-OCT-24 02.41.18.417000 PM
6340.0,Normal user tries to create new Provvidenza request for a child,03-OCT-24 02.53.51.713000 PM
5784.0,Normal user enters the Provvidenza Figli page,03-OCT-24 02.30.36.747000 PM
6787.0,HR/Normal user tries to update the answer,03-OCT-24 01.44.30.696000 PM
5369.0,HR/Normal user tries to update the answer,03-OCT-24 01.56.57.607000 PM
7989.0,Normal user enters the Provvidenza Figli page,03-OCT-24 02.28.57.301000 PM
7675.0,HR/Normal user tries to update the answer,03-OCT-24 02.00.20.473000 PM
18139.0,Normal user enters the Provvidenza Figli page,03-OCT-24 02.39.54.224000 PM
7600.0,HR/Normal user tries to update the answer,03-OCT-24 01.47.25.693000 PM
13002184.0,Normal user enters the Provvidenza Figli page,04-OCT-24 02.09.46.066000 PM
17324.0,HR/Normal user tries to update the answer,03-OCT-24 02.15.13.656000 PM
6226.0,HR/Normal user tries to update the answer,03-OCT-24 02.39.21.928000 PM
7248.0,Normal user enters the Provvidenza Figli page,03-OCT-24 02.04.52.979000 PM
6736.0,Normal user tries to create new Provvidenza request for a child,03-OCT-24 02.06.02.264000 PM
8372.0,HR/Normal user tries to update the answer,03-OCT-24 02.42.03.834000 PM
7989.0,Dettaglio elenco Cedolini e CU disponibili al download,03-OCT-24 02.53.07.168000 PM
6081.0,HR/Normal user tries to update the answer,03-OCT-24 02.31.47.791000 PM
6601.0,Download PDF dalla sezione Cedolini,03-OCT-24 02.53.01.147000 PM
5864.0,HR/Normal user tries to update the answer,10-OCT-24 06.28.49.242000 PM
7563.0,HR/Normal user tries to update the answer,21-OCT-24 02.40.25.698000 PM
17474.0,HR/Normal user tries to update the answer,03-OCT-24 02.30.34.163000 PM
5657.0,Normal / HR user updates the answer,03-OCT-24 02.21.13.941000 PM
5600.0,Normal user tries to create new Provvidenza request for a child,03-OCT-24 02.37.33.669000 PM
18139.0,Normal user assign new grade for the child while creating a request,03-OCT-24 02.40.01.738000 PM
7034.0,HR/Normal user tries to update the answer,03-OCT-24 02.09.38.165000 PM
7427.0,HR/Normal user tries to update the answer,04-OCT-24 02.37.11.135000 PM
16074.0,HR tried to update grade,03-OCT-24 02.49.06.024000 PM
7689.0,Normal / HR user updates the answer,03-OCT-24 02.32.00.127000 PM
6601.0,Normal user tries to create new Provvidenza request for a child,03-OCT-24 02.50.28.944000 PM
6813.0,Normal user enters the Provvidenza Figli page,03-OCT-24 02.53.51.119000 PM
13000105.0,Recupero dettagliutente per Scelta Welfare,14-OCT-24 12.48.48.937000 PM
,Dettaglio elenco Cedolini e CU disponibili al download,03-OCT-24 02.00.11.813000 PM
5852.0,Normal user enters the Provvidenza Figli page,03-OCT-24 01.49.23.907000 PM
9497.0,HR/Normal user tries to update the answer,03-OCT-24 02.12.32.713000 PM
7989.0,Normal user assign new grade for the child while creating a request,03-OCT-24 02.26.07.989000 PM
7733.0,Dettaglio elenco Cedolini e CU disponibili al download,03-OCT-24 02.35.57.538000 PM
13002184.0,Recupero dettagliutente per Scelta Welfare,04-OCT-24 02.28.59.527000 PM
6790.0,Normal user tries to create new Provvidenza request for a child,03-OCT-24 02.51.22.907000 PM
8028.0,HR/Normal user tries to update the answer,03-OCT-24 02.30.52.016000 PM
17119.0,HR/Normal user tries to update the answer,03-OCT-24 02.07.48.653000 PM
8372.0,HR/Normal user tries to update the answer,03-OCT-24 02.42.01.702000 PM
7989.0,Normal user assign new grade for the child while creating a request,03-OCT-24 02.29.05.961000 PM
6199.0,Normal user update grade for a child,10-OCT-24 05.22.10.619000 PM
16786.0,Normal user assign new grade for the child while creating a request,03-OCT-24 01.50.13.858000 PM
13000484.0,HR/Normal user tries to update the answer,03-OCT-24 02.16.01.291000 PM
16074.0,Normal user tries to create new Provvidenza request for a child,03-OCT-24 02.49.01.908000 PM
7640.0,HR/Normal user tries to update the answer,03-OCT-24 02.41.14.626000 PM
8028.0,Normal user update grade for a child,03-OCT-24 02.30.23.931000 PM
7185.0,HR/Normal user tries to update the answer,03-OCT-24 02.28.01.844000 PM
,Download PDF dalla sezione Cedolini,07-OCT-24 10.03.50.207000 AM
5775.0,Dettaglio elenco Cedolini e CU disponibili al download,03-OCT-24 02.22.27.165000 PM
7111.0,HR/Normal user tries to update the answer,03-OCT-24 02.29.53.821000 PM
16786.0,Normal user assign new grade for the child while creating a request,03-OCT-24 01.48.24.451000 PM
17731.0,HR/Normal user tries to update the answer,14-OCT-24 03.52.32.890000 PM
6881.0,Normal user tries to create new Provvidenza request for a child,03-OCT-24 01.55.59.217000 PM
7718.0,HR/Normal user tries to update the answer,03-OCT-24 02.12.50.242000 PM
7212.0,Normal user assign new grade for the child while creating a request,10-OCT-24 12.42.56.808000 PM
7782.0,HR/Normal user tries to update the answer,03-OCT-24 02.14.45.593000 PM
13002130.0,HR/Normal user tries to update the answer,03-OCT-24 01.46.15.015000 PM
6582.0,HR/Normal user tries to update the answer,03-OCT-24 02.02.47.756000 PM
7212.0,Download PDF dalla sezione Cedolini,10-OCT-24 12.21.09.666000 PM
5740.0,HR/Normal user tries to update the answer,03-OCT-24 02.06.43.408000 PM
5994.0,HR/Normal user tries to update the answer,03-OCT-24 01.45.21.274000 PM
5686.0,Normal user enters the Provvidenza Figli page,03-OCT-24 02.50.54.460000 PM
9097.0,HR/Normal user tries to update the answer,03-OCT-24 01.58.19.448000 PM
5821.0,HR/Normal user tries to update the answer,03-OCT-24 02.30.34.393000 PM
6709.0,HR/Normal user tries to update the answer,03-OCT-24 02.00.22.175000 PM
7268.0,HR/Normal user tries to update the answer,03-OCT-24 02.03.25.800000 PM
5901.0,Normal user assign new grade for the child while creating a request,03-OCT-24 02.02.53.276000 PM
5920.0,Normal user tries to create new Provvidenza request for a child,03-OCT-24 02.24.28.693000 PM
7313.0,HR/Normal user tries to update the answer,09-OCT-24 12.40.23.694000 PM
6815.0,Normal user enters the Provvidenza Figli page,03-OCT-24 02.25.38.314000 PM
5320.0,Normal user enters the Provvidenza Figli page,03-OCT-24 02.39.18.565000 PM
8277.0,Normal user assign new grade for the child while creating a request,03-OCT-24 02.38.22.866000 PM
6712.0,HR/Normal user tries to update the answer,03-OCT-24 02.22.53.418000 PM
9223.0,Normal user enters the Provvidenza Figli page,03-OCT-24 02.06.48.941000 PM
7165.0,Normal user assign new grade for the child while creating a request,03-OCT-24 02.17.17.528000 PM
6150.0,HR/Normal user tries to update the answer,03-OCT-24 02.21.30.596000 PM
9208.0,HR/Normal user tries to update the answer,03-OCT-24 02.44.32.623000 PM
7436.0,HR/Normal user tries to update the answer,03-OCT-24 02.16.34.983000 PM
10678.0,HR/Normal user tries to update the answer,03-OCT-24 02.44.48.907000 PM
5643.0,Normal user tries to create new Provvidenza request for a child,03-OCT-24 02.51.46.855000 PM
5290.0,Normal user assign new grade for the child while creating a request,03-OCT-24 02.54.14.411000 PM
,Dettaglio elenco Cedolini e CU disponibili al download,01-OCT-24 05.35.40.111000 PM
13002179.0,HR/Normal user tries to update the answer,03-OCT-24 02.47.49.300000 PM
6386.0,HR/Normal user tries to update the answer,03-OCT-24 02.52.35.773000 PM
7989.0,Normal user enters the Provvidenza Figli page,03-OCT-24 02.53.13.358000 PM
6393.0,HR/Normal user tries to update the answer,03-OCT-24 01.58.44.355000 PM
5994.0,HR/Normal user tries to update the answer,03-OCT-24 01.45.10.092000 PM
5899.0,Normal user enters the Provvidenza Figli page,14-OCT-24 02.13.52.468000 PM
,Dettaglio elenco Cedolini e CU disponibili al download,16-OCT-24 11.31.32.657000 AM
5955.0,Normal user tries to create new Provvidenza request for a child,03-OCT-24 01.38.59.324000 PM
13002609.0,Verifica possibilità di accesso a fondo pensione per Scelta Welfare,09-OCT-24 12.43.33.917000 PM
8091.0,Normal user enters the Provvidenza Figli page,03-OCT-24 02.30.18.610000 PM
5995.0,Normal user assign new grade for the child while creating a request,03-OCT-24 02.33.00.529000 PM
6340.0,HR/Normal user tries to update the answer,03-OCT-24 02.54.14.664000 PM
6167.0,Normal user assign new grade for the child while creating a request,03-OCT-24 02.52.40.954000 PM
8330.0,Normal user enters the Provvidenza Figli page,03-OCT-24 02.27.19.402000 PM
,Dettaglio elenco Cedolini e CU disponibili al download,28-OCT-24 03.05.09.855000 PM
17474.0,HR/Normal user tries to update the answer,03-OCT-24 02.27.11.749000 PM
6170.0,Normal user enters the Provvidenza Figli page,03-OCT-24 02.38.27.666000 PM
6226.0,HR/Normal user tries to update the answer,03-OCT-24 02.37.49.689000 PM
7485.0,Normal user tries to create new Provvidenza request for a child,03-OCT-24 02.42.12.415000 PM
6636.0,Normal user enters the Provvidenza Figli page,03-OCT-24 02.50.37.749000 PM
6952.0,HR/Normal user tries to update the answer,03-OCT-24 02.07.07.122000 PM
,Download PDF dalla sezione Cedolini,25-OCT-24 05.49.11.667000 PM
13002833.0,HR/Normal user tries to update the answer,03-OCT-24 02.53.06.797000 PM
6243.0,Dettaglio elenco Cedolini e CU disponibili al download,03-OCT-24 02.15.51.379000 PM
13000322.0,HR/Normal user tries to update the answer,03-OCT-24 01.43.05.680000 PM
5740.0,HR/Normal user tries to update the answer,03-OCT-24 02.06.39.429000 PM
6631.0,HR/Normal user tries to update the answer,03-OCT-24 02.53.28.916000 PM
5672.0,Normal user enters the Provvidenza Figli page,03-OCT-24 02.37.21.470000 PM
5612.0,Normal user tries to create new Provvidenza request for a child,03-OCT-24 02.42.48.095000 PM
5612.0,Normal user assign new grade for the child while creating a request,03-OCT-24 02.42.48.238000 PM
,Dettaglio elenco Cedolini e CU disponibili al download,10-OCT-24 11.22.24.898000 AM
,Download PDF dalla sezione Cedolini,14-OCT-24 06.03.30.766000 PM
9097.0,Normal user tries to create new Provvidenza request for a child,03-OCT-24 01.58.24.380000 PM
6790.0,Normal user tries to create new Provvidenza request for a child,03-OCT-24 02.50.32.192000 PM
14297.0,Normal user update grade for a child,03-OCT-24 02.43.01.139000 PM
7262.0,HR/Normal user tries to update the answer,04-OCT-24 02.41.21.133000 PM
,Download PDF dalla sezione Cedolini,04-OCT-24 08.57.11.747000 AM
5409.0,HR/Normal user tries to update the answer,03-OCT-24 01.59.08.224000 PM
5975.0,HR/Normal user tries to update the answer,03-OCT-24 01.58.41.299000 PM
6578.0,HR/Normal user tries to update the answer,03-OCT-24 02.09.45.524000 PM
6817.0,HR/Normal user tries to update the answer,03-OCT-24 02.04.27.762000 PM
6866.0,Normal user assign new grade for the child while creating a request,21-OCT-24 04.21.15.655000 PM
,Download PDF dalla sezione Cedolini,28-OCT-24 03.38.17.520000 PM
5501.0,Normal user assign new grade for the child while creating a request,03-OCT-24 02.45.14.520000 PM
13002935.0,Normal user enters the Provvidenza Figli page,03-OCT-24 02.07.03.048000 PM
6815.0,HR/Normal user tries to update the answer,03-OCT-24 02.26.03.147000 PM
,Dettaglio elenco Cedolini e CU disponibili al download,31-OCT-24 02.40.08.126000 PM
16672.0,Recupero dettagli utente per Scelta orario di lavoro,09-OCT-24 03.20.56.218000 PM
6681.0,Dettaglio elenco Cedolini e CU disponibili al download,14-OCT-24 04.04.21.894000 PM
15452.0,Normal user tries to create new Provvidenza request for a child,04-OCT-24 08.59.13.984000 AM
7237.0,Normal user enters the Provvidenza Figli page,03-OCT-24 01.48.21.835000 PM
6980.0,Normal user tries to create new Provvidenza request for a child,03-OCT-24 01.37.49.249000 PM
6817.0,HR/Normal user tries to update the answer,03-OCT-24 02.05.13.426000 PM
13002445.0,Recupero dettagliutente per Scelta Welfare,28-OCT-24 03.40.03.578000 PM
9077.0,HR/Normal user tries to update the answer,04-OCT-24 08.56.18.312000 AM
6199.0,Normal user enters the Provvidenza Figli page,10-OCT-24 10.46.46.460000 AM
17597.0,Recupero dettagliutente per Scelta Welfare,28-OCT-24 03.14.13.853000 PM
,Download PDF dalla sezione Cedolini,31-OCT-24 02.44.54.546000 PM
7068.0,Normal / HR user updates the answer,04-OCT-24 08.54.53.841000 AM
6654.0,HR/Normal user tries to update the answer,04-OCT-24 08.57.49.628000 AM
5803.0,Normal user enters the Provvidenza Figli page,04-OCT-24 08.55.51.772000 AM
5488.0,Normal user assign new grade for the child while creating a request,04-OCT-24 08.53.54.829000 AM
,Dettaglio elenco Cedolini e CU disponibili al download,21-OCT-24 04.46.28.727000 PM
11399.0,HR/Normal user tries to update the answer,03-OCT-24 02.22.47.386000 PM
6251.0,Verifica possibilità di accesso a fondo pensione per Scelta Welfare,28-OCT-24 03.23.12.582000 PM
6645.0,Normal user tries to create new Provvidenza request for a child,03-OCT-24 02.28.45.379000 PM
7430.0,HR/Normal user tries to update the answer,03-OCT-24 02.45.19.260000 PM
6378.0,HR/Normal user tries to update the answer,03-OCT-24 02.44.41.889000 PM
7485.0,HR/Normal user tries to update the answer,03-OCT-24 02.43.13.391000 PM
5729.0,Normal user assign new grade for the child while creating a request,03-OCT-24 02.32.09.816000 PM
7224.0,HR/Normal user tries to update the answer,03-OCT-24 02.41.44.358000 PM
13001184.0,HR/Normal user tries to update the answer,18-OCT-24 04.03.04.665000 PM
5982.0,Verifica possibilità di accesso a fondo pensione per Scelta Welfare,28-OCT-24 02.32.54.082000 PM
6221.0,HR/Normal user tries to update the answer,03-OCT-24 02.28.48.375000 PM
7185.0,Normal user assign new grade for the child while creating a request,03-OCT-24 02.28.31.609000 PM
6910.0,Normal user enters the Provvidenza Figli page,09-OCT-24 12.39.26.424000 PM
8866.0,HR/Normal user tries to update the answer,03-OCT-24 02.02.08.430000 PM
5570.0,Normal user tries to create new Provvidenza request for a child,14-OCT-24 03.47.30.045000 PM
17474.0,Normal user enters the Provvidenza Figli page,03-OCT-24 02.31.01.079000 PM
5788.0,Normal user tries to create new Provvidenza request for a child,03-OCT-24 01.38.42.606000 PM
10864.0,Normal user enters the Provvidenza Figli page,04-OCT-24 09.02.10.514000 AM
,Dettaglio elenco Cedolini e CU disponibili al download,04-OCT-24 09.18.19.553000 AM
5694.0,HR/Normal user tries to update the answer,03-OCT-24 02.06.30.694000 PM
14431.0,HR/Normal user tries to update the answer,04-OCT-24 09.18.42.739000 AM
5771.0,Normal user enters the Provvidenza Figli page,04-OCT-24 06.44.59.849000 PM
6359.0,Normal user enters the Provvidenza Figli page,04-OCT-24 09.25.43.004000 AM
15690.0,HR/Normal user tries to update the answer,04-OCT-24 09.47.43.978000 AM
6002.0,Normal user enters the Provvidenza Figli page,04-OCT-24 09.16.49.504000 AM
,Dettaglio elenco Cedolini e CU disponibili al download,10-OCT-24 11.20.36.510000 AM
16429.0,Verifica possibilità di accesso a fondo pensione per Scelta Welfare,15-OCT-24 09.34.29.087000 AM
6093.0,HR/Normal user tries to update the answer,04-OCT-24 09.17.29.578000 AM
8277.0,HR/Normal user tries to update the answer,03-OCT-24 02.40.43.023000 PM
8372.0,HR tried to update grade,03-OCT-24 02.41.34.323000 PM
5784.0,HR/Normal user tries to update the answer,03-OCT-24 02.31.43.133000 PM
5299.0,Normal user update grade for a child,04-OCT-24 08.46.57.573000 AM
6817.0,Normal user assign new grade for the child while creating a request,03-OCT-24 02.04.12.120000 PM
13000105.0,Normal user tries to create new Provvidenza request for a child,03-OCT-24 02.45.51.134000 PM
5290.0,HR/Normal user tries to update the answer,03-OCT-24 02.53.39.727000 PM
5869.0,Normal user tries to create new Provvidenza request for a child,03-OCT-24 02.32.05.323000 PM
5336.0,HR/Normal user tries to update the answer,03-OCT-24 02.35.20.461000 PM
5768.0,HR/Normal user tries to update the answer,04-OCT-24 10.00.50.481000 AM
5768.0,Normal / HR user updates the answer,04-OCT-24 10.00.36.272000 AM
7430.0,Normal user enters the Provvidenza Figli page,03-OCT-24 02.45.37.853000 PM
6378.0,Normal user tries to create new Provvidenza request for a child,03-OCT-24 02.44.34.761000 PM
7640.0,Normal user assign new grade for the child while creating a request,03-OCT-24 02.41.05.266000 PM
5749.0,HR/Normal user tries to update the answer,04-OCT-24 09.53.21.825000 AM
6601.0,HR/Normal user tries to update the answer,03-OCT-24 02.50.57.722000 PM
16385.0,Normal user update grade for a child,03-OCT-24 02.41.57.713000 PM
13002973.0,Recupero dettagli utente per invio adesione Fondo Nazionale,18-OCT-24 04.37.17.492000 PM
,Dettaglio elenco Cedolini e CU disponibili al download,28-OCT-24 03.10.33.474000 PM
6910.0,HR/Normal user tries to update the answer,09-OCT-24 12.38.37.874000 PM
5319.0,HR/Normal user tries to update the answer,18-OCT-24 04.04.46.712000 PM
16385.0,HR/Normal user tries to update the answer,03-OCT-24 02.41.19.959000 PM
8314.0,Normal user enters the Provvidenza Figli page,04-OCT-24 09.21.35.823000 AM
5779.0,HR/Normal user tries to update the answer,03-OCT-24 02.51.17.573000 PM
6807.0,Normal user enters the Provvidenza Figli page,03-OCT-24 02.49.12.783000 PM
7052.0,Normal user enters the Provvidenza Figli page,03-OCT-24 02.49.11.803000 PM
16672.0,HR/Normal user tries to update the answer,09-OCT-24 03.26.50.909000 PM
7063.0,HR/Normal user tries to update the answer,04-OCT-24 09.05.20.272000 AM
,Dettaglio elenco Cedolini e CU disponibili al download,15-OCT-24 10.09.21.003000 AM
18291.0,Download PDF dalla sezione Cedolini,04-OCT-24 09.23.30.990000 AM
,Dettaglio elenco Cedolini e CU disponibili al download,30-OCT-24 06.48.28.312000 PM
5483.0,Normal user enters the Provvidenza Figli page,04-OCT-24 10.01.27.652000 AM
6002.0,HR/Normal user tries to update the answer,04-OCT-24 09.16.14.491000 AM
,Dettaglio elenco Cedolini e CU disponibili al download,04-OCT-24 08.58.28.651000 AM
18291.0,Download PDF dalla sezione Cedolini,04-OCT-24 09.23.43.517000 AM
6078.0,Normal user tries to create new Provvidenza request for a child,04-OCT-24 09.37.11.912000 AM
6680.0,Normal user assign new grade for the child while creating a request,04-OCT-24 09.50.10.359000 AM
7063.0,Normal user enters the Provvidenza Figli page,04-OCT-24 08.56.03.264000 AM
16672.0,HR/Normal user tries to update the answer,09-OCT-24 03.23.09.184000 PM
,Dettaglio elenco Cedolini e CU disponibili al download,31-OCT-24 03.19.48.600000 PM
,Dettaglio elenco Cedolini e CU disponibili al download,08-OCT-24 08.31.19.138000 AM
7506.0,Normal user tries to create new Provvidenza request for a child,06-OCT-24 08.12.11.773000 PM
5240.0,Normal user assign new grade for the child while creating a request,04-OCT-24 08.55.15.868000 AM
7068.0,HR/Normal user tries to update the answer,04-OCT-24 08.55.18.039000 AM
6677.0,Normal user assign new grade for the child while creating a request,04-OCT-24 09.04.10.578000 AM
,Dettaglio elenco Cedolini e CU disponibili al download,08-OCT-24 08.28.39.906000 AM
16672.0,Normal user update grade for a child,09-OCT-24 03.26.34.754000 PM
6078.0,Normal user enters the Provvidenza Figli page,04-OCT-24 09.37.03.455000 AM
5678.0,Normal user tries to create new Provvidenza request for a child,07-OCT-24 10.37.42.973000 AM
6174.0,HR/Normal user tries to update the answer,07-OCT-24 10.41.15.003000 AM
7068.0,Download PDF dalla sezione Cedolini,04-OCT-24 09.02.46.768000 AM
9093.0,HR/Normal user tries to update the answer,04-OCT-24 09.34.30.965000 AM
8245.0,HR/Normal user tries to update the answer,07-OCT-24 10.47.03.308000 AM
16317.0,Normal user enters the Provvidenza Figli page,22-OCT-24 11.40.42.181000 AM
7530.0,HR tried to update grade,07-OCT-24 11.11.51.548000 AM
7283.0,Normal user update grade for a child,07-OCT-24 10.30.12.645000 AM
9473.0,Normal user enters the Provvidenza Figli page,07-OCT-24 10.38.20.591000 AM
9953.0,Download PDF dalla sezione Cedolini,24-OCT-24 06.17.10.747000 PM
,Dettaglio elenco Cedolini e CU disponibili al download,24-OCT-24 09.51.37.288000 AM
7160.0,Verifica possibilità di accesso a fondo pensione per Scelta Welfare,07-OCT-24 11.29.27.662000 AM
6076.0,Normal user tries to create new Provvidenza request for a child,04-OCT-24 10.02.30.003000 AM
5828.0,Normal user enters the Provvidenza Figli page,07-OCT-24 10.51.01.174000 AM
7506.0,HR/Normal user tries to update the answer,06-OCT-24 08.12.37.933000 PM
7446.0,HR/Normal user tries to update the answer,08-OCT-24 08.14.34.881000 AM
,Download PDF dalla sezione Cedolini,29-OCT-24 04.45.53.055000 PM
,Download PDF dalla sezione Cedolini,07-OCT-24 11.11.23.032000 AM
,Download PDF dalla sezione Cedolini,07-OCT-24 10.23.03.451000 AM
,Dettaglio elenco Cedolini e CU disponibili al download,31-OCT-24 05.17.35.132000 PM
5828.0,Normal user assign new grade for the child while creating a request,07-OCT-24 10.50.19.931000 AM
,Download PDF dalla sezione Cedolini,28-OCT-24 01.46.30.934000 PM
,Dettaglio elenco Cedolini e CU disponibili al download,24-OCT-24 08.59.13.546000 AM
,Download PDF dalla sezione Cedolini,24-OCT-24 06.00.20.498000 PM
13002682.0,Verifica possibilità di accesso a fondo pensione per Scelta Welfare,03-OCT-24 11.11.12.009000 AM
,Download PDF dalla sezione Cedolini,07-OCT-24 10.26.07.488000 AM
6940.0,Normal user tries to create new Provvidenza request for a child,08-OCT-24 12.02.38.022000 PM
,Download PDF dalla sezione Cedolini,14-OCT-24 08.39.14.651000 PM
,Dettaglio elenco Cedolini e CU disponibili al download,07-OCT-24 11.34.32.364000 AM
7205.0,HR/Normal user tries to update the answer,08-OCT-24 12.25.18.142000 PM
6940.0,HR/Normal user tries to update the answer,08-OCT-24 12.02.51.463000 PM
5467.0,Dettaglio elenco Cedolini e CU disponibili al download,08-OCT-24 12.37.48.070000 PM
5556.0,HR/Normal user tries to update the answer,07-OCT-24 10.49.42.678000 AM
,Dettaglio elenco Cedolini e CU disponibili al download,08-OCT-24 12.10.18.609000 PM
5854.0,Normal user update grade for a child,10-OCT-24 03.00.18.194000 PM
,Download PDF dalla sezione Cedolini,14-OCT-24 08.39.08.904000 PM
16429.0,Download PDF dalla sezione Cedolini,28-OCT-24 12.35.32.164000 PM
,Dettaglio elenco Cedolini e CU disponibili al download,10-OCT-24 03.52.38.578000 PM
7606.0,Dettaglio elenco Cedolini e CU disponibili al download,10-OCT-24 03.39.59.123000 PM
6057.0,HR/Normal user tries to update the answer,07-OCT-24 11.17.27.801000 AM
,Download PDF dalla sezione Cedolini,01-OCT-24 01.18.16.654000 PM
5690.0,Normal user enters the Provvidenza Figli page,08-OCT-24 12.42.09.632000 PM
,Dettaglio elenco Cedolini e CU disponibili al download,08-OCT-24 12.26.53.727000 PM
,Dettaglio elenco Cedolini e CU disponibili al download,10-OCT-24 02.49.00.051000 PM
13001389.0,Recupero dettagli utente per Scelta orario di lavoro,24-OCT-24 10.47.29.234000 AM
8438.0,Verifica possibilità di accesso a fondo pensione per Scelta Welfare,05-OCT-24 07.31.35.547000 PM
,Dettaglio elenco Cedolini e CU disponibili al download,17-OCT-24 10.37.09.383000 AM
,Dettaglio elenco Cedolini e CU disponibili al download,17-OCT-24 10.37.01.030000 AM
5827.0,Normal user enters the Provvidenza Figli page,10-OCT-24 01.13.26.296000 PM
,Dettaglio elenco Cedolini e CU disponibili al download,17-OCT-24 02.53.12.948000 PM
,Dettaglio elenco Cedolini e CU disponibili al download,28-OCT-24 04.26.31.158000 PM
15798.0,Download PDF dalla sezione Cedolini,10-OCT-24 03.36.46.396000 PM
5849.0,Recupero dettagli utente per invio adesione Fondo Nazionale,30-OCT-24 04.16.03.456000 PM
5467.0,Normal user enters the Provvidenza Figli page,08-OCT-24 12.37.53.395000 PM
,Dettaglio elenco Cedolini e CU disponibili al download,25-OCT-24 03.47.47.346000 PM
6199.0,HR user Download the data as excel to Preview,17-OCT-24 10.22.11.189000 AM
,Dettaglio elenco Cedolini e CU disponibili al download,30-OCT-24 04.59.15.746000 PM
13002974.0,Normal user enters the Provvidenza Figli page,17-OCT-24 10.07.42.943000 AM
,Download PDF dalla sezione Cedolini,30-OCT-24 04.59.18.052000 PM
5827.0,Normal user assign new grade for the child while creating a request,10-OCT-24 01.10.39.975000 PM
16317.0,Normal user enters the Provvidenza Figli page,21-OCT-24 06.06.29.207000 PM
,Download PDF dalla sezione Cedolini,25-OCT-24 03.47.10.889000 PM
13002972.0,Recupero dettagliutente per Scelta Welfare,17-OCT-24 10.48.26.085000 AM
6251.0,Dettaglio elenco Cedolini e CU disponibili al download,28-OCT-24 04.19.04.821000 PM
,Download PDF dalla sezione Cedolini,18-OCT-24 10.17.06.109000 AM
,Dettaglio elenco Cedolini e CU disponibili al download,16-OCT-24 10.51.53.603000 AM
6509.0,Normal user tries to create new Provvidenza request for a child,10-OCT-24 01.53.21.115000 PM
5590.0,Normal user enters the Provvidenza Figli page,07-OCT-24 08.28.22.806000 AM
5878.0,Normal user assign new grade for the child while creating a request,17-OCT-24 10.23.54.162000 AM
5927.0,Normal user enters the Provvidenza Figli page,07-OCT-24 08.39.23.132000 AM
13002978.0,Recupero dettagliutente per Scelta Welfare,28-OCT-24 03.14.01.826000 PM
,Download PDF dalla sezione Cedolini,28-OCT-24 03.26.20.296000 PM
8226.0,HR/Normal user tries to update the answer,07-OCT-24 09.01.10.829000 AM
13001244.0,Recupero dettagliutente per Scelta Welfare,03-OCT-24 06.17.15.992000 PM
13001104.0,Recupero dettagliutente per Scelta Welfare,29-OCT-24 05.11.38.379000 PM
8324.0,Download PDF dalla sezione Cedolini,02-OCT-24 07.26.03.912000 PM
7492.0,HR/Normal user tries to update the answer,08-OCT-24 11.03.57.362000 AM
,Dettaglio elenco Cedolini e CU disponibili al download,08-OCT-24 11.25.40.369000 AM
6282.0,Normal user update grade for a child,07-OCT-24 12.15.40.890000 PM
,Download PDF dalla sezione Cedolini,18-OCT-24 10.00.53.132000 AM
,Download PDF dalla sezione Cedolini,30-OCT-24 05.21.44.640000 PM
,Dettaglio elenco Cedolini e CU disponibili al download,29-OCT-24 11.10.37.372000 AM
7313.0,Normal user assign new grade for the child while creating a request,07-OCT-24 12.03.26.113000 PM
8166.0,HR/Normal user tries to update the answer,07-OCT-24 08.14.19.561000 AM
5555.0,Normal user enters the Provvidenza Figli page,07-OCT-24 12.26.28.528000 PM
,Download PDF dalla sezione Cedolini,25-OCT-24 04.36.51.660000 PM
,Download PDF dalla sezione Cedolini,25-OCT-24 04.35.57.962000 PM
7377.0,Normal user tries to create new Provvidenza request for a child,05-OCT-24 04.13.21.661000 PM
13002024.0,Recupero dettagliutente per Scelta Welfare,29-OCT-24 09.02.51.367000 AM
6252.0,HR/Normal user tries to update the answer,07-OCT-24 08.13.02.290000 AM
,Dettaglio elenco Cedolini e CU disponibili al download,07-OCT-24 08.30.36.182000 AM
,Dettaglio elenco Cedolini e CU disponibili al download,08-OCT-24 11.43.42.947000 AM
5792.0,HR/Normal user tries to update the answer,07-OCT-24 12.47.24.215000 PM
,Download PDF dalla sezione Cedolini,28-OCT-24 09.46.23.132000 AM
,Download PDF dalla sezione Cedolini,25-OCT-24 03.47.17.940000 PM
5923.0,Recupero dettagli utente per Scelta orario di lavoro,29-OCT-24 09.33.58.211000 AM
6979.0,Normal user assign new grade for the child while creating a request,07-OCT-24 12.52.59.719000 PM
5945.0,HR/Normal user tries to update the answer,07-OCT-24 12.48.48.263000 PM
5923.0,Recupero dettagliutente per Scelta Welfare,29-OCT-24 09.35.08.964000 AM
,Dettaglio elenco Cedolini e CU disponibili al download,29-OCT-24 09.34.11.991000 AM
,Download PDF dalla sezione Cedolini,07-OCT-24 11.35.37.497000 AM
6146.0,Normal / HR user updates the answer,05-OCT-24 05.31.56.535000 PM
7832.0,Normal user enters the Provvidenza Figli page,03-OCT-24 06.18.37.739000 PM
7628.0,HR/Normal user tries to update the answer,07-OCT-24 09.05.49.052000 AM
,Download PDF dalla sezione Cedolini,04-OCT-24 12.50.11.682000 PM
7325.0,Normal user enters the Provvidenza Figli page,04-OCT-24 01.02.57.653000 PM
5781.0,Normal user tries to create new Provvidenza request for a child,04-OCT-24 01.10.34.186000 PM
6325.0,Verifica possibilità di accesso a fondo pensione per Scelta Welfare,29-OCT-24 09.28.04.444000 AM
6282.0,HR/Normal user tries to update the answer,07-OCT-24 12.11.18.174000 PM
8059.0,Recupero dettagli utente per Scelta orario di lavoro,24-OCT-24 12.39.57.252000 PM
8226.0,Normal user tries to create new Provvidenza request for a child,07-OCT-24 09.00.38.791000 AM
17626.0,Download PDF dalla sezione Cedolini,25-OCT-24 11.56.38.761000 AM
7703.0,HR/Normal user tries to update the answer,04-OCT-24 12.42.58.258000 PM
,Dettaglio elenco Cedolini e CU disponibili al download,02-OCT-24 09.27.16.987000 AM
13000882.0,Normal user enters the Provvidenza Figli page,07-OCT-24 12.36.53.374000 PM
5643.0,Dettaglio elenco Cedolini e CU disponibili al download,29-OCT-24 09.06.50.162000 AM
6282.0,Normal user enters the Provvidenza Figli page,07-OCT-24 12.15.48.205000 PM
5811.0,Normal user enters the Provvidenza Figli page,07-OCT-24 08.54.35.780000 AM
7703.0,HR/Normal user tries to update the answer,04-OCT-24 12.43.22.769000 PM
6146.0,Normal user assign new grade for the child while creating a request,05-OCT-24 05.30.31.482000 PM
17669.0,Dettaglio elenco Cedolini e CU disponibili al download,25-OCT-24 10.12.52.189000 AM
19201.0,Normal user assign new grade for the child while creating a request,07-OCT-24 12.22.41.329000 PM
13002832.0,Normal user enters the Provvidenza Figli page,04-OCT-24 12.59.23.289000 PM
19201.0,Recupero dettagli utente per invio adesione Fondo Nazionale,07-OCT-24 12.24.27.500000 PM
,Download PDF dalla sezione Cedolini,07-OCT-24 12.35.17.003000 PM
7605.0,HR/Normal user tries to update the answer,04-OCT-24 01.43.19.123000 PM
,Dettaglio elenco Cedolini e CU disponibili al download,25-OCT-24 10.14.21.602000 AM
,Dettaglio elenco Cedolini e CU disponibili al download,04-OCT-24 01.57.12.776000 PM
,Download PDF dalla sezione Cedolini,25-OCT-24 10.25.33.045000 AM
,Download PDF dalla sezione Cedolini,29-OCT-24 09.44.17.187000 AM
,Download PDF dalla sezione Cedolini,25-OCT-24 10.29.06.712000 AM
,Dettaglio elenco Cedolini e CU disponibili al download,25-OCT-24 09.53.23.343000 AM
,Dettaglio elenco Cedolini e CU disponibili al download,25-OCT-24 10.03.54.324000 AM
,Dettaglio elenco Cedolini e CU disponibili al download,25-OCT-24 10.04.26.439000 AM
8388.0,Normal user enters the Provvidenza Figli page,07-OCT-24 12.34.58.120000 PM
,Dettaglio elenco Cedolini e CU disponibili al download,25-OCT-24 10.13.42.143000 AM
,Dettaglio elenco Cedolini e CU disponibili al download,29-OCT-24 09.07.04.767000 AM
5757.0,Normal user enters the Provvidenza Figli page,07-OCT-24 12.55.17.318000 PM
,Dettaglio elenco Cedolini e CU disponibili al download,29-OCT-24 09.41.48.322000 AM
5727.0,Normal user assign new grade for the child while creating a request,09-OCT-24 08.03.57.312000 AM
6905.0,HR/Normal user tries to update the answer,07-OCT-24 08.52.22.143000 AM
6282.0,HR tried to update grade,07-OCT-24 12.11.10.221000 PM
5781.0,Normal user assign new grade for the child while creating a request,04-OCT-24 01.10.34.301000 PM
,Dettaglio elenco Cedolini e CU disponibili al download,05-OCT-24 05.42.39.458000 PM
,Dettaglio elenco Cedolini e CU disponibili al download,25-OCT-24 10.09.51.371000 AM
7653.0,Recupero dettagliutente per Scelta Welfare,28-OCT-24 03.31.14.526000 PM
13001081.0,Normal user enters the Provvidenza Figli page,25-OCT-24 09.56.37.758000 AM
8449.0,Normal user enters the Provvidenza Figli page,04-OCT-24 01.10.20.167000 PM
,Dettaglio elenco Cedolini e CU disponibili al download,31-OCT-24 06.18.01.678000 PM
,Download PDF dalla sezione Cedolini,25-OCT-24 10.04.33.407000 AM
,Download PDF dalla sezione Cedolini,25-OCT-24 10.11.30.030000 AM
,Download PDF dalla sezione Cedolini,23-OCT-24 10.33.33.017000 AM
7497.0,Verifica possibilità di accesso a fondo pensione per Scelta Welfare,27-OCT-24 10.00.11.045000 PM
,Download PDF dalla sezione Cedolini,23-OCT-24 10.32.14.678000 AM
,Download PDF dalla sezione Cedolini,25-OCT-24 10.04.53.175000 AM
,Download PDF dalla sezione Cedolini,23-OCT-24 10.33.47.909000 AM
7380.0,HR/Normal user tries to update the answer,07-OCT-24 12.33.36.045000 PM
5327.0,Download PDF dalla sezione Cedolini,25-OCT-24 09.47.34.393000 AM
13002734.0,Recupero dettagliutente per Scelta Welfare,25-OCT-24 10.44.08.554000 AM
,Download PDF dalla sezione Cedolini,01-OCT-24 11.23.00.077000 AM
,Download PDF dalla sezione Cedolini,23-OCT-24 10.33.07.765000 AM
,Download PDF dalla sezione Cedolini,23-OCT-24 10.32.27.276000 AM
,Download PDF dalla sezione Cedolini,25-OCT-24 10.28.44.056000 AM
,Dettaglio elenco Cedolini e CU disponibili al download,25-OCT-24 10.28.53.980000 AM
,Download PDF dalla sezione Cedolini,25-OCT-24 10.28.50.096000 AM
,Download PDF dalla sezione Cedolini,23-OCT-24 10.32.43.835000 AM
5565.0,Dettaglio elenco Cedolini e CU disponibili al download,02-OCT-24 09.29.03.529000 AM
,Dettaglio elenco Cedolini e CU disponibili al download,25-OCT-24 01.00.29.457000 PM
,Dettaglio elenco Cedolini e CU disponibili al download,25-OCT-24 10.52.23.238000 AM
6555.0,Normal user tries to create new Provvidenza request for a child,31-OCT-24 06.36.16.107000 PM
7012.0,HR/Normal user tries to update the answer,04-OCT-24 01.26.50.727000 PM
5577.0,HR/Normal user tries to update the answer,04-OCT-24 12.55.52.919000 PM
5297.0,Recupero dettagliutente per Scelta Welfare,17-OCT-24 03.10.33.573000 PM
13002935.0,HR/Normal user tries to update the answer,04-OCT-24 01.54.34.817000 PM
,Download PDF dalla sezione Cedolini,23-OCT-24 10.32.46.210000 AM
,Dettaglio elenco Cedolini e CU disponibili al download,25-OCT-24 01.38.11.919000 PM
,Dettaglio elenco Cedolini e CU disponibili al download,25-OCT-24 01.18.58.895000 PM
,Download PDF dalla sezione Cedolini,25-OCT-24 01.31.39.945000 PM
,Dettaglio elenco Cedolini e CU disponibili al download,25-OCT-24 10.19.14.526000 AM
,Download PDF dalla sezione Cedolini,25-OCT-24 10.04.54.130000 AM
,Download PDF dalla sezione Cedolini,07-OCT-24 11.08.14.255000 AM
6174.0,Normal user tries to create new Provvidenza request for a child,07-OCT-24 10.41.07.199000 AM
7843.0,HR/Normal user tries to update the answer,07-OCT-24 10.47.02.033000 AM
13002224.0,Recupero dettagliutente per Scelta Welfare,07-OCT-24 11.49.25.581000 AM
7843.0,HR/Normal user tries to update the answer,07-OCT-24 10.47.03.664000 AM
13002974.0,Recupero dettagli utente per invio adesione Fondo Nazionale,17-OCT-24 04.08.42.374000 PM
,Dettaglio elenco Cedolini e CU disponibili al download,25-OCT-24 01.54.53.450000 PM
5226.0,Normal user assign new grade for the child while creating a request,07-OCT-24 10.58.46.271000 AM
6174.0,Normal user enters the Provvidenza Figli page,07-OCT-24 10.40.34.710000 AM
5556.0,HR/Normal user tries to update the answer,07-OCT-24 10.49.38.802000 AM
5678.0,HR/Normal user tries to update the answer,07-OCT-24 10.39.28.377000 AM
,Dettaglio elenco Cedolini e CU disponibili al download,22-OCT-24 09.31.36.880000 PM
7216.0,HR/Normal user tries to update the answer,07-OCT-24 11.44.33.091000 AM
8388.0,Normal user enters the Provvidenza Figli page,07-OCT-24 10.41.00.482000 AM
6199.0,Normal user enters the Provvidenza Figli page,10-OCT-24 04.47.31.228000 PM
17119.0,HR tried to update grade,03-OCT-24 02.07.33.735000 PM
6057.0,HR/Normal user tries to update the answer,07-OCT-24 11.17.20.756000 AM
6174.0,Normal user update grade for a child,07-OCT-24 10.54.56.704000 AM
,Download PDF dalla sezione Cedolini,25-OCT-24 12.05.09.802000 PM
,Download PDF dalla sezione Cedolini,25-OCT-24 12.03.28.231000 PM
6850.0,Normal user tries to create new Provvidenza request for a child,03-OCT-24 01.27.57.731000 PM
,Dettaglio elenco Cedolini e CU disponibili al download,25-OCT-24 08.12.24.346000 AM
6956.0,Normal user enters the Provvidenza Figli page,03-OCT-24 01.22.53.856000 PM
,Dettaglio elenco Cedolini e CU disponibili al download,03-OCT-24 01.25.11.226000 PM
7636.0,HR/Normal user tries to update the answer,03-OCT-24 01.22.57.677000 PM
13001862.0,Normal user assign new grade for the child while creating a request,03-OCT-24 01.35.40.227000 PM
7200.0,Normal user enters the Provvidenza Figli page,03-OCT-24 01.27.17.474000 PM
7165.0,HR/Normal user tries to update the answer,03-OCT-24 02.17.25.276000 PM
5607.0,HR/Normal user tries to update the answer,08-OCT-24 10.07.11.088000 AM
17658.0,Dettaglio elenco Cedolini e CU disponibili al download,08-OCT-24 10.23.39.217000 AM
,Dettaglio elenco Cedolini e CU disponibili al download,25-OCT-24 01.31.06.292000 PM
5875.0,HR/Normal user tries to update the answer,03-OCT-24 01.46.12.481000 PM
5302.0,HR/Normal user tries to update the answer,03-OCT-24 01.25.44.984000 PM
5955.0,HR/Normal user tries to update the answer,03-OCT-24 01.39.49.795000 PM
7425.0,Normal user tries to create new Provvidenza request for a child,03-OCT-24 02.37.43.743000 PM
7733.0,HR/Normal user tries to update the answer,03-OCT-24 02.36.54.053000 PM
7600.0,Normal user tries to create new Provvidenza request for a child,03-OCT-24 01.48.00.404000 PM
7843.0,Normal user enters the Provvidenza Figli page,25-OCT-24 10.50.18.106000 AM
6243.0,HR/Normal user tries to update the answer,03-OCT-24 02.11.07.721000 PM
19442.0,Dettaglio elenco Cedolini e CU disponibili al download,25-OCT-24 11.05.27.566000 AM
19442.0,Dettaglio elenco Cedolini e CU disponibili al download,09-OCT-24 02.32.24.120000 PM
,Dettaglio elenco Cedolini e CU disponibili al download,25-OCT-24 10.57.59.196000 AM
14647.0,HR/Normal user tries to update the answer,04-OCT-24 10.16.58.006000 AM
7515.0,HR/Normal user tries to update the answer,04-OCT-24 10.27.31.764000 AM
7810.0,HR/Normal user tries to update the answer,04-OCT-24 10.17.37.277000 AM
6076.0,HR/Normal user tries to update the answer,04-OCT-24 10.02.15.057000 AM
7792.0,HR/Normal user tries to update the answer,07-OCT-24 11.53.51.161000 AM
8622.0,Normal user tries to create new Provvidenza request for a child,04-OCT-24 10.17.52.473000 AM
5199.0,Recupero dettagli utente per Scelta orario di lavoro,03-OCT-24 02.33.44.276000 PM
10095.0,Verifica possibilità di accesso a fondo pensione per Scelta Welfare,04-OCT-24 10.09.08.691000 AM
,Dettaglio elenco Cedolini e CU disponibili al download,04-OCT-24 10.07.23.849000 AM
5746.0,Normal / HR user updates the answer,04-OCT-24 10.16.00.950000 AM
7234.0,Normal user assign new grade for the child while creating a request,04-OCT-24 10.23.37.145000 AM
5906.0,HR/Normal user tries to update the answer,04-OCT-24 10.26.54.392000 AM
5238.0,HR/Normal user tries to update the answer,04-OCT-24 10.12.09.957000 AM
6104.0,Verifica possibilità di accesso a fondo pensione per Scelta Welfare,29-OCT-24 04.35.54.345000 PM
8622.0,Normal user enters the Provvidenza Figli page,04-OCT-24 10.17.47.740000 AM
8438.0,Recupero dettagli utente per invio adesione Fondo Nazionale,05-OCT-24 07.39.14.916000 PM
,Dettaglio elenco Cedolini e CU disponibili al download,04-OCT-24 10.53.21.058000 AM
5906.0,HR/Normal user tries to update the answer,04-OCT-24 10.26.41.226000 AM
,Dettaglio elenco Cedolini e CU disponibili al download,03-OCT-24 01.50.23.722000 PM
7234.0,HR/Normal user tries to update the answer,04-OCT-24 10.30.21.689000 AM
,Download PDF dalla sezione Cedolini,29-OCT-24 04.46.23.910000 PM
5484.0,Normal user tries to create new Provvidenza request for a child,03-OCT-24 02.22.31.044000 PM
8438.0,Normal user enters the Provvidenza Figli page,05-OCT-24 07.34.33.167000 PM
7515.0,HR/Normal user tries to update the answer,04-OCT-24 10.27.21.696000 AM
6672.0,Normal user tries to create new Provvidenza request for a child,04-OCT-24 11.15.32.362000 AM
13002928.0,Verifica possibilità di accesso a fondo pensione per Scelta Welfare,04-OCT-24 10.23.27.393000 AM
8438.0,HR/Normal user tries to update the answer,05-OCT-24 07.33.46.085000 PM
13002701.0,Verifica possibilità di accesso a fondo pensione per Scelta Welfare,04-OCT-24 10.54.04.344000 AM
5241.0,HR/Normal user tries to update the answer,04-OCT-24 10.42.11.988000 AM
7468.0,Normal user assign new grade for the child while creating a request,04-OCT-24 10.29.46.805000 AM
8438.0,Normal user enters the Provvidenza Figli page,05-OCT-24 07.33.07.580000 PM
5768.0,Normal user enters the Provvidenza Figli page,04-OCT-24 10.02.56.412000 AM
7107.0,Normal user tries to create new Provvidenza request for a child,04-OCT-24 11.02.46.030000 AM
7234.0,Normal / HR user updates the answer,04-OCT-24 10.40.12.161000 AM
14647.0,HR/Normal user tries to update the answer,04-OCT-24 10.16.29.957000 AM
5483.0,HR/Normal user tries to update the answer,04-OCT-24 10.00.37.904000 AM
,Dettaglio elenco Cedolini e CU disponibili al download,02-OCT-24 05.32.04.769000 PM
5843.0,HR/Normal user tries to update the answer,08-OCT-24 03.03.14.750000 PM
7492.0,HR/Normal user tries to update the answer,08-OCT-24 11.04.11.273000 AM
5899.0,Normal user tries to create new Provvidenza request for a child,14-OCT-24 02.13.11.666000 PM
6709.0,Normal user update grade for a child,01-OCT-24 03.22.11.675000 PM
,Dettaglio elenco Cedolini e CU disponibili al download,24-OCT-24 10.06.08.731000 PM
5272.0,HR tried to update grade,07-OCT-24 04.22.07.390000 PM
7000.0,Normal user enters the Provvidenza Figli page,03-OCT-24 06.59.45.169000 PM
5575.0,Dettaglio elenco Cedolini e CU disponibili al download,29-OCT-24 03.00.09.606000 PM
5781.0,HR/Normal user tries to update the answer,04-OCT-24 01.08.55.146000 PM
8055.0,Dettaglio elenco Cedolini e CU disponibili al download,30-OCT-24 02.30.12.669000 PM
6186.0,Normal user enters the Provvidenza Figli page,11-OCT-24 12.45.12.630000 PM
7810.0,Normal user assign new grade for the child while creating a request,04-OCT-24 10.16.56.718000 AM
7107.0,HR/Normal user tries to update the answer,04-OCT-24 11.03.27.424000 AM
6143.0,Normal user enters the Provvidenza Figli page,17-OCT-24 04.44.08.064000 PM
6733.0,Normal user update grade for a child,09-OCT-24 11.57.12.977000 AM
7593.0,Normal user enters the Provvidenza Figli page,09-OCT-24 11.26.04.609000 AM
,Dettaglio elenco Cedolini e CU disponibili al download,28-OCT-24 09.13.56.248000 AM
,Dettaglio elenco Cedolini e CU disponibili al download,14-OCT-24 04.24.18.863000 PM
,Download PDF dalla sezione Cedolini,28-OCT-24 08.46.27.203000 AM
7072.0,Download PDF dalla sezione Cedolini,25-OCT-24 09.40.48.890000 AM
6933.0,HR/Normal user tries to update the answer,25-OCT-24 08.58.54.735000 AM
14622.0,Recupero dettagli utente per Scelta orario di lavoro,07-OCT-24 01.22.30.470000 PM
,Dettaglio elenco Cedolini e CU disponibili al download,25-OCT-24 08.37.56.202000 AM
6595.0,Normal user enters the Provvidenza Figli page,04-OCT-24 09.14.04.809000 AM
13002831.0,Normal user assign new grade for the child while creating a request,04-OCT-24 09.15.51.614000 AM
5837.0,Normal user assign new grade for the child while creating a request,04-OCT-24 08.56.15.022000 AM
6359.0,HR/Normal user tries to update the answer,04-OCT-24 09.24.55.039000 AM
,Download PDF dalla sezione Cedolini,01-OCT-24 06.53.24.136000 PM
,Dettaglio elenco Cedolini e CU disponibili al download,14-OCT-24 02.35.09.083000 PM
7262.0,HR/Normal user tries to update the answer,04-OCT-24 02.41.26.422000 PM
6226.0,Recupero dettagliutente per Scelta Welfare,16-OCT-24 09.26.28.307000 PM
,Download PDF dalla sezione Cedolini,04-OCT-24 08.27.33.732000 AM
13002733.0,Normal user enters the Provvidenza Figli page,04-OCT-24 08.28.49.885000 AM
7616.0,HR/Normal user tries to update the answer,04-OCT-24 02.20.59.260000 PM
5825.0,HR/Normal user tries to update the answer,04-OCT-24 02.46.58.922000 PM
,Dettaglio elenco Cedolini e CU disponibili al download,04-OCT-24 03.54.01.766000 PM
,Dettaglio elenco Cedolini e CU disponibili al download,04-OCT-24 03.50.42.228000 PM
7932.0,Normal user enters the Provvidenza Figli page,04-OCT-24 04.01.16.950000 PM
9223.0,Download PDF dalla sezione Cedolini,03-OCT-24 02.08.51.949000 PM
6632.0,HR/Normal user tries to update the answer,10-OCT-24 05.49.54.609000 PM
7605.0,HR/Normal user tries to update the answer,04-OCT-24 01.43.07.133000 PM
5369.0,Normal user assign new grade for the child while creating a request,03-OCT-24 01.56.14.561000 PM
9403.0,HR/Normal user tries to update the answer,03-OCT-24 01.39.19.591000 PM
5848.0,Normal user enters the Provvidenza Figli page,04-OCT-24 01.40.17.494000 PM
5995.0,HR/Normal user tries to update the answer,03-OCT-24 02.33.19.224000 PM
5864.0,HR/Normal user tries to update the answer,10-OCT-24 06.28.44.356000 PM
7427.0,Normal user enters the Provvidenza Figli page,04-OCT-24 02.35.19.867000 PM
5651.0,HR/Normal user tries to update the answer,03-OCT-24 02.47.08.124000 PM
7313.0,Normal user update grade for a child,09-OCT-24 12.40.17.079000 PM
6815.0,Normal user assign new grade for the child while creating a request,03-OCT-24 02.26.59.295000 PM
5290.0,HR/Normal user tries to update the answer,03-OCT-24 02.53.49.816000 PM
6017.0,HR/Normal user tries to update the answer,03-OCT-24 02.53.17.929000 PM
13000695.0,HR/Normal user tries to update the answer,03-OCT-24 02.38.25.478000 PM
6238.0,Recupero dettagliutente per Scelta Welfare,03-OCT-24 02.09.30.391000 PM
6910.0,HR/Normal user tries to update the answer,09-OCT-24 12.38.58.602000 PM
7221.0,HR/Normal user tries to update the answer,03-OCT-24 02.42.39.766000 PM
6807.0,HR/Normal user tries to update the answer,03-OCT-24 02.49.58.934000 PM
6553.0,Normal user tries to create new Provvidenza request for a child,03-OCT-24 02.37.40.215000 PM
6199.0,Normal user enters the Provvidenza Figli page,10-OCT-24 11.58.41.964000 AM
6221.0,HR tried to update grade,03-OCT-24 02.28.38.406000 PM
5753.0,HR/Normal user tries to update the answer,03-OCT-24 02.11.05.700000 PM
6359.0,HR tried to update grade,04-OCT-24 09.24.49.678000 AM
6002.0,HR/Normal user tries to update the answer,04-OCT-24 09.16.23.360000 AM
7068.0,HR/Normal user tries to update the answer,04-OCT-24 08.55.12.580000 AM
,Dettaglio elenco Cedolini e CU disponibili al download,29-OCT-24 04.41.47.995000 PM
,Download PDF dalla sezione Cedolini,30-OCT-24 06.46.33.538000 PM
5459.0,Normal user assign new grade for the child while creating a request,07-OCT-24 11.25.22.961000 AM
7530.0,HR/Normal user tries to update the answer,07-OCT-24 11.11.54.507000 AM
,Download PDF dalla sezione Cedolini,10-OCT-24 02.57.20.140000 PM
5797.0,HR/Normal user tries to update the answer,08-OCT-24 12.40.28.731000 PM
13002723.0,Recupero dettagli utente per Scelta orario di lavoro,10-OCT-24 01.58.37.118000 PM
,Dettaglio elenco Cedolini e CU disponibili al download,30-OCT-24 04.14.55.989000 PM
5878.0,Normal user enters the Provvidenza Figli page,17-OCT-24 10.24.42.312000 AM
,Dettaglio elenco Cedolini e CU disponibili al download,10-OCT-24 01.53.53.192000 PM
,Dettaglio elenco Cedolini e CU disponibili al download,30-OCT-24 05.12.41.999000 PM
,Download PDF dalla sezione Cedolini,30-OCT-24 05.19.10.714000 PM
8324.0,Download PDF dalla sezione Cedolini,02-OCT-24 07.28.55.333000 PM
,Download PDF dalla sezione Cedolini,08-OCT-24 12.04.03.330000 PM
6979.0,Dettaglio elenco Cedolini e CU disponibili al download,07-OCT-24 12.50.22.820000 PM
13002978.0,HR/Normal user tries to update the answer,28-OCT-24 03.22.15.598000 PM
,Dettaglio elenco Cedolini e CU disponibili al download,29-OCT-24 09.02.59.412000 AM
5945.0,HR/Normal user tries to update the answer,07-OCT-24 12.47.52.405000 PM
5577.0,HR/Normal user tries to update the answer,04-OCT-24 12.57.40.026000 PM
,Download PDF dalla sezione Cedolini,23-OCT-24 10.33.50.108000 AM
,Dettaglio elenco Cedolini e CU disponibili al download,25-OCT-24 11.08.38.968000 AM
6895.0,Normal user enters the Provvidenza Figli page,08-OCT-24 11.35.02.304000 AM
,Download PDF dalla sezione Cedolini,29-OCT-24 09.43.54.287000 AM
,Dettaglio elenco Cedolini e CU disponibili al download,25-OCT-24 06.00.30.549000 PM
,Dettaglio elenco Cedolini e CU disponibili al download,27-OCT-24 08.18.50.052000 PM
5746.0,Normal user tries to create new Provvidenza request for a child,04-OCT-24 10.15.43.063000 AM
5678.0,HR/Normal user tries to update the answer,07-OCT-24 10.39.00.477000 AM
,Download PDF dalla sezione Cedolini,25-OCT-24 11.20.26.494000 AM
,Download PDF dalla sezione Cedolini,25-OCT-24 11.05.28.217000 AM
,A valid user enters the MIFID page details of the user would be logged,31-OCT-24 08.27.26.137000 AM
,A valid user enters the MIFID page details of the user would be logged,31-OCT-24 08.33.36.445000 AM
,Download PDF dalla sezione Cedolini,22-OCT-24 11.56.14.168000 AM
6199.0,Normal user enters the Provvidenza Figli page,08-OCT-24 02.30.48.410000 PM
6887.0,Normal user tries to create new Provvidenza request for a child,08-OCT-24 02.58.44.975000 PM
5948.0,HR/Normal user tries to update the answer,08-OCT-24 01.49.01.099000 PM
6199.0,HR user enters the Change Tipo Provvidenza  configuration,03-OCT-24 10.40.50.104000 AM
6887.0,Normal user enters the Provvidenza Figli page,08-OCT-24 02.57.42.923000 PM
6906.0,Verifica possibilità di accesso a fondo pensione per Scelta Welfare,22-OCT-24 10.56.47.417000 AM
,Download PDF dalla sezione Cedolini,08-OCT-24 02.18.27.673000 PM
8370.0,HR/Normal user tries to update the answer,08-OCT-24 01.56.50.570000 PM
8288.0,Normal / HR user updates the answer,08-OCT-24 02.23.08.754000 PM
8288.0,Normal user assign new grade for the child while creating a request,08-OCT-24 02.22.24.900000 PM
,Dettaglio elenco Cedolini e CU disponibili al download,25-OCT-24 10.04.29.015000 AM
,Dettaglio elenco Cedolini e CU disponibili al download,25-OCT-24 10.04.49.112000 AM
5463.0,HR/Normal user tries to update the answer,03-OCT-24 10.48.48.076000 AM
7710.0,Dettaglio elenco Cedolini e CU disponibili al download,30-OCT-24 02.58.51.202000 PM
5621.0,HR/Normal user tries to update the answer,30-OCT-24 03.25.41.606000 PM
,Download PDF dalla sezione Cedolini,01-OCT-24 04.48.16.962000 PM
6132.0,HR/Normal user tries to update the answer,03-OCT-24 01.21.17.223000 PM
13002972.0,Verifica possibilità di accesso a fondo pensione per Scelta Welfare,23-OCT-24 09.03.54.341000 AM
6598.0,Dettaglio elenco Cedolini e CU disponibili al download,10-OCT-24 08.53.29.660000 AM
8055.0,Recupero dettagli utente per Scelta orario di lavoro,30-OCT-24 02.30.55.068000 PM
6132.0,HR/Normal user tries to update the answer,03-OCT-24 01.20.17.422000 PM
6723.0,HR/Normal user tries to update the answer,26-OCT-24 10.35.30.856000 AM
,Dettaglio elenco Cedolini e CU disponibili al download,22-OCT-24 11.47.42.649000 AM
6595.0,Download PDF dalla sezione Cedolini,30-OCT-24 09.49.16.726000 AM
,Dettaglio elenco Cedolini e CU disponibili al download,30-OCT-24 10.25.22.801000 AM
7813.0,Normal user assign new grade for the child while creating a request,03-OCT-24 01.16.22.081000 PM
,Dettaglio elenco Cedolini e CU disponibili al download,30-OCT-24 02.15.46.417000 PM
6227.0,HR/Normal user tries to update the answer,03-OCT-24 01.18.38.646000 PM
,Download PDF dalla sezione Cedolini,26-OCT-24 10.29.08.839000 AM
6164.0,HR/Normal user tries to update the answer,03-OCT-24 01.16.39.200000 PM
5687.0,HR/Normal user tries to update the answer,03-OCT-24 01.17.45.782000 PM
6482.0,HR/Normal user tries to update the answer,10-OCT-24 08.52.15.491000 AM
5621.0,Normal / HR user updates the answer,30-OCT-24 03.25.34.402000 PM
,Dettaglio elenco Cedolini e CU disponibili al download,30-OCT-24 02.57.24.413000 PM
13002682.0,Normal user enters the Provvidenza Figli page,03-OCT-24 11.13.30.180000 AM
6482.0,HR/Normal user tries to update the answer,10-OCT-24 08.52.25.499000 AM
,Dettaglio elenco Cedolini e CU disponibili al download,03-OCT-24 01.22.27.761000 PM
6109.0,Normal user enters the Provvidenza Figli page,03-OCT-24 01.20.10.664000 PM
,Dettaglio elenco Cedolini e CU disponibili al download,25-OCT-24 10.01.19.549000 AM
6894.0,Normal user enters the Provvidenza Figli page,03-OCT-24 01.18.56.792000 PM
5367.0,Normal user enters the Provvidenza Figli page,06-OCT-24 11.34.22.886000 AM
5731.0,HR/Normal user tries to update the answer,03-OCT-24 01.17.00.057000 PM
6560.0,HR/Normal user tries to update the answer,03-OCT-24 01.15.53.475000 PM
18116.0,Verifica possibilità di accesso a fondo pensione per Scelta Welfare,30-OCT-24 10.31.02.452000 AM
8023.0,Normal user assign new grade for the child while creating a request,03-OCT-24 01.18.47.722000 PM
,Download PDF dalla sezione Cedolini,25-OCT-24 10.13.02.012000 AM
,Download PDF dalla sezione Cedolini,08-OCT-24 12.26.55.591000 PM
5797.0,HR/Normal user tries to update the answer,08-OCT-24 12.40.23.865000 PM
5580.0,Normal user enters the Provvidenza Figli page,03-OCT-24 01.16.22.218000 PM
5467.0,HR/Normal user tries to update the answer,08-OCT-24 12.36.40.363000 PM
7296.0,HR/Normal user tries to update the answer,03-OCT-24 01.16.20.085000 PM
6852.0,HR/Normal user tries to update the answer,03-OCT-24 01.17.06.287000 PM
6894.0,Normal user tries to create new Provvidenza request for a child,03-OCT-24 01.17.40.169000 PM
6470.0,HR/Normal user tries to update the answer,03-OCT-24 01.20.32.870000 PM
5863.0,HR/Normal user tries to update the answer,03-OCT-24 01.15.18.998000 PM
6595.0,Dettaglio elenco Cedolini e CU disponibili al download,30-OCT-24 09.48.51.513000 AM
,Dettaglio elenco Cedolini e CU disponibili al download,25-OCT-24 10.12.30.989000 AM
15870.0,Normal user tries to create new Provvidenza request for a child,03-OCT-24 01.16.54.837000 PM
5580.0,HR/Normal user tries to update the answer,03-OCT-24 01.17.25.206000 PM
6556.0,HR/Normal user tries to update the answer,03-OCT-24 01.17.45.019000 PM
7434.0,Normal / HR user updates the answer,03-OCT-24 01.16.31.193000 PM
,Download PDF dalla sezione Cedolini,25-OCT-24 10.46.12.977000 AM
6802.0,HR/Normal user tries to update the answer,03-OCT-24 01.19.27.235000 PM
8192.0,HR/Normal user tries to update the answer,03-OCT-24 01.17.09.486000 PM
6008.0,HR/Normal user tries to update the answer,03-OCT-24 01.18.23.636000 PM
7486.0,Normal user tries to create new Provvidenza request for a child,03-OCT-24 01.20.44.408000 PM
5895.0,HR/Normal user tries to update the answer,03-OCT-24 01.20.21.663000 PM
8263.0,Normal user assign new grade for the child while creating a request,03-OCT-24 01.20.24.696000 PM
6882.0,HR/Normal user tries to update the answer,03-OCT-24 01.20.29.909000 PM
6764.0,Normal user tries to create new Provvidenza request for a child,03-OCT-24 01.21.13.979000 PM
8708.0,HR/Normal user tries to update the answer,03-OCT-24 01.20.49.816000 PM
6882.0,Normal user enters the Provvidenza Figli page,03-OCT-24 01.19.36.889000 PM
,Dettaglio elenco Cedolini e CU disponibili al download,03-OCT-24 01.21.41.164000 PM
6013.0,Normal user enters the Provvidenza Figli page,03-OCT-24 01.19.27.411000 PM
7458.0,HR/Normal user tries to update the answer,03-OCT-24 01.21.46.935000 PM
7116.0,Normal user assign new grade for the child while creating a request,03-OCT-24 01.22.23.729000 PM
6219.0,Normal user tries to create new Provvidenza request for a child,03-OCT-24 01.15.38.621000 PM
6764.0,Normal user enters the Provvidenza Figli page,03-OCT-24 01.21.11.785000 PM
5580.0,HR/Normal user tries to update the answer,03-OCT-24 01.17.03.648000 PM
,Download PDF dalla sezione Cedolini,25-OCT-24 10.04.41.350000 AM
,Download PDF dalla sezione Cedolini,25-OCT-24 09.58.29.761000 AM
8350.0,Normal user enters the Provvidenza Figli page,03-OCT-24 01.20.46.011000 PM
6669.0,HR/Normal user tries to update the answer,03-OCT-24 01.19.36.311000 PM
5130.0,Normal user tries to create new Provvidenza request for a child,03-OCT-24 01.20.10.064000 PM
6195.0,Normal user assign new grade for the child while creating a request,03-OCT-24 01.21.03.443000 PM
6067.0,Normal user enters the Provvidenza Figli page,03-OCT-24 01.21.10.689000 PM
16895.0,Normal user tries to create new Provvidenza request for a child,03-OCT-24 01.21.27.834000 PM
5580.0,Normal user enters the Provvidenza Figli page,03-OCT-24 01.17.39.603000 PM
7124.0,Normal user tries to create new Provvidenza request for a child,03-OCT-24 01.22.16.972000 PM
6486.0,Normal user enters the Provvidenza Figli page,03-OCT-24 01.15.25.543000 PM
5710.0,HR/Normal user tries to update the answer,03-OCT-24 01.15.50.696000 PM
18116.0,Recupero dettagliutente per Scelta Welfare,30-OCT-24 10.31.01.957000 AM
7629.0,Normal / HR user updates the answer,03-OCT-24 01.17.23.992000 PM
6556.0,HR/Normal user tries to update the answer,03-OCT-24 01.17.29.741000 PM
8023.0,Normal user tries to create new Provvidenza request for a child,03-OCT-24 01.18.47.617000 PM
6195.0,Normal user tries to create new Provvidenza request for a child,03-OCT-24 01.21.03.324000 PM
7816.0,Normal user enters the Provvidenza Figli page,03-OCT-24 01.14.41.006000 PM
7263.0,Normal user enters the Provvidenza Figli page,03-OCT-24 01.20.48.655000 PM
6224.0,HR/Normal user tries to update the answer,03-OCT-24 01.14.26.011000 PM
,Dettaglio elenco Cedolini e CU disponibili al download,24-OCT-24 03.26.18.948000 PM
7081.0,HR/Normal user tries to update the answer,03-OCT-24 01.16.05.805000 PM
6035.0,HR/Normal user tries to update the answer,03-OCT-24 01.18.59.600000 PM
7601.0,HR/Normal user tries to update the answer,03-OCT-24 01.19.03.643000 PM
,Dettaglio elenco Cedolini e CU disponibili al download,02-OCT-24 11.30.15.775000 PM
6918.0,Normal user enters the Provvidenza Figli page,03-OCT-24 01.16.17.521000 PM
8453.0,HR/Normal user tries to update the answer,03-OCT-24 01.18.42.903000 PM
6258.0,HR/Normal user tries to update the answer,03-OCT-24 01.21.11.812000 PM
5761.0,Normal user assign new grade for the child while creating a request,03-OCT-24 01.17.20.025000 PM
7816.0,HR/Normal user tries to update the answer,03-OCT-24 01.15.25.309000 PM
,Dettaglio elenco Cedolini e CU disponibili al download,01-OCT-24 01.32.51.505000 PM
,Dettaglio elenco Cedolini e CU disponibili al download,03-OCT-24 01.21.04.736000 PM
6013.0,Normal user tries to create new Provvidenza request for a child,03-OCT-24 01.19.40.545000 PM
8453.0,HR/Normal user tries to update the answer,03-OCT-24 01.18.54.799000 PM
6723.0,HR/Normal user tries to update the answer,26-OCT-24 10.35.50.602000 AM
6938.0,Normal user enters the Provvidenza Figli page,03-OCT-24 09.19.11.220000 PM
7044.0,Normal user tries to create new Provvidenza request for a child,03-OCT-24 07.36.37.712000 PM
13002633.0,Recupero dettagliutente per Scelta Welfare,01-OCT-24 03.07.53.052000 PM
,Download PDF dalla sezione Cedolini,25-OCT-24 10.04.55.980000 AM
13002971.0,Recupero dettagli utente per Scelta orario di lavoro,18-OCT-24 09.10.42.929000 AM
5859.0,Normal user assign new grade for the child while creating a request,03-OCT-24 10.49.01.224000 AM
6024.0,Normal user enters the Provvidenza Figli page,01-OCT-24 03.34.35.852000 PM
6745.0,HR/Normal user tries to update the answer,03-OCT-24 08.15.32.981000 PM
,Dettaglio elenco Cedolini e CU disponibili al download,03-OCT-24 10.11.04.853000 AM
6199.0,HR user enters the Change Tipo Provvidenza  configuration,03-OCT-24 10.41.58.804000 AM
5367.0,HR/Normal user tries to update the answer,06-OCT-24 11.35.11.147000 AM
6956.0,HR/Normal user tries to update the answer,03-OCT-24 01.21.57.038000 PM
,Dettaglio elenco Cedolini e CU disponibili al download,24-OCT-24 03.46.13.180000 PM
17860.0,Verifica possibilità di accesso a fondo pensione per Scelta Welfare,26-OCT-24 04.55.37.534000 PM
5859.0,HR/Normal user tries to update the answer,03-OCT-24 10.49.06.043000 AM
5859.0,Normal user enters the Provvidenza Figli page,03-OCT-24 10.50.15.707000 AM
,Dettaglio elenco Cedolini e CU disponibili al download,27-OCT-24 11.10.38.414000 AM
6035.0,HR/Normal user tries to update the answer,03-OCT-24 01.18.54.412000 PM
,Dettaglio elenco Cedolini e CU disponibili al download,25-OCT-24 10.24.00.365000 AM
6915.0,Normal user assign new grade for the child while creating a request,03-OCT-24 01.15.23.115000 PM
8023.0,Normal user tries to create new Provvidenza request for a child,03-OCT-24 01.18.10.287000 PM
5893.0,Normal user enters the Provvidenza Figli page,03-OCT-24 01.18.21.921000 PM
5731.0,Normal user enters the Provvidenza Figli page,03-OCT-24 01.17.53.596000 PM
13001627.0,HR/Normal user tries to update the answer,03-OCT-24 01.19.57.729000 PM
5687.0,Normal user enters the Provvidenza Figli page,03-OCT-24 01.16.29.048000 PM
6008.0,Normal user enters the Provvidenza Figli page,03-OCT-24 01.18.34.294000 PM
8410.0,Normal user enters the Provvidenza Figli page,03-OCT-24 01.17.39.988000 PM
,Dettaglio elenco Cedolini e CU disponibili al download,25-OCT-24 02.15.54.909000 PM
6852.0,HR/Normal user tries to update the answer,03-OCT-24 01.17.51.788000 PM
,Dettaglio elenco Cedolini e CU disponibili al download,30-OCT-24 09.24.50.470000 AM
7816.0,HR tried to update grade,03-OCT-24 01.15.04.182000 PM
7036.0,Normal user enters the Provvidenza Figli page,03-OCT-24 01.18.38.195000 PM
,Dettaglio elenco Cedolini e CU disponibili al download,29-OCT-24 02.16.06.958000 PM
6484.0,HR/Normal user tries to update the answer,08-OCT-24 08.13.03.734000 PM
,Download PDF dalla sezione Cedolini,28-OCT-24 10.37.52.408000 AM
5958.0,Normal user tries to create new Provvidenza request for a child,03-OCT-24 01.18.16.401000 PM
10656.0,Recupero dettagliutente per Scelta Welfare,29-OCT-24 02.23.08.214000 PM
13000322.0,Recupero dettagliutente per Scelta Welfare,25-OCT-24 03.41.32.118000 PM
,Download PDF dalla sezione Cedolini,11-OCT-24 09.22.07.960000 AM
,Download PDF dalla sezione Cedolini,25-OCT-24 02.29.34.022000 PM
,Download PDF dalla sezione Cedolini,25-OCT-24 03.10.23.703000 PM
,Download PDF dalla sezione Cedolini,25-OCT-24 03.34.51.351000 PM
6484.0,Normal user tries to create new Provvidenza request for a child,08-OCT-24 08.14.49.186000 PM
,Dettaglio elenco Cedolini e CU disponibili al download,25-OCT-24 03.30.48.013000 PM
,Download PDF dalla sezione Cedolini,11-OCT-24 09.44.58.499000 AM
,Download PDF dalla sezione Cedolini,25-OCT-24 02.32.25.321000 PM
,Download PDF dalla sezione Cedolini,23-OCT-24 05.55.23.772000 PM
,Dettaglio elenco Cedolini e CU disponibili al download,24-OCT-24 01.00.52.718000 PM
,Dettaglio elenco Cedolini e CU disponibili al download,05-OCT-24 10.47.47.289000 PM
,Dettaglio elenco Cedolini e CU disponibili al download,02-OCT-24 11.44.44.450000 AM
8264.0,Normal user enters the Provvidenza Figli page,02-OCT-24 11.53.50.853000 AM
5327.0,HR/Normal user tries to update the answer,11-OCT-24 10.22.10.511000 AM
,Download PDF dalla sezione Cedolini,17-OCT-24 05.48.23.934000 PM
,Dettaglio elenco Cedolini e CU disponibili al download,24-OCT-24 03.43.11.080000 PM
,Dettaglio elenco Cedolini e CU disponibili al download,27-OCT-24 06.18.44.934000 PM
5771.0,HR/Normal user tries to update the answer,04-OCT-24 06.39.36.033000 PM
5199.0,Normal user assign new grade for the child while creating a request,16-OCT-24 03.21.43.637000 PM
,Dettaglio elenco Cedolini e CU disponibili al download,11-OCT-24 10.31.31.377000 AM
13002942.0,Recupero dettagliutente per Scelta Welfare,10-OCT-24 06.58.35.170000 AM
6163.0,Normal user enters the Provvidenza Figli page,04-OCT-24 06.51.29.910000 PM
5745.0,Recupero dettagliutente per Scelta Welfare,24-OCT-24 01.08.09.507000 PM
,Download PDF dalla sezione Cedolini,01-OCT-24 09.11.31.911000 AM
5934.0,Normal user assign new grade for the child while creating a request,07-OCT-24 02.10.57.243000 PM
14622.0,Normal user enters the Provvidenza Figli page,07-OCT-24 01.22.37.081000 PM
,Download PDF dalla sezione Cedolini,17-OCT-24 04.38.14.741000 PM
,Dettaglio elenco Cedolini e CU disponibili al download,23-OCT-24 12.51.19.126000 PM
13000144.0,Verifica possibilità di accesso a fondo pensione per Scelta Welfare,07-OCT-24 01.17.26.573000 PM
,Download PDF dalla sezione Cedolini,07-OCT-24 05.15.15.443000 PM
8969.0,Normal user tries to create new Provvidenza request for a child,04-OCT-24 06.19.55.389000 PM
,Download PDF dalla sezione Cedolini,27-OCT-24 08.53.34.232000 AM
,Download PDF dalla sezione Cedolini,25-OCT-24 12.51.24.240000 PM
15600.0,Normal user tries to create new Provvidenza request for a child,03-OCT-24 10.07.51.188000 PM
15798.0,Download PDF dalla sezione Cedolini,11-OCT-24 12.34.31.316000 PM
,Dettaglio elenco Cedolini e CU disponibili al download,25-OCT-24 01.28.24.996000 PM
,Dettaglio elenco Cedolini e CU disponibili al download,16-OCT-24 03.22.12.598000 PM
,Dettaglio elenco Cedolini e CU disponibili al download,31-OCT-24 02.36.55.468000 PM
5972.0,Normal user enters the Provvidenza Figli page,03-OCT-24 09.53.12.994000 PM
,Dettaglio elenco Cedolini e CU disponibili al download,07-OCT-24 01.57.01.251000 PM
,Dettaglio elenco Cedolini e CU disponibili al download,25-OCT-24 01.01.02.385000 PM
13001109.0,Normal / HR user updates the answer,03-OCT-24 10.13.18.331000 PM
5771.0,Normal user tries to create new Provvidenza request for a child,04-OCT-24 06.39.03.084000 PM
5297.0,Verifica possibilità di accesso a fondo pensione per Scelta Welfare,24-OCT-24 08.10.54.864000 AM
,Download PDF dalla sezione Cedolini,07-OCT-24 01.57.02.497000 PM
5199.0,Normal user enters the Provvidenza Figli page,16-OCT-24 03.21.40.674000 PM
,Download PDF dalla sezione Cedolini,31-OCT-24 12.19.33.526000 PM
8781.0,HR/Normal user tries to update the answer,07-OCT-24 05.44.10.208000 PM
13001738.0,Normal user assign new grade for the child while creating a request,07-OCT-24 01.58.36.224000 PM
13001738.0,Normal user enters the Provvidenza Figli page,07-OCT-24 01.58.16.509000 PM
5972.0,HR/Normal user tries to update the answer,03-OCT-24 09.55.16.281000 PM
,Download PDF dalla sezione Cedolini,31-OCT-24 02.50.09.466000 PM
,Dettaglio elenco Cedolini e CU disponibili al download,07-OCT-24 05.03.46.274000 PM
,Dettaglio elenco Cedolini e CU disponibili al download,24-OCT-24 11.18.37.107000 AM
6420.0,HR/Normal user tries to update the answer,07-OCT-24 05.18.46.155000 PM
13002119.0,Recupero dettagli utente per Scelta orario di lavoro,07-OCT-24 06.19.16.843000 PM
,Download PDF dalla sezione Cedolini,11-OCT-24 12.08.55.143000 PM
8781.0,HR/Normal user tries to update the answer,07-OCT-24 05.43.26.172000 PM
,Dettaglio elenco Cedolini e CU disponibili al download,23-OCT-24 01.59.05.773000 PM
18604.0,Recupero dettagliutente per Scelta Welfare,11-OCT-24 12.26.05.678000 PM
5972.0,Normal user assign new grade for the child while creating a request,03-OCT-24 09.53.42.246000 PM
,Dettaglio elenco Cedolini e CU disponibili al download,25-OCT-24 01.29.54.809000 PM
,Dettaglio elenco Cedolini e CU disponibili al download,28-OCT-24 10.37.16.670000 AM
5622.0,HR/Normal user tries to update the answer,17-OCT-24 08.12.45.528000 AM
15798.0,Dettaglio elenco Cedolini e CU disponibili al download,11-OCT-24 12.31.40.822000 PM
,Download PDF dalla sezione Cedolini,01-OCT-24 01.17.28.821000 PM
6181.0,Normal user tries to create new Provvidenza request for a child,11-OCT-24 12.24.15.011000 PM
,Download PDF dalla sezione Cedolini,25-OCT-24 01.55.48.492000 PM
,Download PDF dalla sezione Cedolini,11-OCT-24 12.11.04.643000 PM
13000624.0,Recupero dettagli utente per Scelta orario di lavoro,24-OCT-24 09.48.41.883000 AM
13002926.0,Recupero dettagliutente per Scelta Welfare,24-OCT-24 04.01.32.271000 PM
8537.0,Recupero dettagli utente per Scelta orario di lavoro,11-OCT-24 12.30.53.249000 PM
,Dettaglio elenco Cedolini e CU disponibili al download,24-OCT-24 09.50.51.395000 AM
5450.0,Normal user assign new grade for the child while creating a request,07-OCT-24 04.18.45.248000 PM
,Dettaglio elenco Cedolini e CU disponibili al download,24-OCT-24 10.07.43.475000 AM
,Download PDF dalla sezione Cedolini,30-OCT-24 04.35.21.813000 PM
5979.0,HR/Normal user tries to update the answer,03-OCT-24 06.03.12.113000 PM
5979.0,HR/Normal user tries to update the answer,03-OCT-24 06.03.04.508000 PM
15798.0,Download PDF dalla sezione Cedolini,11-OCT-24 12.36.23.550000 PM
9545.0,Normal user tries to create new Provvidenza request for a child,03-OCT-24 06.09.33.316000 PM
,Dettaglio elenco Cedolini e CU disponibili al download,25-OCT-24 01.49.52.463000 PM
,Dettaglio elenco Cedolini e CU disponibili al download,27-OCT-24 11.39.19.313000 AM
7513.0,Normal user enters the Provvidenza Figli page,04-OCT-24 11.37.42.310000 AM
,Download PDF dalla sezione Cedolini,24-OCT-24 11.35.48.032000 PM
17188.0,Normal user tries to create new Provvidenza request for a child,04-OCT-24 11.37.03.492000 AM
5351.0,Normal user enters the Provvidenza Figli page,04-OCT-24 11.23.18.310000 AM
,Dettaglio elenco Cedolini e CU disponibili al download,24-OCT-24 04.02.24.983000 PM
6377.0,Normal user assign new grade for the child while creating a request,04-OCT-24 11.55.54.446000 AM
17188.0,Normal user enters the Provvidenza Figli page,04-OCT-24 11.38.30.720000 AM
5272.0,Normal user tries to create new Provvidenza request for a child,07-OCT-24 04.21.54.951000 PM
17188.0,Normal user update grade for a child,04-OCT-24 11.37.38.802000 AM
,Dettaglio elenco Cedolini e CU disponibili al download,23-OCT-24 09.23.40.527000 AM
,Dettaglio elenco Cedolini e CU disponibili al download,27-OCT-24 08.55.58.908000 AM
,Download PDF dalla sezione Cedolini,01-OCT-24 09.46.56.481000 AM
6482.0,Normal user assign new grade for the child while creating a request,04-OCT-24 03.59.47.074000 PM
5980.0,HR/Normal user tries to update the answer,04-OCT-24 04.11.22.292000 PM
6377.0,HR/Normal user tries to update the answer,04-OCT-24 11.56.14.163000 AM
13002972.0,Recupero dettagli utente per Scelta orario di lavoro,23-OCT-24 09.05.21.078000 AM
7391.0,HR/Normal user tries to update the answer,03-OCT-24 06.14.20.159000 PM
5613.0,HR/Normal user tries to update the answer,04-OCT-24 12.26.27.366000 PM
5188.0,Recupero dettagliutente per Scelta Welfare,04-OCT-24 04.42.55.737000 PM
5979.0,Normal user enters the Provvidenza Figli page,03-OCT-24 06.02.45.741000 PM
5188.0,Normal user enters the Provvidenza Figli page,04-OCT-24 04.50.53.003000 PM
,Dettaglio elenco Cedolini e CU disponibili al download,01-OCT-24 10.05.42.208000 AM
7391.0,Normal user assign new grade for the child while creating a request,03-OCT-24 06.13.53.127000 PM
6843.0,HR/Normal user tries to update the answer,04-OCT-24 12.22.07.707000 PM
5262.0,HR/Normal user tries to update the answer,04-OCT-24 04.17.07.693000 PM
6482.0,Normal user enters the Provvidenza Figli page,04-OCT-24 04.00.47.815000 PM
7932.0,Normal / HR user updates the answer,04-OCT-24 04.01.31.000000 PM
6385.0,Recupero dettagli utente per Scelta orario di lavoro,18-OCT-24 11.47.03.995000 AM
,Dettaglio elenco Cedolini e CU disponibili al download,04-OCT-24 04.43.30.793000 PM
6335.0,Verifica possibilità di accesso a fondo pensione per Scelta Welfare,04-OCT-24 04.35.09.339000 PM
6843.0,HR/Normal user tries to update the answer,04-OCT-24 12.21.30.561000 PM
7513.0,Normal user tries to create new Provvidenza request for a child,04-OCT-24 11.38.19.106000 AM
,Dettaglio elenco Cedolini e CU disponibili al download,18-OCT-24 12.44.47.079000 PM
,Dettaglio elenco Cedolini e CU disponibili al download,04-OCT-24 04.07.59.821000 PM
6010.0,Normal user enters the Provvidenza Figli page,07-OCT-24 03.40.08.647000 PM
,Download PDF dalla sezione Cedolini,25-OCT-24 04.18.23.537000 PM
6786.0,Recupero dettagliutente per Scelta Welfare,27-OCT-24 08.42.10.155000 AM
13002929.0,Recupero dettagliutente per Scelta Welfare,03-OCT-24 11.23.36.196000 AM
6335.0,Verifica possibilità di accesso a fondo pensione per Scelta Welfare,04-OCT-24 04.31.30.887000 PM
6764.0,Normal user enters the Provvidenza Figli page,04-OCT-24 12.09.18.584000 PM
7941.0,Normal user enters the Provvidenza Figli page,04-OCT-24 05.01.31.462000 PM
13003007.0,Recupero dettagliutente per Scelta Welfare,25-OCT-24 04.22.13.596000 PM
13002682.0,Verifica possibilità di accesso a fondo pensione per Scelta Welfare,02-OCT-24 11.13.41.549000 AM
,Download PDF dalla sezione Cedolini,04-OCT-24 04.46.11.456000 PM
,Dettaglio elenco Cedolini e CU disponibili al download,23-OCT-24 09.02.36.322000 AM
11253.0,Normal user assign new grade for the child while creating a request,04-OCT-24 05.00.20.984000 PM
,Download PDF dalla sezione Cedolini,27-OCT-24 08.52.55.875000 AM
,Dettaglio elenco Cedolini e CU disponibili al download,30-OCT-24 07.09.26.229000 PM
7588.0,HR/Normal user tries to update the answer,03-OCT-24 02.58.50.027000 PM
6199.0,HR user update the status from Back office,21-OCT-24 11.41.52.139000 AM
,Dettaglio elenco Cedolini e CU disponibili al download,03-OCT-24 12.04.46.902000 PM
13002834.0,HR/Normal user tries to update the answer,03-OCT-24 03.02.31.192000 PM
13001994.0,HR/Normal user tries to update the answer,03-OCT-24 03.57.22.076000 PM
6914.0,HR/Normal user tries to update the answer,03-OCT-24 03.13.07.968000 PM
7109.0,Normal user assign new grade for the child while creating a request,03-OCT-24 03.01.49.671000 PM
5407.0,HR/Normal user tries to update the answer,03-OCT-24 03.09.55.240000 PM
,Download PDF dalla sezione Cedolini,16-OCT-24 03.36.29.191000 PM
,Download PDF dalla sezione Cedolini,25-OCT-24 04.14.47.110000 PM
,Download PDF dalla sezione Cedolini,02-OCT-24 11.26.20.235000 AM
7439.0,HR/Normal user tries to update the answer,03-OCT-24 03.12.25.327000 PM
6122.0,Normal user update grade for a child,03-OCT-24 02.57.58.724000 PM
7272.0,Normal user tries to create new Provvidenza request for a child,03-OCT-24 02.59.15.533000 PM
6958.0,Normal user enters the Provvidenza Figli page,03-OCT-24 03.10.25.728000 PM
6958.0,Normal user assign new grade for the child while creating a request,03-OCT-24 03.09.43.996000 PM
7932.0,Normal user enters the Provvidenza Figli page,04-OCT-24 04.00.29.725000 PM
7575.0,Normal user tries to create new Provvidenza request for a child,03-OCT-24 02.55.52.647000 PM
5718.0,Normal user tries to create new Provvidenza request for a child,03-OCT-24 03.16.18.251000 PM
,Download PDF dalla sezione Cedolini,25-OCT-24 08.14.03.832000 AM
5199.0,Normal user tries to create new Provvidenza request for a child,16-OCT-24 03.21.13.986000 PM
7439.0,HR/Normal user tries to update the answer,03-OCT-24 03.12.06.275000 PM
5611.0,Normal user enters the Provvidenza Figli page,03-OCT-24 02.56.57.238000 PM
,Dettaglio elenco Cedolini e CU disponibili al download,25-OCT-24 07.34.31.514000 AM
,Dettaglio elenco Cedolini e CU disponibili al download,25-OCT-24 07.08.47.025000 AM
6818.0,Normal user enters the Provvidenza Figli page,03-OCT-24 03.23.58.529000 PM
6121.0,HR/Normal user tries to update the answer,03-OCT-24 03.09.26.368000 PM
8031.0,Normal user enters the Provvidenza Figli page,03-OCT-24 03.16.11.271000 PM
6718.0,HR/Normal user tries to update the answer,03-OCT-24 03.01.48.795000 PM
6509.0,HR/Normal user tries to update the answer,03-OCT-24 03.56.50.489000 PM
5804.0,Normal user assign new grade for the child while creating a request,03-OCT-24 03.17.38.313000 PM
6050.0,HR/Normal user tries to update the answer,03-OCT-24 03.18.10.078000 PM
5451.0,Normal user tries to create new Provvidenza request for a child,03-OCT-24 03.03.55.774000 PM
13002128.0,HR/Normal user tries to update the answer,03-OCT-24 02.57.15.529000 PM
,Dettaglio elenco Cedolini e CU disponibili al download,21-OCT-24 11.06.39.113000 AM
7115.0,HR/Normal user tries to update the answer,03-OCT-24 03.08.04.616000 PM
5961.0,Normal user enters the Provvidenza Figli page,03-OCT-24 03.04.46.894000 PM
9438.0,HR/Normal user tries to update the answer,03-OCT-24 03.06.42.284000 PM
5954.0,Normal user enters the Provvidenza Figli page,03-OCT-24 03.07.38.099000 PM
6361.0,HR/Normal user tries to update the answer,03-OCT-24 03.42.36.308000 PM
6159.0,HR/Normal user tries to update the answer,03-OCT-24 04.09.30.483000 PM
7554.0,HR/Normal user tries to update the answer,03-OCT-24 04.12.01.520000 PM
,Dettaglio elenco Cedolini e CU disponibili al download,24-OCT-24 12.56.40.658000 PM
5658.0,Normal user enters the Provvidenza Figli page,03-OCT-24 03.28.28.427000 PM
6474.0,Normal user enters the Provvidenza Figli page,03-OCT-24 03.50.00.881000 PM
,Download PDF dalla sezione Cedolini,03-OCT-24 03.49.19.116000 PM
6400.0,Normal user enters the Provvidenza Figli page,03-OCT-24 03.40.01.414000 PM
6990.0,Normal user enters the Provvidenza Figli page,03-OCT-24 03.38.26.354000 PM
6659.0,Normal user tries to create new Provvidenza request for a child,03-OCT-24 03.21.43.906000 PM
10389.0,Normal user enters the Provvidenza Figli page,03-OCT-24 03.34.07.533000 PM
,Download PDF dalla sezione Cedolini,25-OCT-24 08.10.03.356000 AM
6547.0,HR/Normal user tries to update the answer,03-OCT-24 03.22.44.398000 PM
5902.0,Normal user assign new grade for the child while creating a request,03-OCT-24 03.29.45.145000 PM
9233.0,HR/Normal user tries to update the answer,03-OCT-24 03.19.55.293000 PM
7109.0,Normal / HR user updates the answer,03-OCT-24 03.03.38.619000 PM
6249.0,HR/Normal user tries to update the answer,03-OCT-24 03.18.58.742000 PM
13001316.0,HR/Normal user tries to update the answer,03-OCT-24 03.45.53.133000 PM
13001798.0,Normal user assign new grade for the child while creating a request,03-OCT-24 03.40.58.464000 PM
6890.0,Recupero dettagli utente per Scelta orario di lavoro,24-OCT-24 08.46.43.060000 AM
,Dettaglio elenco Cedolini e CU disponibili al download,02-OCT-24 11.26.38.686000 AM
6366.0,Normal user tries to create new Provvidenza request for a child,03-OCT-24 03.45.38.139000 PM
,Download PDF dalla sezione Cedolini,03-OCT-24 03.54.31.372000 PM
,Download PDF dalla sezione Cedolini,25-OCT-24 07.55.28.399000 AM
6124.0,Normal user tries to create new Provvidenza request for a child,03-OCT-24 04.08.19.875000 PM
6204.0,Normal user enters the Provvidenza Figli page,03-OCT-24 03.59.41.992000 PM
13001627.0,Normal user enters the Provvidenza Figli page,03-OCT-24 03.33.31.497000 PM
,Dettaglio elenco Cedolini e CU disponibili al download,24-OCT-24 12.56.38.821000 PM
7203.0,HR/Normal user tries to update the answer,03-OCT-24 03.46.29.936000 PM
6474.0,Normal / HR user updates the answer,03-OCT-24 03.49.17.301000 PM
6528.0,Normal user enters the Provvidenza Figli page,03-OCT-24 03.37.59.607000 PM
19323.0,Normal user enters the Provvidenza Figli page,03-OCT-24 04.05.24.329000 PM
7170.0,Normal user assign new grade for the child while creating a request,03-OCT-24 04.12.01.260000 PM
5718.0,HR/Normal user tries to update the answer,03-OCT-24 03.16.31.599000 PM
6820.0,Normal user enters the Provvidenza Figli page,03-OCT-24 04.07.35.381000 PM
7141.0,HR/Normal user tries to update the answer,03-OCT-24 02.56.41.988000 PM
6958.0,HR/Normal user tries to update the answer,03-OCT-24 03.10.02.209000 PM
5804.0,Dettaglio elenco Cedolini e CU disponibili al download,03-OCT-24 03.19.56.496000 PM
5629.0,HR/Normal user tries to update the answer,03-OCT-24 03.09.38.013000 PM
13001783.0,HR/Normal user tries to update the answer,03-OCT-24 03.04.09.636000 PM
17987.0,HR/Normal user tries to update the answer,03-OCT-24 03.24.59.901000 PM
10389.0,HR/Normal user tries to update the answer,03-OCT-24 03.35.07.128000 PM
7115.0,Normal / HR user updates the answer,03-OCT-24 03.08.33.097000 PM
6727.0,HR/Normal user tries to update the answer,03-OCT-24 03.01.05.684000 PM
8781.0,HR tried to update grade,07-OCT-24 05.43.22.971000 PM
,Dettaglio elenco Cedolini e CU disponibili al download,03-OCT-24 03.04.46.406000 PM
,Download PDF dalla sezione Cedolini,01-OCT-24 01.51.09.873000 PM
5938.0,HR/Normal user tries to update the answer,03-OCT-24 03.16.11.176000 PM
13001783.0,HR/Normal user tries to update the answer,03-OCT-24 03.03.59.922000 PM
8203.0,HR/Normal user tries to update the answer,03-OCT-24 03.21.24.803000 PM
9438.0,Normal user update grade for a child,03-OCT-24 03.06.24.983000 PM
6914.0,Normal user assign new grade for the child while creating a request,03-OCT-24 03.11.45.836000 PM
,Dettaglio elenco Cedolini e CU disponibili al download,26-OCT-24 06.11.07.189000 PM
,Download PDF dalla sezione Cedolini,26-OCT-24 06.11.39.547000 PM
,Download PDF dalla sezione Cedolini,03-OCT-24 03.53.56.174000 PM
13001798.0,Normal user tries to create new Provvidenza request for a child,03-OCT-24 03.39.44.284000 PM
6249.0,Normal / HR user updates the answer,03-OCT-24 03.19.35.415000 PM
8318.0,HR/Normal user tries to update the answer,03-OCT-24 03.26.22.729000 PM
6547.0,HR/Normal user tries to update the answer,03-OCT-24 03.22.54.699000 PM
,Dettaglio elenco Cedolini e CU disponibili al download,30-OCT-24 10.34.44.112000 AM
,Dettaglio elenco Cedolini e CU disponibili al download,24-OCT-24 04.20.33.589000 PM
,Dettaglio elenco Cedolini e CU disponibili al download,21-OCT-24 11.54.50.546000 AM
6249.0,HR/Normal user tries to update the answer,03-OCT-24 03.18.37.419000 PM
5939.0,Normal user enters the Provvidenza Figli page,03-OCT-24 04.11.15.440000 PM
,Download PDF dalla sezione Cedolini,26-OCT-24 06.11.49.846000 PM
,Dettaglio elenco Cedolini e CU disponibili al download,24-OCT-24 09.18.53.106000 AM
5463.0,HR user tries to load Funzioni Batch,03-OCT-24 03.26.02.369000 PM
16466.0,HR/Normal user tries to update the answer,03-OCT-24 03.07.10.346000 PM
,Dettaglio elenco Cedolini e CU disponibili al download,24-OCT-24 04.19.56.515000 PM
5988.0,HR/Normal user tries to update the answer,11-OCT-24 04.23.42.210000 PM
,Download PDF dalla sezione Cedolini,03-OCT-24 03.59.41.171000 PM
7136.0,HR/Normal user tries to update the answer,03-OCT-24 02.55.00.762000 PM
13002413.0,HR/Normal user tries to update the answer,03-OCT-24 03.01.47.410000 PM
6727.0,HR/Normal user tries to update the answer,03-OCT-24 03.00.41.012000 PM
,Accesso alle funzionalità BackOffice di Cedolini e CU per dettaglio PDF caricati per società,24-OCT-24 04.57.05.919000 PM
6159.0,Normal user tries to create new Provvidenza request for a child,03-OCT-24 04.09.08.071000 PM
5313.0,HR/Normal user tries to update the answer,03-OCT-24 03.50.56.298000 PM
6528.0,Normal user update grade for a child,03-OCT-24 03.38.51.834000 PM
,Dettaglio elenco Cedolini e CU disponibili al download,24-OCT-24 05.03.19.842000 PM
,Dettaglio elenco Cedolini e CU disponibili al download,24-OCT-24 04.49.04.421000 PM
,Accesso alle funzionalità BackOffice di Cedolini e CU per dettaglio PDF caricati per società,24-OCT-24 04.58.22.124000 PM
6659.0,HR/Normal user tries to update the answer,03-OCT-24 03.22.05.564000 PM
,Dettaglio elenco Cedolini e CU disponibili al download,26-OCT-24 06.11.33.214000 PM
5885.0,HR/Normal user tries to update the answer,03-OCT-24 03.59.13.137000 PM
,Download PDF dalla sezione Cedolini,24-OCT-24 05.22.41.574000 PM
,Download PDF dalla sezione Cedolini,24-OCT-24 05.11.14.303000 PM
9233.0,HR/Normal user tries to update the answer,03-OCT-24 03.21.22.179000 PM
13002957.0,Recupero dettagli utente per invio adesione Fondo Nazionale,14-OCT-24 10.54.31.885000 AM
13002957.0,Recupero dettagli utente per Scelta orario di lavoro,14-OCT-24 10.54.06.179000 AM
,Dettaglio elenco Cedolini e CU disponibili al download,14-OCT-24 11.36.43.799000 AM
5473.0,HR/Normal user tries to update the answer,11-OCT-24 04.24.38.062000 PM
,Download PDF dalla sezione Cedolini,24-OCT-24 04.52.25.533000 PM
6244.0,Normal user tries to create new Provvidenza request for a child,11-OCT-24 04.31.35.742000 PM
,Dettaglio elenco Cedolini e CU disponibili al download,30-OCT-24 10.32.17.293000 AM
5601.0,Normal user enters the Provvidenza Figli page,03-OCT-24 04.11.43.862000 PM
7916.0,Download PDF dalla sezione Cedolini,24-OCT-24 05.32.20.736000 PM
17151.0,HR/Normal user tries to update the answer,11-OCT-24 06.12.49.319000 PM
,Accesso alle funzionalità BackOffice di Cedolini e CU per dettaglio PDF caricati per società,24-OCT-24 04.54.36.053000 PM
,Dettaglio elenco Cedolini e CU disponibili al download,14-OCT-24 11.00.01.298000 AM
6000.0,Normal user tries to create new Provvidenza request for a child,04-OCT-24 09.58.49.922000 PM
17731.0,Normal user enters the Provvidenza Figli page,14-OCT-24 03.49.49.350000 PM
5938.0,HR/Normal user tries to update the answer,03-OCT-24 03.16.39.324000 PM
,Dettaglio elenco Cedolini e CU disponibili al download,14-OCT-24 10.39.40.508000 AM
,Dettaglio elenco Cedolini e CU disponibili al download,24-OCT-24 05.11.41.070000 PM
8370.0,Normal user enters the Provvidenza Figli page,08-OCT-24 02.03.32.813000 PM
,Dettaglio elenco Cedolini e CU disponibili al download,14-OCT-24 10.58.51.224000 AM
,Dettaglio elenco Cedolini e CU disponibili al download,08-OCT-24 02.18.18.708000 PM
5607.0,Normal user tries to create new Provvidenza request for a child,07-OCT-24 12.05.39.536000 PM
,Dettaglio elenco Cedolini e CU disponibili al download,26-OCT-24 01.58.56.162000 PM
14619.0,Normal user tries to create new Provvidenza request for a child,04-OCT-24 09.17.15.349000 PM
,Download PDF dalla sezione Cedolini,07-OCT-24 12.36.07.973000 PM
14619.0,HR/Normal user tries to update the answer,04-OCT-24 09.20.38.775000 PM
,Accesso alle funzionalità BackOffice di Cedolini e CU per dettaglio PDF caricati per società,24-OCT-24 05.09.37.265000 PM
5945.0,Normal user update grade for a child,07-OCT-24 12.51.40.467000 PM
6199.0,Normal user enters the Provvidenza Figli page,11-OCT-24 04.46.26.919000 PM
5757.0,Normal user enters the Provvidenza Figli page,07-OCT-24 12.53.45.928000 PM
,Download PDF dalla sezione Cedolini,07-OCT-24 12.35.03.503000 PM
13000364.0,Recupero dettagliutente per Scelta Welfare,14-OCT-24 10.39.28.899000 AM
,Download PDF dalla sezione Cedolini,07-OCT-24 12.58.54.441000 PM
,Download PDF dalla sezione Cedolini,07-OCT-24 12.39.14.593000 PM
9887.0,Recupero dettagliutente per Scelta Welfare,22-OCT-24 01.57.13.409000 PM
6000.0,Normal user enters the Provvidenza Figli page,04-OCT-24 10.01.12.783000 PM
6979.0,HR/Normal user tries to update the answer,07-OCT-24 12.53.38.897000 PM
7150.0,HR/Normal user tries to update the answer,07-OCT-24 07.53.28.373000 AM
8370.0,HR/Normal user tries to update the answer,08-OCT-24 01.56.54.336000 PM
,Dettaglio elenco Cedolini e CU disponibili al download,22-OCT-24 02.01.26.148000 PM
13002565.0,Verifica possibilità di accesso a fondo pensione per Scelta Welfare,16-OCT-24 12.23.49.963000 PM
5607.0,Normal user assign new grade for the child while creating a request,07-OCT-24 12.05.39.652000 PM
7916.0,Dettaglio elenco Cedolini e CU disponibili al download,24-OCT-24 05.32.44.317000 PM
6828.0,HR/Normal user tries to update the answer,03-OCT-24 05.30.18.945000 PM
6244.0,Normal user assign new grade for the child while creating a request,11-OCT-24 04.31.35.840000 PM
8264.0,Normal user enters the Provvidenza Figli page,03-OCT-24 05.36.16.702000 PM
7068.0,Normal user enters the Provvidenza Figli page,25-OCT-24 03.04.00.443000 PM
,Dettaglio elenco Cedolini e CU disponibili al download,07-OCT-24 12.10.54.262000 PM
5945.0,HR/Normal user tries to update the answer,07-OCT-24 12.51.59.521000 PM
,Download PDF dalla sezione Cedolini,25-OCT-24 03.28.43.938000 PM
9966.0,HR tried to update grade,03-OCT-24 05.43.49.001000 PM
7150.0,HR/Normal user tries to update the answer,07-OCT-24 07.53.08.529000 AM
6905.0,Normal user assign new grade for the child while creating a request,07-OCT-24 08.51.36.004000 AM
7506.0,Normal user update grade for a child,06-OCT-24 08.12.27.986000 PM
13002305.0,Recupero dettagli utente per invio adesione Fondo Nazionale,09-OCT-24 07.45.14.447000 PM
6905.0,Normal user tries to create new Provvidenza request for a child,07-OCT-24 08.51.35.856000 AM
9887.0,Recupero dettagliutente per Scelta Welfare,22-OCT-24 02.01.43.049000 PM
8015.0,Normal user tries to create new Provvidenza request for a child,03-OCT-24 05.27.35.143000 PM
6979.0,Normal user enters the Provvidenza Figli page,07-OCT-24 12.50.58.990000 PM
13000264.0,Recupero dettagliutente per Scelta Welfare,24-OCT-24 12.16.58.465000 PM
,Download PDF dalla sezione Cedolini,30-OCT-24 10.35.45.116000 AM
8264.0,HR/Normal user tries to update the answer,03-OCT-24 05.43.46.083000 PM
10871.0,HR/Normal user tries to update the answer,03-OCT-24 06.19.07.886000 PM
10871.0,Normal user tries to create new Provvidenza request for a child,03-OCT-24 06.20.10.403000 PM
5817.0,HR/Normal user tries to update the answer,03-OCT-24 05.48.58.499000 PM
6828.0,Normal user assign new grade for the child while creating a request,03-OCT-24 05.31.26.536000 PM
8015.0,HR/Normal user tries to update the answer,03-OCT-24 05.27.56.447000 PM
9359.0,Recupero dettagliutente per Scelta Welfare,28-OCT-24 04.21.14.702000 PM
,Dettaglio elenco Cedolini e CU disponibili al download,11-OCT-24 04.58.37.627000 PM
5757.0,HR/Normal user tries to update the answer,07-OCT-24 12.55.25.158000 PM
10871.0,HR/Normal user tries to update the answer,03-OCT-24 06.19.16.345000 PM
,Download PDF dalla sezione Cedolini,25-OCT-24 03.36.42.362000 PM
,Download PDF dalla sezione Cedolini,03-OCT-24 06.16.45.323000 PM
5817.0,Recupero dettagliutente per Scelta Welfare,03-OCT-24 05.52.45.994000 PM
13000264.0,Recupero dettagli utente per invio adesione Fondo Nazionale,24-OCT-24 12.17.41.209000 PM
5780.0,Normal user tries to create new Provvidenza request for a child,07-OCT-24 08.21.19.759000 AM
6119.0,Normal user enters the Provvidenza Figli page,03-OCT-24 06.20.08.151000 PM
,Download PDF dalla sezione Cedolini,28-OCT-24 04.12.20.318000 PM
,Download PDF dalla sezione Cedolini,25-OCT-24 03.18.26.084000 PM
9223.0,Recupero dettagli utente per Scelta orario di lavoro,28-OCT-24 04.19.10.518000 PM
,Dettaglio elenco Cedolini e CU disponibili al download,03-OCT-24 06.17.57.753000 PM
5505.0,HR/Normal user tries to update the answer,07-OCT-24 08.58.36.397000 AM
,Download PDF dalla sezione Cedolini,28-OCT-24 04.30.49.018000 PM
8172.0,Dettaglio elenco Cedolini e CU disponibili al download,02-OCT-24 12.06.59.515000 AM
5473.0,Normal user assign new grade for the child while creating a request,11-OCT-24 04.22.59.530000 PM
7918.0,Normal user enters the Provvidenza Figli page,28-OCT-24 04.12.24.506000 PM
6841.0,Normal user enters the Provvidenza Figli page,03-OCT-24 06.37.08.354000 PM
5811.0,Normal user update grade for a child,07-OCT-24 08.44.41.949000 AM
6855.0,HR/Normal user tries to update the answer,03-OCT-24 05.43.21.384000 PM
,Dettaglio elenco Cedolini e CU disponibili al download,28-OCT-24 04.02.27.456000 PM
5817.0,Normal user tries to create new Provvidenza request for a child,03-OCT-24 05.48.44.844000 PM
7276.0,HR/Normal user tries to update the answer,03-OCT-24 06.04.42.057000 PM
,Dettaglio elenco Cedolini e CU disponibili al download,21-OCT-24 03.14.21.475000 PM
7391.0,HR/Normal user tries to update the answer,03-OCT-24 06.14.06.322000 PM
6551.0,Normal user update grade for a child,03-OCT-24 05.59.51.493000 PM
6841.0,Normal user tries to create new Provvidenza request for a child,03-OCT-24 06.35.14.506000 PM
,Download PDF dalla sezione Cedolini,24-OCT-24 12.17.50.763000 PM
6905.0,Normal user enters the Provvidenza Figli page,07-OCT-24 08.52.35.727000 AM
,Dettaglio elenco Cedolini e CU disponibili al download,28-OCT-24 04.31.37.561000 PM
6841.0,HR/Normal user tries to update the answer,03-OCT-24 06.35.32.628000 PM
6130.0,Dettaglio elenco Cedolini e CU disponibili al download,28-OCT-24 04.35.32.597000 PM
6130.0,Dettaglio elenco Cedolini e CU disponibili al download,28-OCT-24 04.35.54.406000 PM
5505.0,Normal user tries to create new Provvidenza request for a child,07-OCT-24 08.58.28.838000 AM
6841.0,Normal user enters the Provvidenza Figli page,03-OCT-24 06.35.09.251000 PM
,Download PDF dalla sezione Cedolini,25-OCT-24 02.15.56.650000 PM
6371.0,HR/Normal user tries to update the answer,03-OCT-24 06.36.37.820000 PM
13000264.0,Verifica possibilità di accesso a fondo pensione per Scelta Welfare,24-OCT-24 12.17.57.986000 PM
7836.0,Dettaglio elenco Cedolini e CU disponibili al download,28-OCT-24 04.23.28.233000 PM
9826.0,Verifica possibilità di accesso a fondo pensione per Scelta Welfare,28-OCT-24 04.14.39.844000 PM
,Dettaglio elenco Cedolini e CU disponibili al download,29-OCT-24 12.38.18.727000 PM
5681.0,Normal user enters the Provvidenza Figli page,03-OCT-24 07.02.53.803000 PM
6199.0,Normal user enters the Provvidenza Figli page,09-OCT-24 04.52.07.275000 PM
,Dettaglio elenco Cedolini e CU disponibili al download,29-OCT-24 12.58.00.557000 PM
6458.0,HR/Normal user tries to update the answer,09-OCT-24 05.02.35.883000 PM
,Download PDF dalla sezione Cedolini,28-OCT-24 04.31.40.882000 PM
7276.0,HR/Normal user tries to update the answer,03-OCT-24 06.04.16.400000 PM
,Download PDF dalla sezione Cedolini,15-OCT-24 08.16.03.623000 PM
,Download PDF dalla sezione Cedolini,15-OCT-24 08.49.32.653000 PM
7573.0,Recupero dettagliutente per Scelta Welfare,29-OCT-24 01.01.10.873000 PM
6709.0,Normal user update grade for a child,02-OCT-24 04.34.32.757000 PM
,Dettaglio elenco Cedolini e CU disponibili al download,29-OCT-24 12.39.09.232000 PM
7256.0,HR/Normal user tries to update the answer,03-OCT-24 05.00.07.996000 PM
,Dettaglio elenco Cedolini e CU disponibili al download,09-OCT-24 05.02.33.788000 PM
5282.0,Normal user enters the Provvidenza Figli page,04-OCT-24 12.34.36.324000 PM
7593.0,Normal user enters the Provvidenza Figli page,09-OCT-24 11.23.26.070000 AM
5502.0,HR/Normal user tries to update the answer,07-OCT-24 03.31.23.816000 PM
6947.0,Normal user enters the Provvidenza Figli page,09-OCT-24 05.28.11.676000 PM
8423.0,HR/Normal user tries to update the answer,29-OCT-24 08.18.45.399000 AM
6964.0,HR/Normal user tries to update the answer,06-OCT-24 03.42.36.185000 PM
7266.0,Normal user enters the Provvidenza Figli page,06-OCT-24 05.16.42.576000 PM
,Dettaglio elenco Cedolini e CU disponibili al download,04-OCT-24 04.01.40.904000 PM
9737.0,Normal user assign new grade for the child while creating a request,09-OCT-24 11.23.47.057000 AM
18000.0,HR/Normal user tries to update the answer,09-OCT-24 11.09.30.482000 AM
13000882.0,Normal user assign new grade for the child while creating a request,06-OCT-24 05.17.35.400000 PM
,Download PDF dalla sezione Cedolini,11-OCT-24 09.32.26.236000 AM
9737.0,HR tried to update grade,09-OCT-24 11.24.06.966000 AM
6964.0,HR/Normal user tries to update the answer,06-OCT-24 03.42.39.671000 PM
7149.0,Normal user tries to create new Provvidenza request for a child,04-OCT-24 03.13.49.286000 PM
,Download PDF dalla sezione Cedolini,04-OCT-24 03.18.29.463000 PM
6124.0,Normal user enters the Provvidenza Figli page,03-OCT-24 04.08.15.076000 PM
5601.0,HR/Normal user tries to update the answer,03-OCT-24 04.59.48.503000 PM
6474.0,Normal user assign new grade for the child while creating a request,03-OCT-24 03.47.42.098000 PM
8450.0,Recupero dettagliutente per Scelta Welfare,28-OCT-24 01.08.40.073000 PM
5500.0,Normal user enters the Provvidenza Figli page,03-OCT-24 03.27.25.025000 PM
,Download PDF dalla sezione Cedolini,04-OCT-24 02.49.18.830000 PM
5658.0,Normal user tries to create new Provvidenza request for a child,03-OCT-24 03.26.48.864000 PM
,Download PDF dalla sezione Cedolini,10-OCT-24 02.56.58.284000 PM
6390.0,Normal user enters the Provvidenza Figli page,10-OCT-24 03.18.39.569000 PM
10625.0,Normal user enters the Provvidenza Figli page,04-OCT-24 03.01.33.546000 PM
5902.0,HR tried to update grade,03-OCT-24 03.30.19.880000 PM
6735.0,HR/Normal user tries to update the answer,03-OCT-24 04.03.51.634000 PM
7599.0,HR/Normal user tries to update the answer,10-OCT-24 02.44.09.206000 PM
5327.0,Normal user enters the Provvidenza Figli page,11-OCT-24 10.20.34.574000 AM
6818.0,Normal user tries to create new Provvidenza request for a child,03-OCT-24 03.24.05.670000 PM
,Download PDF dalla sezione Cedolini,04-OCT-24 03.33.12.751000 PM
,Dettaglio elenco Cedolini e CU disponibili al download,03-OCT-24 03.27.21.386000 PM
7118.0,Normal user tries to create new Provvidenza request for a child,03-OCT-24 03.20.33.827000 PM
,Download PDF dalla sezione Cedolini,18-OCT-24 12.41.52.460000 PM
5341.0,Verifica possibilità di accesso a fondo pensione per Scelta Welfare,16-OCT-24 08.25.01.641000 PM
5902.0,HR/Normal user tries to update the answer,03-OCT-24 03.30.27.037000 PM
6913.0,HR/Normal user tries to update the answer,03-OCT-24 03.31.25.880000 PM
15308.0,HR/Normal user tries to update the answer,04-OCT-24 03.19.57.560000 PM
7266.0,HR/Normal user tries to update the answer,06-OCT-24 05.18.06.307000 PM
,Download PDF dalla sezione Cedolini,28-OCT-24 12.27.37.931000 PM
18554.0,Normal user tries to create new Provvidenza request for a child,03-OCT-24 03.28.29.761000 PM
6456.0,HR/Normal user tries to update the answer,04-OCT-24 03.34.23.154000 PM
,Dettaglio elenco Cedolini e CU disponibili al download,29-OCT-24 12.54.22.956000 PM
,Dettaglio elenco Cedolini e CU disponibili al download,21-OCT-24 11.07.11.212000 AM
5327.0,Normal user enters the Provvidenza Figli page,11-OCT-24 10.21.37.405000 AM
6366.0,Normal user enters the Provvidenza Figli page,03-OCT-24 03.45.22.752000 PM
,Download PDF dalla sezione Cedolini,28-OCT-24 12.27.20.309000 PM
6465.0,Normal user enters the Provvidenza Figli page,03-OCT-24 03.21.50.753000 PM
,Dettaglio elenco Cedolini e CU disponibili al download,28-OCT-24 12.28.51.787000 PM
,Dettaglio elenco Cedolini e CU disponibili al download,04-OCT-24 03.19.14.094000 PM
15319.0,Normal user tries to create new Provvidenza request for a child,04-OCT-24 03.16.33.194000 PM
6987.0,Normal user enters the Provvidenza Figli page,03-OCT-24 03.32.21.147000 PM
6913.0,Normal user enters the Provvidenza Figli page,03-OCT-24 03.33.18.479000 PM
6735.0,HR/Normal user tries to update the answer,03-OCT-24 04.02.27.133000 PM
6987.0,Verifica possibilità di accesso a fondo pensione per Scelta Welfare,03-OCT-24 03.30.36.943000 PM
6368.0,HR/Normal user tries to update the answer,03-OCT-24 03.31.53.972000 PM
13001316.0,HR/Normal user tries to update the answer,03-OCT-24 03.45.17.757000 PM
6037.0,Normal user enters the Provvidenza Figli page,08-OCT-24 05.37.34.406000 PM
6366.0,Normal user assign new grade for the child while creating a request,03-OCT-24 03.45.38.328000 PM
6849.0,Normal user assign new grade for the child while creating a request,03-OCT-24 03.38.06.314000 PM
17140.0,Dettaglio elenco Cedolini e CU disponibili al download,28-OCT-24 12.34.10.224000 PM
5779.0,Normal user enters the Provvidenza Figli page,03-OCT-24 04.02.23.942000 PM
5902.0,HR/Normal user tries to update the answer,03-OCT-24 03.30.23.455000 PM
,Dettaglio elenco Cedolini e CU disponibili al download,28-OCT-24 12.50.50.098000 PM
6677.0,HR/Normal user tries to update the answer,03-OCT-24 03.48.27.491000 PM
6186.0,Normal user enters the Provvidenza Figli page,11-OCT-24 09.57.11.986000 AM
6928.0,HR/Normal user tries to update the answer,03-OCT-24 03.53.32.691000 PM
6400.0,Normal user enters the Provvidenza Figli page,03-OCT-24 03.37.50.273000 PM
6990.0,HR/Normal user tries to update the answer,03-OCT-24 03.39.07.631000 PM
6186.0,Normal user enters the Provvidenza Figli page,11-OCT-24 09.53.19.018000 AM
6990.0,Normal user tries to create new Provvidenza request for a child,03-OCT-24 03.38.58.954000 PM
,Dettaglio elenco Cedolini e CU disponibili al download,28-OCT-24 12.59.16.039000 PM
6849.0,HR/Normal user tries to update the answer,03-OCT-24 03.39.05.915000 PM
5938.0,HR/Normal user tries to update the answer,03-OCT-24 03.20.08.699000 PM
6037.0,Normal user assign new grade for the child while creating a request,08-OCT-24 05.34.29.891000 PM
8189.0,HR/Normal user tries to update the answer,10-OCT-24 02.46.51.405000 PM
6528.0,Normal user enters the Provvidenza Figli page,03-OCT-24 03.52.24.379000 PM
,Download PDF dalla sezione Cedolini,03-OCT-24 03.51.56.433000 PM
9233.0,HR/Normal user tries to update the answer,03-OCT-24 03.20.00.912000 PM
6368.0,Normal / HR user updates the answer,03-OCT-24 03.32.44.825000 PM
5500.0,HR/Normal user tries to update the answer,03-OCT-24 03.26.08.174000 PM
5670.0,Normal user assign new grade for the child while creating a request,03-OCT-24 03.29.14.355000 PM
13002701.0,Normal user enters the Provvidenza Figli page,28-OCT-24 12.58.27.166000 PM
,Download PDF dalla sezione Cedolini,28-OCT-24 12.30.31.136000 PM
6368.0,Normal user tries to create new Provvidenza request for a child,03-OCT-24 03.31.18.322000 PM
6900.0,HR/Normal user tries to update the answer,04-OCT-24 03.40.10.905000 PM
13001994.0,HR/Normal user tries to update the answer,03-OCT-24 03.57.37.626000 PM
6987.0,Recupero dettagliutente per Scelta Welfare,03-OCT-24 03.30.36.909000 PM
5451.0,HR/Normal user tries to update the answer,03-OCT-24 03.04.10.947000 PM
13002119.0,Verifica possibilità di accesso a fondo pensione per Scelta Welfare,02-OCT-24 05.52.21.412000 PM
6037.0,Dettaglio elenco Cedolini e CU disponibili al download,08-OCT-24 06.01.23.863000 PM
6727.0,Normal user assign new grade for the child while creating a request,03-OCT-24 03.01.11.810000 PM
5850.0,HR tried to update grade,03-OCT-24 03.38.17.226000 PM
5926.0,HR/Normal user tries to update the answer,10-OCT-24 09.29.57.567000 AM
,Dettaglio elenco Cedolini e CU disponibili al download,02-OCT-24 04.04.25.903000 PM
,Dettaglio elenco Cedolini e CU disponibili al download,02-OCT-24 05.40.42.797000 PM
7109.0,Normal / HR user updates the answer,03-OCT-24 03.03.46.629000 PM
7042.0,Normal / HR user updates the answer,03-OCT-24 03.17.32.444000 PM
6990.0,Normal user assign new grade for the child while creating a request,03-OCT-24 03.38.59.083000 PM
,Dettaglio elenco Cedolini e CU disponibili al download,28-OCT-24 10.40.01.391000 AM
13002972.0,Recupero dettagliutente per Scelta Welfare,18-OCT-24 03.36.04.694000 PM
,Dettaglio elenco Cedolini e CU disponibili al download,02-OCT-24 04.56.58.269000 PM
13001798.0,HR/Normal user tries to update the answer,03-OCT-24 03.41.08.743000 PM
6735.0,HR/Normal user tries to update the answer,03-OCT-24 04.03.54.358000 PM
13002119.0,Recupero dettagli utente per Scelta orario di lavoro,02-OCT-24 05.54.21.000000 PM
17731.0,Normal user update grade for a child,14-OCT-24 03.54.01.774000 PM
,Dettaglio elenco Cedolini e CU disponibili al download,28-OCT-24 10.50.28.914000 AM
7203.0,HR/Normal user tries to update the answer,03-OCT-24 03.46.20.550000 PM
10677.0,Normal user enters the Provvidenza Figli page,07-OCT-24 09.43.15.634000 AM
6598.0,HR/Normal user tries to update the answer,07-OCT-24 10.30.52.120000 AM
7658.0,HR/Normal user tries to update the answer,07-OCT-24 09.28.28.815000 AM
,Dettaglio elenco Cedolini e CU disponibili al download,23-OCT-24 04.00.08.277000 PM
13002974.0,Verifica possibilità di accesso a fondo pensione per Scelta Welfare,18-OCT-24 04.57.02.328000 PM
10677.0,Normal user assign new grade for the child while creating a request,07-OCT-24 09.43.28.578000 AM
7885.0,Normal user enters the Provvidenza Figli page,07-OCT-24 10.06.29.319000 AM
7985.0,Normal user enters the Provvidenza Figli page,10-OCT-24 09.31.01.248000 AM
7658.0,Normal user assign new grade for the child while creating a request,07-OCT-24 09.25.05.456000 AM
5108.0,Normal user enters the Provvidenza Figli page,30-OCT-24 10.35.20.304000 AM
,Dettaglio elenco Cedolini e CU disponibili al download,24-OCT-24 04.14.18.680000 PM
,Dettaglio elenco Cedolini e CU disponibili al download,18-OCT-24 04.32.57.919000 PM
5758.0,Normal user enters the Provvidenza Figli page,07-OCT-24 10.28.24.511000 AM
6147.0,Normal user tries to create new Provvidenza request for a child,07-OCT-24 09.52.03.338000 AM
6335.0,Normal user tries to create new Provvidenza request for a child,11-OCT-24 07.55.31.602000 PM
,Dettaglio elenco Cedolini e CU disponibili al download,24-OCT-24 05.21.27.835000 PM
18173.0,Normal user tries to create new Provvidenza request for a child,12-OCT-24 10.04.14.519000 AM
13002975.0,HR/Normal user tries to update the answer,22-OCT-24 08.34.22.212000 AM
6626.0,Normal user enters the Provvidenza Figli page,07-OCT-24 10.01.20.114000 AM
5618.0,HR/Normal user tries to update the answer,07-OCT-24 10.06.35.817000 AM
6924.0,Normal user tries to create new Provvidenza request for a child,08-OCT-24 05.11.36.353000 PM
13000649.0,Verifica possibilità di accesso a fondo pensione per Scelta Welfare,11-OCT-24 10.57.14.310000 AM
5618.0,HR/Normal user tries to update the answer,07-OCT-24 10.06.31.519000 AM
6037.0,HR/Normal user tries to update the answer,08-OCT-24 05.34.50.416000 PM
,Download PDF dalla sezione Cedolini,24-OCT-24 11.10.24.709000 PM
5885.0,Normal user enters the Provvidenza Figli page,08-OCT-24 04.47.11.505000 PM
5199.0,HR/Normal user tries to update the answer,16-OCT-24 04.39.52.204000 PM
7985.0,HR/Normal user tries to update the answer,10-OCT-24 09.32.19.769000 AM
13002973.0,Recupero dettagli utente per invio adesione Fondo Nazionale,21-OCT-24 01.26.05.712000 PM
6037.0,Normal user tries to create new Provvidenza request for a child,08-OCT-24 05.34.29.745000 PM
,Dettaglio elenco Cedolini e CU disponibili al download,25-OCT-24 08.51.41.156000 AM
,Dettaglio elenco Cedolini e CU disponibili al download,01-OCT-24 04.36.04.716000 PM
7275.0,Verifica possibilità di accesso a fondo pensione per Scelta Welfare,14-OCT-24 10.18.08.388000 PM
5199.0,Dettaglio elenco Cedolini e CU disponibili al download,16-OCT-24 04.30.43.703000 PM
,Dettaglio elenco Cedolini e CU disponibili al download,14-OCT-24 08.38.52.788000 PM
,Dettaglio elenco Cedolini e CU disponibili al download,23-OCT-24 03.38.30.351000 PM
5533.0,Normal user enters the Provvidenza Figli page,08-OCT-24 05.13.17.901000 PM
7763.0,HR/Normal user tries to update the answer,25-OCT-24 09.04.36.947000 AM
13001896.0,Recupero dettagliutente per Scelta Welfare,16-OCT-24 04.56.13.122000 PM
13002268.0,Verifica possibilità di accesso a fondo pensione per Scelta Welfare,14-OCT-24 08.37.55.567000 PM
6199.0,Normal user enters the Provvidenza Figli page,21-OCT-24 10.58.50.716000 AM
,Download PDF dalla sezione Cedolini,14-OCT-24 10.37.32.006000 AM
,Dettaglio elenco Cedolini e CU disponibili al download,11-OCT-24 07.04.06.187000 PM
,Dettaglio elenco Cedolini e CU disponibili al download,14-OCT-24 10.22.07.448000 AM
6922.0,Normal user assign new grade for the child while creating a request,06-OCT-24 10.08.40.665000 AM
,Dettaglio elenco Cedolini e CU disponibili al download,16-OCT-24 04.49.55.185000 PM
,Download PDF dalla sezione Cedolini,29-OCT-24 06.45.34.549000 PM
,Dettaglio elenco Cedolini e CU disponibili al download,25-OCT-24 09.02.54.087000 AM
,Download PDF dalla sezione Cedolini,25-OCT-24 08.41.32.489000 AM
13002928.0,Verifica possibilità di accesso a fondo pensione per Scelta Welfare,23-OCT-24 03.07.13.108000 PM
,Download PDF dalla sezione Cedolini,25-OCT-24 09.04.10.722000 AM
13000105.0,Recupero dettagliutente per Scelta Welfare,25-OCT-24 09.38.41.478000 AM
,Dettaglio elenco Cedolini e CU disponibili al download,25-OCT-24 08.50.46.946000 AM
,Download PDF dalla sezione Cedolini,26-OCT-24 01.59.04.590000 PM
,Dettaglio elenco Cedolini e CU disponibili al download,25-OCT-24 08.47.12.160000 AM
,Download PDF dalla sezione Cedolini,25-OCT-24 08.34.58.557000 AM
,Download PDF dalla sezione Cedolini,25-OCT-24 09.11.36.229000 AM
,Download PDF dalla sezione Cedolini,21-OCT-24 11.06.58.536000 AM
,Dettaglio elenco Cedolini e CU disponibili al download,21-OCT-24 11.07.36.551000 AM
,Download PDF dalla sezione Cedolini,14-OCT-24 08.39.13.014000 AM
,Dettaglio elenco Cedolini e CU disponibili al download,16-OCT-24 04.54.28.151000 PM
,Download PDF dalla sezione Cedolini,25-OCT-24 08.59.29.404000 AM
6933.0,HR/Normal user tries to update the answer,25-OCT-24 08.58.09.858000 AM
16786.0,Normal user enters the Provvidenza Figli page,23-OCT-24 03.02.08.863000 PM
,Dettaglio elenco Cedolini e CU disponibili al download,25-OCT-24 09.28.36.432000 AM
,Dettaglio elenco Cedolini e CU disponibili al download,25-OCT-24 09.25.31.344000 AM
13001313.0,HR/Normal user tries to update the answer,25-OCT-24 09.15.33.977000 AM
,Dettaglio elenco Cedolini e CU disponibili al download,25-OCT-24 08.57.23.011000 AM
7098.0,Normal user enters the Provvidenza Figli page,11-OCT-24 09.16.48.815000 AM
,Download PDF dalla sezione Cedolini,29-OCT-24 09.41.52.291000 AM
,Download PDF dalla sezione Cedolini,25-OCT-24 09.03.26.466000 AM
,Download PDF dalla sezione Cedolini,25-OCT-24 08.24.18.679000 AM
5809.0,Normal user enters the Provvidenza Figli page,14-OCT-24 09.00.29.874000 AM
8370.0,Normal user enters the Provvidenza Figli page,08-OCT-24 01.57.24.878000 PM
,Dettaglio elenco Cedolini e CU disponibili al download,29-OCT-24 07.49.53.607000 PM
5862.0,Recupero dettagliutente per Scelta Welfare,29-OCT-24 10.11.38.094000 AM
,Dettaglio elenco Cedolini e CU disponibili al download,25-OCT-24 09.01.06.814000 AM
,Download PDF dalla sezione Cedolini,25-OCT-24 09.18.54.433000 AM
,Download PDF dalla sezione Cedolini,18-OCT-24 11.02.51.283000 AM
,Download PDF dalla sezione Cedolini,25-OCT-24 08.55.44.711000 AM
,Dettaglio elenco Cedolini e CU disponibili al download,14-OCT-24 08.58.14.908000 AM
6159.0,Normal user enters the Provvidenza Figli page,03-OCT-24 04.09.44.021000 PM
5923.0,Verifica possibilità di accesso a fondo pensione per Scelta Welfare,29-OCT-24 09.34.16.051000 AM
17381.0,Download PDF dalla sezione Cedolini,25-OCT-24 09.31.05.528000 AM
6733.0,Normal / HR user updates the answer,09-OCT-24 10.10.23.801000 AM
,Dettaglio elenco Cedolini e CU disponibili al download,29-OCT-24 10.46.36.906000 AM
7696.0,HR/Normal user tries to update the answer,03-OCT-24 05.23.09.312000 PM
,Dettaglio elenco Cedolini e CU disponibili al download,25-OCT-24 09.35.20.388000 AM
,Download PDF dalla sezione Cedolini,25-OCT-24 08.50.13.427000 AM
,Download PDF dalla sezione Cedolini,25-OCT-24 09.28.34.532000 AM
7269.0,HR/Normal user tries to update the answer,03-OCT-24 04.20.16.967000 PM
,Download PDF dalla sezione Cedolini,25-OCT-24 08.22.05.656000 AM
7763.0,Normal user tries to create new Provvidenza request for a child,25-OCT-24 09.04.12.456000 AM
,Dettaglio elenco Cedolini e CU disponibili al download,25-OCT-24 08.41.20.349000 AM
6982.0,Normal user enters the Provvidenza Figli page,07-OCT-24 08.10.18.154000 AM
5339.0,HR/Normal user tries to update the answer,07-OCT-24 06.37.49.533000 PM
,Download PDF dalla sezione Cedolini,25-OCT-24 08.53.24.511000 AM
6479.0,HR/Normal user tries to update the answer,11-OCT-24 09.14.32.588000 AM
6621.0,Normal user enters the Provvidenza Figli page,03-OCT-24 04.23.46.091000 PM
5432.0,Normal user assign new grade for the child while creating a request,11-OCT-24 08.33.27.258000 AM
6479.0,Normal user assign new grade for the child while creating a request,11-OCT-24 09.13.09.580000 AM
13001313.0,Normal user enters the Provvidenza Figli page,25-OCT-24 09.14.32.567000 AM
9652.0,HR/Normal user tries to update the answer,03-OCT-24 04.15.07.224000 PM
7098.0,Normal / HR user updates the answer,11-OCT-24 09.15.37.857000 AM
6380.0,Normal / HR user updates the answer,03-OCT-24 05.11.10.238000 PM
7098.0,Dettaglio elenco Cedolini e CU disponibili al download,11-OCT-24 09.17.03.504000 AM
15872.0,HR/Normal user tries to update the answer,09-OCT-24 09.58.38.527000 AM
,Download PDF dalla sezione Cedolini,03-OCT-24 04.26.31.202000 PM
6456.0,Normal user enters the Provvidenza Figli page,03-OCT-24 04.47.16.069000 PM
,Download PDF dalla sezione Cedolini,25-OCT-24 09.20.46.313000 AM
6925.0,Download PDF dalla sezione Cedolini,03-OCT-24 04.25.20.969000 PM
13002925.0,Verifica possibilità di accesso a fondo pensione per Scelta Welfare,03-OCT-24 04.34.01.641000 PM
6925.0,HR/Normal user tries to update the answer,03-OCT-24 04.21.42.552000 PM
7269.0,Normal user enters the Provvidenza Figli page,03-OCT-24 04.20.53.915000 PM
,Dettaglio elenco Cedolini e CU disponibili al download,25-OCT-24 09.41.12.915000 AM
5137.0,HR/Normal user tries to update the answer,11-OCT-24 09.02.30.454000 AM
8124.0,Recupero dettagli utente per invio adesione Fondo Nazionale,03-OCT-24 04.24.17.793000 PM
,Download PDF dalla sezione Cedolini,25-OCT-24 09.25.36.464000 AM
5137.0,Normal user enters the Provvidenza Figli page,11-OCT-24 09.00.25.324000 AM
,Download PDF dalla sezione Cedolini,25-OCT-24 09.42.06.523000 AM
7091.0,HR/Normal user tries to update the answer,03-OCT-24 05.17.20.939000 PM
,Download PDF dalla sezione Cedolini,27-OCT-24 08.49.34.748000 PM
8098.0,Normal user enters the Provvidenza Figli page,03-OCT-24 04.46.03.428000 PM
15457.0,Normal user enters the Provvidenza Figli page,03-OCT-24 04.42.43.358000 PM
,Dettaglio elenco Cedolini e CU disponibili al download,28-OCT-24 04.13.44.986000 PM
7726.0,Normal user tries to create new Provvidenza request for a child,03-OCT-24 04.41.43.675000 PM
7071.0,HR/Normal user tries to update the answer,03-OCT-24 04.25.10.926000 PM
13001658.0,Recupero dettagliutente per Scelta Welfare,30-OCT-24 11.53.20.117000 AM
8124.0,Dettaglio elenco Cedolini e CU disponibili al download,03-OCT-24 04.20.07.423000 PM
,Dettaglio elenco Cedolini e CU disponibili al download,03-OCT-24 05.10.40.224000 PM
,Dettaglio elenco Cedolini e CU disponibili al download,30-OCT-24 11.57.08.658000 AM
7726.0,HR/Normal user tries to update the answer,03-OCT-24 04.41.50.448000 PM
13002858.0,Recupero dettagliutente per Scelta Welfare,28-OCT-24 04.37.48.290000 PM
6479.0,Normal user tries to create new Provvidenza request for a child,11-OCT-24 09.13.09.347000 AM
7269.0,HR/Normal user tries to update the answer,03-OCT-24 04.20.10.599000 PM
,Dettaglio elenco Cedolini e CU disponibili al download,25-OCT-24 09.45.24.250000 AM
5213.0,HR/Normal user tries to update the answer,03-OCT-24 05.02.31.485000 PM
6621.0,HR/Normal user tries to update the answer,03-OCT-24 04.23.58.288000 PM
6925.0,Dettaglio elenco Cedolini e CU disponibili al download,03-OCT-24 04.22.16.062000 PM
7303.0,Normal user enters the Provvidenza Figli page,03-OCT-24 04.54.54.608000 PM
18173.0,HR tried to update grade,12-OCT-24 10.04.18.433000 AM
13002973.0,Recupero dettagliutente per Scelta Welfare,25-OCT-24 02.37.20.644000 PM
5701.0,Normal user tries to create new Provvidenza request for a child,03-OCT-24 04.41.10.343000 PM
5494.0,Normal user enters the Provvidenza Figli page,03-OCT-24 05.16.15.148000 PM
,Dettaglio elenco Cedolini e CU disponibili al download,16-OCT-24 10.05.43.688000 AM
7801.0,Normal / HR user updates the answer,04-OCT-24 11.35.57.911000 AM
,Dettaglio elenco Cedolini e CU disponibili al download,24-OCT-24 12.12.37.228000 PM
17188.0,Normal user enters the Provvidenza Figli page,04-OCT-24 11.39.07.769000 AM
5561.0,Normal user assign new grade for the child while creating a request,03-OCT-24 04.13.38.249000 PM
,Dettaglio elenco Cedolini e CU disponibili al download,03-OCT-24 06.17.56.018000 PM
6244.0,HR/Normal user tries to update the answer,11-OCT-24 04.31.49.851000 PM
7303.0,HR tried to update grade,03-OCT-24 04.55.47.477000 PM
18173.0,HR/Normal user tries to update the answer,12-OCT-24 10.04.37.667000 AM
15457.0,Normal user tries to create new Provvidenza request for a child,03-OCT-24 04.42.51.275000 PM
6075.0,HR/Normal user tries to update the answer,03-OCT-24 04.58.51.946000 PM
,Dettaglio elenco Cedolini e CU disponibili al download,25-OCT-24 08.24.28.327000 AM
,Dettaglio elenco Cedolini e CU disponibili al download,09-OCT-24 10.39.49.323000 AM
17188.0,HR/Normal user tries to update the answer,04-OCT-24 11.38.51.661000 AM
7637.0,HR/Normal user tries to update the answer,03-OCT-24 01.26.17.992000 PM
10599.0,Recupero dettagliutente per Scelta Welfare,28-OCT-24 04.40.37.562000 PM
16805.0,Normal user enters the Provvidenza Figli page,03-OCT-24 01.36.58.015000 PM
5977.0,HR/Normal user tries to update the answer,03-OCT-24 01.35.01.104000 PM
7949.0,HR/Normal user tries to update the answer,03-OCT-24 01.34.27.917000 PM
7128.0,Normal / HR user updates the answer,03-OCT-24 01.25.06.207000 PM
5254.0,Normal user enters the Provvidenza Figli page,03-OCT-24 01.26.14.653000 PM
13001862.0,HR/Normal user tries to update the answer,03-OCT-24 01.35.46.756000 PM
7458.0,Normal user tries to create new Provvidenza request for a child,03-OCT-24 01.22.04.799000 PM
6164.0,HR/Normal user tries to update the answer,03-OCT-24 01.16.40.815000 PM
6067.0,HR/Normal user tries to update the answer,03-OCT-24 01.21.24.791000 PM
9407.0,HR/Normal user tries to update the answer,03-OCT-24 01.35.35.301000 PM
7836.0,Normal user tries to create new Provvidenza request for a child,03-OCT-24 01.24.16.022000 PM
17789.0,Normal user assign new grade for the child while creating a request,03-OCT-24 01.21.48.005000 PM
6382.0,Normal user enters the Provvidenza Figli page,03-OCT-24 01.21.33.741000 PM
9473.0,Normal user update grade for a child,03-OCT-24 01.25.01.123000 PM
,Dettaglio elenco Cedolini e CU disponibili al download,03-OCT-24 01.17.53.010000 PM
6882.0,HR/Normal user tries to update the answer,03-OCT-24 01.22.06.128000 PM
8309.0,HR/Normal user tries to update the answer,03-OCT-24 01.16.08.487000 PM
9359.0,Dettaglio elenco Cedolini e CU disponibili al download,03-OCT-24 01.20.21.470000 PM
13001862.0,Normal user enters the Provvidenza Figli page,03-OCT-24 01.35.36.396000 PM
5863.0,Normal user enters the Provvidenza Figli page,03-OCT-24 01.19.10.089000 PM
6764.0,Normal user enters the Provvidenza Figli page,03-OCT-24 01.22.54.746000 PM
13001627.0,Normal user enters the Provvidenza Figli page,03-OCT-24 01.19.07.990000 PM
,Dettaglio elenco Cedolini e CU disponibili al download,03-OCT-24 01.21.57.820000 PM
7333.0,HR/Normal user tries to update the answer,03-OCT-24 01.18.27.677000 PM
6486.0,HR/Normal user tries to update the answer,03-OCT-24 01.15.50.041000 PM
8263.0,HR/Normal user tries to update the answer,03-OCT-24 01.20.58.144000 PM
7016.0,HR/Normal user tries to update the answer,03-OCT-24 01.21.11.154000 PM
5927.0,Normal user enters the Provvidenza Figli page,03-OCT-24 01.24.22.612000 PM
,Dettaglio elenco Cedolini e CU disponibili al download,24-OCT-24 02.01.10.499000 PM
7601.0,HR tried to update grade,03-OCT-24 01.18.45.998000 PM
,Dettaglio elenco Cedolini e CU disponibili al download,18-OCT-24 11.02.47.643000 AM
7256.0,HR/Normal user tries to update the answer,03-OCT-24 05.02.07.060000 PM
,Dettaglio elenco Cedolini e CU disponibili al download,03-OCT-24 05.14.08.278000 PM
8061.0,HR/Normal user tries to update the answer,03-OCT-24 01.18.55.704000 PM
5704.0,HR/Normal user tries to update the answer,03-OCT-24 01.28.33.417000 PM
6806.0,HR/Normal user tries to update the answer,03-OCT-24 01.27.09.976000 PM
6806.0,Normal user enters the Provvidenza Figli page,03-OCT-24 01.26.55.826000 PM
6457.0,HR/Normal user tries to update the answer,03-OCT-24 01.27.03.657000 PM
5891.0,Normal user enters the Provvidenza Figli page,03-OCT-24 01.15.23.655000 PM
6992.0,HR/Normal user tries to update the answer,03-OCT-24 01.16.08.962000 PM
6206.0,Normal user enters the Provvidenza Figli page,03-OCT-24 01.27.30.841000 PM
6136.0,Normal user assign new grade for the child while creating a request,03-OCT-24 01.28.13.889000 PM
6088.0,Normal user assign new grade for the child while creating a request,03-OCT-24 01.18.10.471000 PM
8019.0,HR/Normal user tries to update the answer,03-OCT-24 01.29.02.285000 PM
6365.0,HR/Normal user tries to update the answer,03-OCT-24 01.16.17.561000 PM
7816.0,Normal user tries to create new Provvidenza request for a child,03-OCT-24 01.14.59.171000 PM
6956.0,Normal user tries to create new Provvidenza request for a child,03-OCT-24 01.21.34.067000 PM
8309.0,HR/Normal user tries to update the answer,03-OCT-24 01.15.07.011000 PM
8309.0,Normal user enters the Provvidenza Figli page,03-OCT-24 01.15.56.071000 PM
5710.0,Normal user assign new grade for the child while creating a request,03-OCT-24 01.15.36.380000 PM
7124.0,HR/Normal user tries to update the answer,03-OCT-24 01.22.22.980000 PM
7016.0,HR/Normal user tries to update the answer,03-OCT-24 01.20.16.769000 PM
13000909.0,Recupero dettagli utente per invio adesione Fondo Nazionale,27-OCT-24 06.30.48.380000 PM
6136.0,HR/Normal user tries to update the answer,03-OCT-24 01.28.21.593000 PM
7949.0,HR tried to update grade,03-OCT-24 01.35.42.399000 PM
5604.0,HR/Normal user tries to update the answer,03-OCT-24 01.27.10.019000 PM
8019.0,HR tried to update grade,03-OCT-24 01.28.32.802000 PM
8309.0,HR/Normal user tries to update the answer,03-OCT-24 01.16.31.247000 PM
5704.0,Normal user tries to create new Provvidenza request for a child,03-OCT-24 01.27.47.672000 PM
7128.0,Normal user enters the Provvidenza Figli page,03-OCT-24 01.25.18.793000 PM
5868.0,Normal user tries to create new Provvidenza request for a child,03-OCT-24 01.19.22.883000 PM
16895.0,HR/Normal user tries to update the answer,03-OCT-24 01.21.37.010000 PM
9098.0,HR/Normal user tries to update the answer,03-OCT-24 01.24.48.948000 PM
7207.0,Normal user assign new grade for the child while creating a request,03-OCT-24 01.24.16.544000 PM
7333.0,HR/Normal user tries to update the answer,03-OCT-24 01.18.36.144000 PM
6850.0,HR/Normal user tries to update the answer,03-OCT-24 01.27.47.899000 PM
9359.0,Normal user tries to create new Provvidenza request for a child,03-OCT-24 01.18.43.702000 PM
9359.0,HR/Normal user tries to update the answer,03-OCT-24 01.19.07.845000 PM
7690.0,Normal user enters the Provvidenza Figli page,03-OCT-24 01.35.56.766000 PM
7128.0,HR/Normal user tries to update the answer,03-OCT-24 01.23.53.503000 PM
7151.0,HR/Normal user tries to update the answer,03-OCT-24 01.18.52.321000 PM
6852.0,HR/Normal user tries to update the answer,03-OCT-24 01.17.49.991000 PM
6918.0,HR/Normal user tries to update the answer,03-OCT-24 01.17.15.734000 PM
6372.0,Normal user tries to create new Provvidenza request for a child,03-OCT-24 01.25.46.831000 PM
8124.0,HR/Normal user tries to update the answer,03-OCT-24 01.21.23.807000 PM
5601.0,Normal user enters the Provvidenza Figli page,03-OCT-24 04.50.43.818000 PM
7813.0,Normal / HR user updates the answer,03-OCT-24 01.17.06.955000 PM
8309.0,HR/Normal user tries to update the answer,03-OCT-24 01.16.38.365000 PM
6227.0,HR/Normal user tries to update the answer,03-OCT-24 01.18.24.356000 PM
7637.0,Normal user enters the Provvidenza Figli page,03-OCT-24 01.23.50.149000 PM
6669.0,HR tried to update grade,03-OCT-24 01.20.50.916000 PM
13001081.0,HR/Normal user tries to update the answer,04-OCT-24 12.01.58.159000 PM
6067.0,HR/Normal user tries to update the answer,03-OCT-24 01.19.48.779000 PM
8116.0,HR/Normal user tries to update the answer,03-OCT-24 01.30.49.961000 PM
15870.0,HR/Normal user tries to update the answer,03-OCT-24 01.17.15.188000 PM
6925.0,Normal user tries to create new Provvidenza request for a child,03-OCT-24 04.20.20.082000 PM
5993.0,Normal user enters the Provvidenza Figli page,03-OCT-24 01.21.30.479000 PM
6457.0,HR/Normal user tries to update the answer,03-OCT-24 01.26.51.137000 PM
9403.0,HR/Normal user tries to update the answer,03-OCT-24 01.15.20.100000 PM
8019.0,HR/Normal user tries to update the answer,03-OCT-24 01.28.57.915000 PM
7742.0,Normal user tries to create new Provvidenza request for a child,03-OCT-24 01.19.22.701000 PM
,Download PDF dalla sezione Cedolini,29-OCT-24 07.05.34.798000 AM
,Dettaglio elenco Cedolini e CU disponibili al download,18-OCT-24 03.20.09.479000 PM
6364.0,Normal user enters the Provvidenza Figli page,03-OCT-24 01.31.04.170000 PM
7243.0,HR/Normal user tries to update the answer,03-OCT-24 01.24.28.882000 PM
6186.0,Normal user enters the Provvidenza Figli page,11-OCT-24 03.35.45.682000 PM
,Download PDF dalla sezione Cedolini,27-OCT-24 04.41.49.227000 PM
6882.0,Normal user assign new grade for the child while creating a request,03-OCT-24 01.20.14.760000 PM
,Dettaglio elenco Cedolini e CU disponibili al download,03-OCT-24 01.20.12.932000 PM
7629.0,Normal / HR user updates the answer,03-OCT-24 01.16.45.005000 PM
,Download PDF dalla sezione Cedolini,03-OCT-24 01.17.44.319000 PM
6035.0,HR/Normal user tries to update the answer,03-OCT-24 01.18.35.439000 PM
9473.0,Normal user enters the Provvidenza Figli page,03-OCT-24 01.24.54.312000 PM
5755.0,Normal user assign new grade for the child while creating a request,03-OCT-24 01.29.04.022000 PM
,Dettaglio elenco Cedolini e CU disponibili al download,03-OCT-24 01.22.47.270000 PM
9473.0,Normal user enters the Provvidenza Figli page,03-OCT-24 01.23.22.191000 PM
8826.0,Normal user assign new grade for the child while creating a request,03-OCT-24 01.30.52.380000 PM
6365.0,HR/Normal user tries to update the answer,03-OCT-24 01.16.30.322000 PM
6438.0,Normal user enters the Provvidenza Figli page,03-OCT-24 01.16.44.818000 PM
5802.0,Normal user assign new grade for the child while creating a request,03-OCT-24 01.22.23.440000 PM
5227.0,Normal user enters the Provvidenza Figli page,03-OCT-24 01.25.11.026000 PM
6992.0,Normal user enters the Provvidenza Figli page,03-OCT-24 01.15.47.872000 PM
6438.0,Normal user assign new grade for the child while creating a request,03-OCT-24 01.15.26.592000 PM
7707.0,Normal user tries to create new Provvidenza request for a child,03-OCT-24 01.21.00.980000 PM
6186.0,Normal user enters the Provvidenza Figli page,11-OCT-24 03.34.30.565000 PM
,Download PDF dalla sezione Cedolini,03-OCT-24 01.22.16.540000 PM
5666.0,Normal user assign new grade for the child while creating a request,03-OCT-24 01.16.12.411000 PM
7333.0,Normal user enters the Provvidenza Figli page,03-OCT-24 01.17.17.254000 PM
6556.0,Normal user enters the Provvidenza Figli page,03-OCT-24 01.15.58.694000 PM
6258.0,Normal user assign new grade for the child while creating a request,03-OCT-24 01.22.58.063000 PM
13001718.0,Verifica possibilità di accesso a fondo pensione per Scelta Welfare,02-OCT-24 02.15.36.198000 PM
6850.0,Normal user tries to create new Provvidenza request for a child,03-OCT-24 01.27.32.167000 PM
,Dettaglio elenco Cedolini e CU disponibili al download,24-OCT-24 02.41.52.396000 PM
6186.0,Normal user enters the Provvidenza Figli page,11-OCT-24 03.36.50.249000 PM
5868.0,Normal user enters the Provvidenza Figli page,03-OCT-24 01.18.16.078000 PM
5868.0,Normal user enters the Provvidenza Figli page,03-OCT-24 01.19.21.310000 PM
,Dettaglio elenco Cedolini e CU disponibili al download,11-OCT-24 03.46.44.986000 PM
,Dettaglio elenco Cedolini e CU disponibili al download,18-OCT-24 03.36.32.888000 PM
6396.0,Normal user enters the Provvidenza Figli page,08-OCT-24 09.00.22.616000 AM
13001727.0,HR tried to update grade,08-OCT-24 09.27.59.073000 AM
6998.0,Normal user enters the Provvidenza Figli page,15-OCT-24 04.38.14.165000 PM
,Download PDF dalla sezione Cedolini,17-OCT-24 09.49.14.455000 AM
13002972.0,Recupero dettagliutente per Scelta Welfare,15-OCT-24 04.25.03.435000 PM
13001727.0,HR tried to update grade,08-OCT-24 09.27.05.390000 AM
5704.0,Normal user tries to create new Provvidenza request for a child,03-OCT-24 01.28.28.688000 PM
5776.0,Normal user enters the Provvidenza Figli page,07-OCT-24 11.54.56.679000 PM
,Dettaglio elenco Cedolini e CU disponibili al download,15-OCT-24 12.35.04.434000 PM
5651.0,Normal user assign new grade for the child while creating a request,03-OCT-24 02.47.04.579000 PM
7437.0,HR/Normal user tries to update the answer,03-OCT-24 02.38.52.930000 PM
6281.0,Normal user enters the Provvidenza Figli page,03-OCT-24 02.59.41.859000 PM
5433.0,Normal user enters the Provvidenza Figli page,03-OCT-24 02.59.05.546000 PM
5779.0,Normal user enters the Provvidenza Figli page,03-OCT-24 02.53.16.592000 PM
13002179.0,HR tried to update grade,03-OCT-24 02.47.28.149000 PM
7430.0,Normal user tries to create new Provvidenza request for a child,03-OCT-24 02.45.00.702000 PM
,Dettaglio elenco Cedolini e CU disponibili al download,08-OCT-24 09.18.15.487000 AM
,Dettaglio elenco Cedolini e CU disponibili al download,03-OCT-24 02.54.49.847000 PM
11418.0,HR/Normal user tries to update the answer,15-OCT-24 09.55.50.526000 PM
7136.0,HR/Normal user tries to update the answer,03-OCT-24 02.51.09.685000 PM
,Download PDF dalla sezione Cedolini,08-OCT-24 09.18.18.060000 AM
13002974.0,Recupero dettagli utente per Scelta orario di lavoro,17-OCT-24 09.31.40.358000 AM
7287.0,HR/Normal user tries to update the answer,03-OCT-24 02.48.25.834000 PM
8031.0,HR/Normal user tries to update the answer,03-OCT-24 02.53.11.741000 PM
6378.0,HR/Normal user tries to update the answer,03-OCT-24 02.44.46.288000 PM
6469.0,HR/Normal user tries to update the answer,03-OCT-24 02.48.06.061000 PM
8277.0,HR/Normal user tries to update the answer,03-OCT-24 02.38.31.994000 PM
11418.0,Normal user enters the Provvidenza Figli page,15-OCT-24 09.56.29.547000 PM
6046.0,Normal user enters the Provvidenza Figli page,03-OCT-24 03.00.37.722000 PM
6790.0,Normal user enters the Provvidenza Figli page,03-OCT-24 02.51.21.478000 PM
,Download PDF dalla sezione Cedolini,15-OCT-24 08.16.08.427000 PM
5535.0,Normal user tries to create new Provvidenza request for a child,03-OCT-24 02.58.58.934000 PM
6718.0,Normal user enters the Provvidenza Figli page,03-OCT-24 02.58.59.857000 PM
6847.0,HR/Normal user tries to update the answer,03-OCT-24 02.58.21.888000 PM
13002413.0,Normal / HR user updates the answer,03-OCT-24 03.02.48.251000 PM
7448.0,HR/Normal user tries to update the answer,03-OCT-24 02.56.49.243000 PM
5663.0,HR/Normal user tries to update the answer,03-OCT-24 03.04.11.891000 PM
7231.0,HR/Normal user tries to update the answer,08-OCT-24 09.19.27.691000 AM
5779.0,HR/Normal user tries to update the answer,03-OCT-24 02.50.57.841000 PM
6553.0,HR/Normal user tries to update the answer,03-OCT-24 02.37.51.380000 PM
,Dettaglio elenco Cedolini e CU disponibili al download,30-OCT-24 08.26.19.654000 AM
7868.0,HR/Normal user tries to update the answer,03-OCT-24 01.20.25.910000 PM
7333.0,HR/Normal user tries to update the answer,03-OCT-24 01.18.13.009000 PM
,Download PDF dalla sezione Cedolini,30-OCT-24 09.35.29.241000 AM
7052.0,HR/Normal user tries to update the answer,03-OCT-24 02.49.20.104000 PM
6383.0,HR/Normal user tries to update the answer,03-OCT-24 02.39.24.682000 PM
5663.0,Normal / HR user updates the answer,03-OCT-24 03.05.23.345000 PM
6245.0,Normal user assign new grade for the child while creating a request,03-OCT-24 02.56.23.986000 PM
5404.0,Normal user enters the Provvidenza Figli page,03-OCT-24 02.46.01.769000 PM
6383.0,Normal user tries to create new Provvidenza request for a child,03-OCT-24 02.39.11.200000 PM
7109.0,Normal / HR user updates the answer,03-OCT-24 03.03.37.070000 PM
6396.0,HR/Normal user tries to update the answer,08-OCT-24 08.58.50.394000 AM
6958.0,HR/Normal user tries to update the answer,03-OCT-24 03.09.52.282000 PM
13002128.0,HR/Normal user tries to update the answer,03-OCT-24 02.57.17.483000 PM
13000105.0,HR/Normal user tries to update the answer,03-OCT-24 02.46.02.403000 PM
8042.0,Normal user tries to create new Provvidenza request for a child,03-OCT-24 01.32.12.867000 PM
6883.0,HR/Normal user tries to update the answer,03-OCT-24 03.01.57.634000 PM
6601.0,Dettaglio elenco Cedolini e CU disponibili al download,03-OCT-24 02.52.57.953000 PM
9208.0,HR/Normal user tries to update the answer,03-OCT-24 02.44.25.304000 PM
6096.0,HR/Normal user tries to update the answer,03-OCT-24 02.40.49.519000 PM
6601.0,HR/Normal user tries to update the answer,03-OCT-24 02.51.54.021000 PM
6964.0,HR/Normal user tries to update the answer,06-OCT-24 03.43.04.095000 PM
7221.0,HR/Normal user tries to update the answer,03-OCT-24 02.42.45.469000 PM
7224.0,HR/Normal user tries to update the answer,03-OCT-24 02.42.33.484000 PM
5954.0,Normal user enters the Provvidenza Figli page,03-OCT-24 03.06.50.987000 PM
7146.0,HR/Normal user tries to update the answer,03-OCT-24 02.46.30.289000 PM
8277.0,Normal user tries to create new Provvidenza request for a child,03-OCT-24 02.40.36.465000 PM
6788.0,HR/Normal user tries to update the answer,03-OCT-24 03.05.25.664000 PM
7141.0,Normal user assign new grade for the child while creating a request,03-OCT-24 02.57.06.045000 PM
16074.0,Normal user assign new grade for the child while creating a request,03-OCT-24 02.49.02.136000 PM
18139.0,Normal / HR user updates the answer,03-OCT-24 02.40.07.248000 PM
5535.0,Normal user enters the Provvidenza Figli page,03-OCT-24 03.02.42.272000 PM
6281.0,Normal user tries to create new Provvidenza request for a child,03-OCT-24 03.00.17.506000 PM
6469.0,Normal user tries to create new Provvidenza request for a child,03-OCT-24 02.47.46.446000 PM
5290.0,Normal user assign new grade for the child while creating a request,03-OCT-24 02.53.33.998000 PM
7759.0,Normal user enters the Provvidenza Figli page,03-OCT-24 03.06.35.096000 PM
13001783.0,Normal user enters the Provvidenza Figli page,03-OCT-24 03.02.37.671000 PM
7355.0,Normal user enters the Provvidenza Figli page,03-OCT-24 03.10.21.920000 PM
5407.0,HR/Normal user tries to update the answer,03-OCT-24 03.13.09.737000 PM
5643.0,Normal user assign new grade for the child while creating a request,03-OCT-24 02.51.07.178000 PM
6880.0,Normal user assign new grade for the child while creating a request,03-OCT-24 03.18.55.360000 PM
6249.0,Normal user assign new grade for the child while creating a request,03-OCT-24 03.18.28.782000 PM
7052.0,Normal user tries to create new Provvidenza request for a child,03-OCT-24 02.48.42.429000 PM
13002580.0,Normal user assign new grade for the child while creating a request,03-OCT-24 03.08.40.417000 PM
13002832.0,HR/Normal user tries to update the answer,03-OCT-24 03.12.16.464000 PM
13002179.0,Normal user enters the Provvidenza Figli page,03-OCT-24 02.48.55.272000 PM
6096.0,HR/Normal user tries to update the answer,03-OCT-24 02.40.55.790000 PM
6226.0,Normal user enters the Provvidenza Figli page,03-OCT-24 02.40.13.083000 PM
,Dettaglio elenco Cedolini e CU disponibili al download,03-OCT-24 03.07.07.311000 PM
5526.0,Normal user enters the Provvidenza Figli page,03-OCT-24 02.59.51.751000 PM
,Dettaglio elenco Cedolini e CU disponibili al download,03-OCT-24 02.41.08.570000 PM
7355.0,Normal user assign new grade for the child while creating a request,03-OCT-24 03.09.52.091000 PM
7485.0,Normal user assign new grade for the child while creating a request,03-OCT-24 02.42.12.573000 PM
6340.0,Normal user enters the Provvidenza Figli page,03-OCT-24 02.55.21.603000 PM
7448.0,Normal user assign new grade for the child while creating a request,03-OCT-24 02.55.50.854000 PM
7652.0,HR/Normal user tries to update the answer,03-OCT-24 02.59.56.585000 PM
18507.0,Normal user enters the Provvidenza Figli page,03-OCT-24 02.45.34.248000 PM
,Dettaglio elenco Cedolini e CU disponibili al download,03-OCT-24 02.45.01.620000 PM
,Dettaglio elenco Cedolini e CU disponibili al download,03-OCT-24 03.01.54.903000 PM
7042.0,Normal user assign new grade for the child while creating a request,03-OCT-24 03.15.27.516000 PM
5938.0,Normal user tries to create new Provvidenza request for a child,03-OCT-24 03.12.39.508000 PM
8031.0,Normal user tries to create new Provvidenza request for a child,03-OCT-24 02.52.38.960000 PM
6103.0,HR/Normal user tries to update the answer,03-OCT-24 03.09.29.306000 PM
6378.0,HR/Normal user tries to update the answer,03-OCT-24 02.44.49.847000 PM
7109.0,HR/Normal user tries to update the answer,03-OCT-24 03.02.03.975000 PM
7224.0,Normal user tries to create new Provvidenza request for a child,03-OCT-24 02.42.21.978000 PM
19442.0,Dettaglio elenco Cedolini e CU disponibili al download,09-OCT-24 02.32.06.108000 PM
7425.0,HR/Normal user tries to update the answer,03-OCT-24 02.37.52.679000 PM
6050.0,Normal user enters the Provvidenza Figli page,03-OCT-24 03.16.51.730000 PM
6378.0,Normal user assign new grade for the child while creating a request,03-OCT-24 02.43.48.847000 PM
6914.0,HR/Normal user tries to update the answer,03-OCT-24 03.13.05.123000 PM
5643.0,Normal user enters the Provvidenza Figli page,03-OCT-24 02.50.24.349000 PM
,Download PDF dalla sezione Cedolini,03-OCT-24 02.43.19.811000 PM
6199.0,Normal user enters the Provvidenza Figli page,09-OCT-24 02.41.03.363000 PM
6807.0,HR/Normal user tries to update the answer,03-OCT-24 02.49.54.740000 PM
13002834.0,Normal user tries to create new Provvidenza request for a child,03-OCT-24 03.02.24.569000 PM
,Dettaglio elenco Cedolini e CU disponibili al download,31-OCT-24 06.09.23.535000 PM
7398.0,Normal user assign new grade for the child while creating a request,09-OCT-24 05.52.49.405000 PM
6555.0,Normal user enters the Provvidenza Figli page,31-OCT-24 06.37.03.961000 PM
,Dettaglio elenco Cedolini e CU disponibili al download,09-OCT-24 02.30.40.897000 PM
,Download PDF dalla sezione Cedolini,24-OCT-24 10.11.15.433000 PM
,Download PDF dalla sezione Cedolini,24-OCT-24 09.31.05.883000 PM
,Download PDF dalla sezione Cedolini,20-OCT-24 08.37.21.313000 AM
6000.0,Normal user assign new grade for the child while creating a request,04-OCT-24 09.58.50.105000 PM
6245.0,Normal user enters the Provvidenza Figli page,03-OCT-24 02.56.52.046000 PM
5611.0,Normal user enters the Provvidenza Figli page,03-OCT-24 02.55.12.405000 PM
6813.0,HR/Normal user tries to update the answer,03-OCT-24 02.55.09.854000 PM
7059.0,HR/Normal user tries to update the answer,10-OCT-24 02.47.53.258000 PM
,Download PDF dalla sezione Cedolini,30-OCT-24 01.10.30.797000 PM
17365.0,Recupero dettagliutente per Scelta Welfare,29-OCT-24 11.52.22.876000 AM
6598.0,Normal user enters the Provvidenza Figli page,10-OCT-24 02.50.33.413000 PM
6385.0,HR/Normal user tries to update the answer,29-OCT-24 11.38.50.694000 AM
,Dettaglio elenco Cedolini e CU disponibili al download,30-OCT-24 01.35.41.211000 PM
13001109.0,Normal user update grade for a child,03-OCT-24 10.13.15.791000 PM
5658.0,Normal user enters the Provvidenza Figli page,03-OCT-24 03.26.42.801000 PM
6400.0,HR/Normal user tries to update the answer,03-OCT-24 03.39.46.638000 PM
17365.0,Recupero dettagliutente per Scelta Welfare,29-OCT-24 11.52.25.508000 AM
,Download PDF dalla sezione Cedolini,29-OCT-24 12.05.38.721000 PM
,Download PDF dalla sezione Cedolini,22-OCT-24 09.42.48.041000 AM
,Dettaglio elenco Cedolini e CU disponibili al download,21-OCT-24 05.13.23.332000 PM
15600.0,Normal user enters the Provvidenza Figli page,03-OCT-24 10.04.34.768000 PM
13001109.0,Normal user enters the Provvidenza Figli page,03-OCT-24 10.13.09.207000 PM
17987.0,HR/Normal user tries to update the answer,03-OCT-24 03.24.53.622000 PM
,Dettaglio elenco Cedolini e CU disponibili al download,29-OCT-24 11.17.57.843000 AM
15600.0,HR/Normal user tries to update the answer,03-OCT-24 10.08.30.689000 PM
5366.0,Normal user enters the Provvidenza Figli page,21-OCT-24 01.12.50.119000 PM
,Download PDF dalla sezione Cedolini,31-OCT-24 10.16.56.202000 AM
,Dettaglio elenco Cedolini e CU disponibili al download,31-OCT-24 10.55.58.455000 AM
,Dettaglio elenco Cedolini e CU disponibili al download,21-OCT-24 08.54.41.995000 AM
13001109.0,Normal user enters the Provvidenza Figli page,03-OCT-24 10.08.47.096000 PM
13001109.0,Normal / HR user updates the answer,03-OCT-24 10.19.39.738000 PM
7626.0,HR/Normal user tries to update the answer,21-OCT-24 02.11.29.170000 PM
7081.0,Verifica possibilità di accesso a fondo pensione per Scelta Welfare,29-OCT-24 12.05.44.941000 PM
,Download PDF dalla sezione Cedolini,21-OCT-24 02.27.16.938000 PM
,Dettaglio elenco Cedolini e CU disponibili al download,31-OCT-24 10.28.40.550000 AM
,Download PDF dalla sezione Cedolini,31-OCT-24 10.35.59.101000 AM
5836.0,Normal user enters the Provvidenza Figli page,11-OCT-24 04.06.34.250000 PM
,Dettaglio elenco Cedolini e CU disponibili al download,22-OCT-24 11.34.42.388000 AM
5972.0,HR/Normal user tries to update the answer,03-OCT-24 09.54.20.706000 PM
13002734.0,Verifica possibilità di accesso a fondo pensione per Scelta Welfare,23-OCT-24 11.37.32.051000 AM
7150.0,HR/Normal user tries to update the answer,07-OCT-24 07.53.45.387000 AM
5339.0,HR/Normal user tries to update the answer,07-OCT-24 06.38.08.548000 PM
15872.0,Normal user enters the Provvidenza Figli page,09-OCT-24 09.59.01.485000 AM
5664.0,HR/Normal user tries to update the answer,23-OCT-24 11.33.30.977000 AM
,Dettaglio elenco Cedolini e CU disponibili al download,11-OCT-24 04.09.25.788000 PM
7043.0,Verifica possibilità di accesso a fondo pensione per Scelta Welfare,31-OCT-24 10.56.42.828000 AM
15872.0,Normal user enters the Provvidenza Figli page,09-OCT-24 09.59.28.693000 AM
6358.0,HR/Normal user tries to update the answer,11-OCT-24 03.41.34.151000 PM
5366.0,Normal user assign new grade for the child while creating a request,21-OCT-24 01.12.51.867000 PM
5724.0,Dettaglio elenco Cedolini e CU disponibili al download,31-OCT-24 10.03.43.824000 AM
5812.0,HR/Normal user tries to update the answer,03-OCT-24 04.27.28.345000 PM
7147.0,Normal / HR user updates the answer,03-OCT-24 04.30.42.136000 PM
8730.0,HR/Normal user tries to update the answer,18-OCT-24 02.09.59.459000 PM
9652.0,Normal user tries to create new Provvidenza request for a child,03-OCT-24 04.14.41.855000 PM
5836.0,Normal user enters the Provvidenza Figli page,11-OCT-24 04.03.03.635000 PM
5197.0,HR/Normal user tries to update the answer,03-OCT-24 04.28.16.979000 PM
5724.0,Download PDF dalla sezione Cedolini,31-OCT-24 10.03.57.418000 AM
13002608.0,HR/Normal user tries to update the answer,03-OCT-24 04.54.40.012000 PM
6233.0,Normal user enters the Provvidenza Figli page,03-OCT-24 04.25.41.485000 PM
7173.0,Normal user tries to create new Provvidenza request for a child,03-OCT-24 04.26.28.830000 PM
5630.0,HR/Normal user tries to update the answer,03-OCT-24 04.32.36.015000 PM
15635.0,Normal user tries to create new Provvidenza request for a child,03-OCT-24 04.20.07.153000 PM
,Download PDF dalla sezione Cedolini,24-OCT-24 02.34.34.496000 PM
5643.0,Normal user enters the Provvidenza Figli page,03-OCT-24 04.18.17.478000 PM
,Dettaglio elenco Cedolini e CU disponibili al download,11-OCT-24 10.42.58.902000 AM
8136.0,HR/Normal user tries to update the answer,03-OCT-24 04.36.13.197000 PM
7071.0,Normal user enters the Provvidenza Figli page,03-OCT-24 04.25.25.120000 PM
6621.0,Normal user assign new grade for the child while creating a request,03-OCT-24 04.23.49.228000 PM
8055.0,HR/Normal user tries to update the answer,03-OCT-24 04.13.57.015000 PM
,Dettaglio elenco Cedolini e CU disponibili al download,24-OCT-24 08.08.29.587000 AM
6513.0,Normal user enters the Provvidenza Figli page,03-OCT-24 04.29.39.634000 PM
,Download PDF dalla sezione Cedolini,11-OCT-24 04.09.28.219000 PM
,Lettura e accettazione dell'accordo di smartworking,03-OCT-24 04.37.44.870000 PM
6358.0,Normal user tries to create new Provvidenza request for a child,11-OCT-24 03.41.00.948000 PM
6872.0,HR/Normal user tries to update the answer,11-OCT-24 04.17.17.780000 PM
6641.0,Normal / HR user updates the answer,03-OCT-24 04.52.44.869000 PM
7071.0,Normal user enters the Provvidenza Figli page,03-OCT-24 04.24.20.038000 PM
18000.0,Normal user enters the Provvidenza Figli page,09-OCT-24 10.49.57.287000 AM
6925.0,Dettaglio elenco Cedolini e CU disponibili al download,03-OCT-24 04.22.24.565000 PM
6104.0,Verifica possibilità di accesso a fondo pensione per Scelta Welfare,31-OCT-24 01.24.20.560000 PM
6233.0,Normal user assign new grade for the child while creating a request,03-OCT-24 04.25.21.308000 PM
13002682.0,Verifica possibilità di accesso a fondo pensione per Scelta Welfare,11-OCT-24 11.07.09.444000 AM
7269.0,HR/Normal user tries to update the answer,03-OCT-24 04.19.52.588000 PM
5901.0,Verifica possibilità di accesso a fondo pensione per Scelta Welfare,21-OCT-24 10.20.09.199000 AM
6935.0,HR/Normal user tries to update the answer,03-OCT-24 04.12.12.573000 PM
8730.0,HR/Normal user tries to update the answer,18-OCT-24 02.10.04.112000 PM
,Dettaglio elenco Cedolini e CU disponibili al download,24-OCT-24 02.33.15.832000 PM
13002885.0,Recupero dettagliutente per Scelta Welfare,09-OCT-24 10.17.59.542000 AM
7147.0,Normal user tries to create new Provvidenza request for a child,03-OCT-24 04.28.52.036000 PM
7726.0,Normal / HR user updates the answer,03-OCT-24 04.42.12.332000 PM
5701.0,HR/Normal user tries to update the answer,03-OCT-24 04.42.17.490000 PM
5552.0,Normal user enters the Provvidenza Figli page,21-OCT-24 10.05.48.015000 AM
5926.0,HR/Normal user tries to update the answer,10-OCT-24 09.30.23.096000 AM
,Dettaglio elenco Cedolini e CU disponibili al download,29-OCT-24 02.24.59.190000 PM
8098.0,HR/Normal user tries to update the answer,03-OCT-24 04.47.18.435000 PM
5197.0,HR/Normal user tries to update the answer,03-OCT-24 04.27.06.900000 PM
5366.0,HR/Normal user tries to update the answer,21-OCT-24 01.13.20.493000 PM
,Dettaglio elenco Cedolini e CU disponibili al download,01-OCT-24 02.42.54.137000 PM
13002975.0,HR/Normal user tries to update the answer,22-OCT-24 08.34.23.630000 AM
6621.0,Normal user assign new grade for the child while creating a request,03-OCT-24 04.22.11.683000 PM
15457.0,HR/Normal user tries to update the answer,03-OCT-24 04.43.25.862000 PM
13002570.0,Normal user enters the Provvidenza Figli page,17-OCT-24 12.28.23.015000 PM
11418.0,Normal user tries to create new Provvidenza request for a child,15-OCT-24 09.55.24.994000 PM
,Dettaglio elenco Cedolini e CU disponibili al download,25-OCT-24 06.01.34.650000 PM
7375.0,Normal user enters the Provvidenza Figli page,03-OCT-24 05.32.08.062000 PM
9966.0,HR/Normal user tries to update the answer,03-OCT-24 05.43.51.821000 PM
,Dettaglio elenco Cedolini e CU disponibili al download,24-OCT-24 11.44.13.441000 AM
,Dettaglio elenco Cedolini e CU disponibili al download,16-OCT-24 11.28.18.337000 AM
,Download PDF dalla sezione Cedolini,03-OCT-24 05.26.02.131000 PM
6855.0,Normal user enters the Provvidenza Figli page,03-OCT-24 05.42.21.451000 PM
,Lettura e accettazione dell'accordo di smartworking,14-OCT-24 04.29.26.277000 PM
13002975.0,Recupero dettagliutente per Scelta Welfare,14-OCT-24 11.56.01.098000 AM
13002843.0,HR/Normal user tries to update the answer,30-OCT-24 03.37.11.686000 PM
,Dettaglio elenco Cedolini e CU disponibili al download,03-OCT-24 05.32.10.132000 PM
6199.0,Normal user enters the Provvidenza Figli page,14-OCT-24 11.48.08.324000 AM
9966.0,Normal user enters the Provvidenza Figli page,03-OCT-24 05.44.16.076000 PM
5533.0,HR/Normal user tries to update the answer,08-OCT-24 05.12.43.388000 PM
6163.0,HR/Normal user tries to update the answer,04-OCT-24 06.51.34.049000 PM
13002975.0,HR/Normal user tries to update the answer,22-OCT-24 08.32.43.441000 AM
,Download PDF dalla sezione Cedolini,01-OCT-24 06.04.20.717000 PM
,Dettaglio elenco Cedolini e CU disponibili al download,04-OCT-24 05.36.06.625000 PM
6163.0,Normal user tries to create new Provvidenza request for a child,04-OCT-24 06.50.38.552000 PM
13002929.0,Recupero dettagliutente per Scelta Welfare,03-OCT-24 11.23.43.778000 AM
6163.0,HR/Normal user tries to update the answer,04-OCT-24 06.51.03.646000 PM
5817.0,HR/Normal user tries to update the answer,03-OCT-24 05.49.22.951000 PM
6161.0,HR/Normal user tries to update the answer,04-OCT-24 05.26.13.120000 PM
,Dettaglio elenco Cedolini e CU disponibili al download,03-OCT-24 11.37.57.158000 AM
,Dettaglio elenco Cedolini e CU disponibili al download,14-OCT-24 11.56.34.063000 AM
5738.0,Normal user enters the Provvidenza Figli page,04-OCT-24 04.29.07.571000 PM
,Dettaglio elenco Cedolini e CU disponibili al download,02-OCT-24 03.32.17.982000 PM
8264.0,Normal user tries to create new Provvidenza request for a child,03-OCT-24 05.43.35.142000 PM
5771.0,HR/Normal user tries to update the answer,04-OCT-24 06.39.24.080000 PM
5738.0,HR/Normal user tries to update the answer,04-OCT-24 04.30.14.212000 PM
8163.0,HR/Normal user tries to update the answer,08-OCT-24 05.09.41.107000 PM
5817.0,HR/Normal user tries to update the answer,03-OCT-24 05.47.35.447000 PM
6188.0,HR/Normal user tries to update the answer,04-OCT-24 05.22.36.405000 PM
5712.0,Normal user update grade for a child,03-OCT-24 05.34.24.809000 PM
8264.0,Normal user enters the Provvidenza Figli page,03-OCT-24 05.44.22.479000 PM
,Download PDF dalla sezione Cedolini,01-OCT-24 06.03.48.491000 PM
6316.0,HR/Normal user tries to update the answer,08-OCT-24 08.29.48.213000 AM
5738.0,Normal user enters the Provvidenza Figli page,04-OCT-24 04.30.33.419000 PM
7375.0,HR/Normal user tries to update the answer,03-OCT-24 05.31.20.298000 PM
,Dettaglio elenco Cedolini e CU disponibili al download,23-OCT-24 09.24.41.356000 AM
,Dettaglio elenco Cedolini e CU disponibili al download,08-OCT-24 09.01.40.109000 AM
,Download PDF dalla sezione Cedolini,04-OCT-24 05.40.01.968000 PM
,Dettaglio elenco Cedolini e CU disponibili al download,08-OCT-24 04.27.34.293000 PM
6161.0,HR/Normal user tries to update the answer,04-OCT-24 05.26.18.177000 PM
13002682.0,Recupero dettagli utente per invio adesione Fondo Nazionale,03-OCT-24 11.13.53.134000 AM
13002729.0,Normal user enters the Provvidenza Figli page,16-OCT-24 10.52.57.935000 AM
,Download PDF dalla sezione Cedolini,23-OCT-24 10.32.31.700000 AM
,Download PDF dalla sezione Cedolini,23-OCT-24 10.32.16.850000 AM
13002729.0,Normal user tries to create new Provvidenza request for a child,16-OCT-24 10.53.03.594000 AM
13002729.0,HR/Normal user tries to update the answer,16-OCT-24 10.53.31.270000 AM
13002729.0,HR tried to update grade,16-OCT-24 10.53.08.226000 AM
,Dettaglio elenco Cedolini e CU disponibili al download,28-OCT-24 04.11.33.763000 PM
6199.0,HR user tries to load Funzioni Batch,28-OCT-24 03.59.24.727000 PM
,Dettaglio elenco Cedolini e CU disponibili al download,14-OCT-24 05.15.08.766000 PM
,Dettaglio elenco Cedolini e CU disponibili al download,28-OCT-24 04.24.29.234000 PM
,Download PDF dalla sezione Cedolini,01-OCT-24 08.45.32.482000 AM
,Dettaglio elenco Cedolini e CU disponibili al download,01-OCT-24 12.31.26.058000 AM
,Download PDF dalla sezione Cedolini,23-OCT-24 10.13.18.079000 AM
,Download PDF dalla sezione Cedolini,23-OCT-24 10.32.29.058000 AM
13002733.0,Normal user enters the Provvidenza Figli page,01-OCT-24 08.31.48.945000 AM
5926.0,HR/Normal user tries to update the answer,10-OCT-24 09.30.26.711000 AM
,Dettaglio elenco Cedolini e CU disponibili al download,28-OCT-24 04.14.17.586000 PM
,Dettaglio elenco Cedolini e CU disponibili al download,28-OCT-24 05.01.46.114000 PM
13000325.0,Verifica possibilità di accesso a fondo pensione per Scelta Welfare,28-OCT-24 04.13.01.691000 PM
13001387.0,Recupero dettagliutente per Scelta Welfare,28-OCT-24 04.11.08.718000 PM
,Download PDF dalla sezione Cedolini,23-OCT-24 02.32.34.936000 PM
,Dettaglio elenco Cedolini e CU disponibili al download,28-OCT-24 04.10.19.630000 PM
,Download PDF dalla sezione Cedolini,23-OCT-24 10.32.11.557000 AM
,Dettaglio elenco Cedolini e CU disponibili al download,29-OCT-24 12.54.19.842000 PM
,Download PDF dalla sezione Cedolini,28-OCT-24 04.38.51.986000 PM
13000120.0,Recupero dettagliutente per Scelta Welfare,28-OCT-24 04.40.04.257000 PM
,Download PDF dalla sezione Cedolini,01-OCT-24 09.27.54.288000 AM
6199.0,HR user enters the Change Tipo Provvidenza  configuration,28-OCT-24 03.59.29.675000 PM
,Download PDF dalla sezione Cedolini,14-OCT-24 10.39.14.953000 AM
15576.0,Normal user enters the Provvidenza Figli page,28-OCT-24 04.24.44.952000 PM
6165.0,Recupero dettagli utente per invio adesione Fondo Nazionale,29-OCT-24 04.58.41.969000 PM
6913.0,Recupero dettagliutente per Scelta Welfare,25-OCT-24 12.19.47.422000 PM
5183.0,Verifica possibilità di accesso a fondo pensione per Scelta Welfare,23-OCT-24 03.48.50.932000 PM
,Download PDF dalla sezione Cedolini,21-OCT-24 03.22.30.762000 PM
15872.0,HR/Normal user tries to update the answer,09-OCT-24 09.58.30.510000 AM
7563.0,Normal user assign new grade for the child while creating a request,21-OCT-24 02.40.10.370000 PM
,Download PDF dalla sezione Cedolini,25-OCT-24 08.41.59.445000 AM
13001545.0,Verifica possibilità di accesso a fondo pensione per Scelta Welfare,29-OCT-24 12.57.02.025000 PM
13001313.0,Normal user tries to create new Provvidenza request for a child,25-OCT-24 09.15.13.554000 AM
,Download PDF dalla sezione Cedolini,24-OCT-24 05.51.34.599000 PM
,Download PDF dalla sezione Cedolini,01-OCT-24 09.22.21.450000 AM
,Dettaglio elenco Cedolini e CU disponibili al download,24-OCT-24 05.49.14.738000 PM
,Download PDF dalla sezione Cedolini,23-OCT-24 10.33.57.866000 AM
13002973.0,Normal user enters the Provvidenza Figli page,28-OCT-24 04.16.08.041000 PM
18291.0,HR/Normal user tries to update the answer,09-OCT-24 06.40.30.723000 AM
,Dettaglio elenco Cedolini e CU disponibili al download,09-OCT-24 08.59.20.491000 AM
13002974.0,Normal user enters the Provvidenza Figli page,21-OCT-24 03.32.46.325000 PM
16983.0,Normal user enters the Provvidenza Figli page,21-OCT-24 02.58.30.085000 PM
13002717.0,Normal user enters the Provvidenza Figli page,01-OCT-24 11.20.01.274000 AM
5727.0,HR/Normal user tries to update the answer,09-OCT-24 08.04.22.839000 AM
5809.0,Normal user assign new grade for the child while creating a request,14-OCT-24 09.00.35.646000 AM
,Dettaglio elenco Cedolini e CU disponibili al download,21-OCT-24 08.56.54.022000 AM
5809.0,HR/Normal user tries to update the answer,14-OCT-24 09.02.01.381000 AM
,Download PDF dalla sezione Cedolini,25-OCT-24 07.47.55.294000 AM
,Dettaglio elenco Cedolini e CU disponibili al download,24-OCT-24 06.01.36.141000 PM
,Download PDF dalla sezione Cedolini,07-OCT-24 02.28.29.157000 PM
7684.0,HR/Normal user tries to update the answer,21-OCT-24 08.57.33.699000 AM
7684.0,HR/Normal user tries to update the answer,21-OCT-24 08.57.36.609000 AM
,Dettaglio elenco Cedolini e CU disponibili al download,25-OCT-24 08.23.33.572000 AM
,Download PDF dalla sezione Cedolini,25-OCT-24 12.12.38.353000 PM
16983.0,Verifica possibilità di accesso a fondo pensione per Scelta Welfare,21-OCT-24 02.58.34.292000 PM
8016.0,Dettaglio elenco Cedolini e CU disponibili al download,25-OCT-24 08.14.48.204000 AM
,Download PDF dalla sezione Cedolini,30-OCT-24 03.03.44.611000 PM
6199.0,HR user update the status from Back office,10-OCT-24 05.24.29.477000 PM
13001831.0,Normal user enters the Provvidenza Figli page,21-OCT-24 08.49.46.743000 AM
,Download PDF dalla sezione Cedolini,25-OCT-24 08.14.07.209000 AM
,Download PDF dalla sezione Cedolini,24-OCT-24 06.46.12.279000 PM
,Download PDF dalla sezione Cedolini,25-OCT-24 08.13.26.543000 AM
13002735.0,Recupero dettagli utente per invio adesione Fondo Nazionale,10-OCT-24 05.01.55.938000 PM
6006.0,Normal user enters the Provvidenza Figli page,03-OCT-24 01.46.32.613000 PM
13001862.0,Normal / HR user updates the answer,03-OCT-24 01.34.54.873000 PM
7243.0,Normal / HR user updates the answer,03-OCT-24 01.24.21.900000 PM
8019.0,HR/Normal user tries to update the answer,03-OCT-24 01.28.50.323000 PM
5834.0,Normal user enters the Provvidenza Figli page,03-OCT-24 01.31.53.470000 PM
7124.0,Normal user enters the Provvidenza Figli page,03-OCT-24 01.24.26.361000 PM
8040.0,Normal user enters the Provvidenza Figli page,03-OCT-24 01.55.06.774000 PM
9097.0,Normal user enters the Provvidenza Figli page,03-OCT-24 01.58.07.887000 PM
7193.0,Normal user enters the Provvidenza Figli page,03-OCT-24 02.35.42.091000 PM
7199.0,HR/Normal user tries to update the answer,03-OCT-24 01.29.34.505000 PM
7949.0,HR/Normal user tries to update the answer,03-OCT-24 01.34.18.867000 PM
,Dettaglio elenco Cedolini e CU disponibili al download,03-OCT-24 02.09.45.062000 PM
,Download PDF dalla sezione Cedolini,25-OCT-24 11.24.38.341000 AM
8028.0,Normal user enters the Provvidenza Figli page,03-OCT-24 02.27.58.590000 PM
13000484.0,Normal user assign new grade for the child while creating a request,03-OCT-24 02.15.36.427000 PM
6850.0,HR/Normal user tries to update the answer,03-OCT-24 01.27.18.569000 PM
7637.0,Dettaglio elenco Cedolini e CU disponibili al download,03-OCT-24 01.27.01.435000 PM
5977.0,Normal user enters the Provvidenza Figli page,03-OCT-24 01.34.55.086000 PM
16895.0,HR/Normal user tries to update the answer,03-OCT-24 01.22.41.109000 PM
7034.0,Normal user tries to create new Provvidenza request for a child,03-OCT-24 02.09.14.369000 PM
,Dettaglio elenco Cedolini e CU disponibili al download,03-OCT-24 02.30.19.072000 PM
16805.0,HR/Normal user tries to update the answer,03-OCT-24 01.41.10.740000 PM
,Download PDF dalla sezione Cedolini,25-OCT-24 11.21.45.794000 AM
6243.0,Download PDF dalla sezione Cedolini,03-OCT-24 02.14.57.951000 PM
5704.0,HR/Normal user tries to update the answer,03-OCT-24 01.28.03.124000 PM
7606.0,Dettaglio elenco Cedolini e CU disponibili al download,03-OCT-24 01.29.02.055000 PM
5755.0,Normal user tries to create new Provvidenza request for a child,03-OCT-24 01.29.03.880000 PM
6692.0,Normal user enters the Provvidenza Figli page,03-OCT-24 01.36.34.487000 PM
5846.0,Normal user assign new grade for the child while creating a request,03-OCT-24 02.24.29.897000 PM
,Dettaglio elenco Cedolini e CU disponibili al download,25-OCT-24 08.11.40.357000 AM
6823.0,HR/Normal user tries to update the answer,03-OCT-24 02.28.47.730000 PM
6151.0,Normal user tries to create new Provvidenza request for a child,25-OCT-24 11.51.27.456000 AM
,Dettaglio elenco Cedolini e CU disponibili al download,25-OCT-24 11.34.11.463000 AM
7499.0,HR/Normal user tries to update the answer,03-OCT-24 02.34.48.548000 PM
5994.0,Normal / HR user updates the answer,03-OCT-24 01.46.48.582000 PM
5704.0,Normal user enters the Provvidenza Figli page,03-OCT-24 01.28.59.819000 PM
7949.0,HR/Normal user tries to update the answer,03-OCT-24 01.35.52.567000 PM
7207.0,Normal user enters the Provvidenza Figli page,03-OCT-24 01.24.55.191000 PM
6736.0,HR/Normal user tries to update the answer,03-OCT-24 02.07.51.023000 PM
5920.0,HR/Normal user tries to update the answer,03-OCT-24 02.26.00.874000 PM
7193.0,Normal user tries to create new Provvidenza request for a child,03-OCT-24 02.36.08.587000 PM
13000916.0,Normal user enters the Provvidenza Figli page,07-OCT-24 08.45.34.392000 PM
7615.0,Normal / HR user updates the answer,03-OCT-24 01.24.59.116000 PM
,Download PDF dalla sezione Cedolini,25-OCT-24 11.54.57.046000 AM
7949.0,HR/Normal user tries to update the answer,03-OCT-24 01.35.47.041000 PM
,Dettaglio elenco Cedolini e CU disponibili al download,03-OCT-24 02.16.09.279000 PM
5622.0,HR/Normal user tries to update the answer,17-OCT-24 08.12.07.585000 AM
5978.0,HR/Normal user tries to update the answer,03-OCT-24 02.07.52.031000 PM
6149.0,Normal user assign new grade for the child while creating a request,03-OCT-24 02.37.25.991000 PM
8708.0,Recupero dettagliutente per Scelta Welfare,29-OCT-24 10.45.30.310000 AM
5575.0,Normal user update grade for a child,03-OCT-24 01.45.12.601000 PM
8019.0,HR/Normal user tries to update the answer,03-OCT-24 01.29.07.172000 PM
5957.0,HR/Normal user tries to update the answer,03-OCT-24 01.37.32.034000 PM
5562.0,Normal user assign new grade for the child while creating a request,03-OCT-24 01.28.43.859000 PM
6113.0,HR/Normal user tries to update the answer,03-OCT-24 02.24.36.684000 PM
9223.0,Normal user assign new grade for the child while creating a request,03-OCT-24 02.04.50.734000 PM
6621.0,HR/Normal user tries to update the answer,03-OCT-24 04.24.13.144000 PM
7200.0,Normal / HR user updates the answer,03-OCT-24 01.26.13.314000 PM
7989.0,HR/Normal user tries to update the answer,03-OCT-24 02.28.47.687000 PM
6001.0,Normal user assign new grade for the child while creating a request,17-OCT-24 02.06.13.884000 PM
8019.0,HR/Normal user tries to update the answer,03-OCT-24 01.30.07.063000 PM
6736.0,Normal user assign new grade for the child while creating a request,03-OCT-24 02.07.38.811000 PM
7040.0,Normal user tries to create new Provvidenza request for a child,03-OCT-24 02.04.50.780000 PM
6708.0,HR/Normal user tries to update the answer,03-OCT-24 01.27.34.141000 PM
,Download PDF dalla sezione Cedolini,15-OCT-24 07.17.51.518000 PM
5875.0,HR/Normal user tries to update the answer,03-OCT-24 01.47.33.418000 PM
7331.0,HR/Normal user tries to update the answer,03-OCT-24 02.04.57.207000 PM
6559.0,HR/Normal user tries to update the answer,03-OCT-24 02.03.39.989000 PM
7662.0,HR/Normal user tries to update the answer,03-OCT-24 02.01.06.552000 PM
6179.0,HR tried to update grade,03-OCT-24 01.24.36.604000 PM
8079.0,HR/Normal user tries to update the answer,03-OCT-24 02.23.42.595000 PM
6226.0,HR/Normal user tries to update the answer,03-OCT-24 02.37.38.236000 PM
6182.0,HR/Normal user tries to update the answer,03-OCT-24 01.27.29.547000 PM
,Download PDF dalla sezione Cedolini,25-OCT-24 11.43.48.892000 AM
5336.0,Normal user enters the Provvidenza Figli page,03-OCT-24 02.35.59.420000 PM
5840.0,Normal user assign new grade for the child while creating a request,03-OCT-24 02.19.29.047000 PM
5294.0,Normal user enters the Provvidenza Figli page,03-OCT-24 02.34.50.024000 PM
7499.0,HR/Normal user tries to update the answer,03-OCT-24 02.34.40.718000 PM
7718.0,Normal user assign new grade for the child while creating a request,03-OCT-24 02.12.42.244000 PM
5409.0,Verifica possibilità di accesso a fondo pensione per Scelta Welfare,03-OCT-24 02.00.19.153000 PM
5185.0,Normal user enters the Provvidenza Figli page,03-OCT-24 02.19.26.525000 PM
19217.0,HR/Normal user tries to update the answer,03-OCT-24 02.28.42.776000 PM
5975.0,Normal user enters the Provvidenza Figli page,03-OCT-24 01.58.59.114000 PM
7636.0,Normal user enters the Provvidenza Figli page,03-OCT-24 01.23.08.165000 PM
,Download PDF dalla sezione Cedolini,25-OCT-24 07.58.46.786000 AM
17119.0,Normal user enters the Provvidenza Figli page,03-OCT-24 02.06.19.545000 PM
5409.0,Normal user tries to create new Provvidenza request for a child,03-OCT-24 01.59.30.770000 PM
5273.0,HR/Normal user tries to update the answer,03-OCT-24 04.14.12.932000 PM
6047.0,Normal user enters the Provvidenza Figli page,10-OCT-24 04.16.05.196000 PM
5975.0,HR/Normal user tries to update the answer,03-OCT-24 01.58.13.771000 PM
8049.0,Normal user enters the Provvidenza Figli page,03-OCT-24 02.33.16.465000 PM
13001231.0,Normal user assign new grade for the child while creating a request,03-OCT-24 01.40.00.805000 PM
5302.0,Normal user assign new grade for the child while creating a request,03-OCT-24 01.25.28.411000 PM
,Dettaglio elenco Cedolini e CU disponibili al download,25-OCT-24 12.40.19.164000 PM
5639.0,HR/Normal user tries to update the answer,03-OCT-24 02.13.47.594000 PM
13000322.0,Normal user enters the Provvidenza Figli page,03-OCT-24 01.42.02.741000 PM
,Dettaglio elenco Cedolini e CU disponibili al download,03-OCT-24 02.08.35.678000 PM
6827.0,HR/Normal user tries to update the answer,03-OCT-24 01.55.38.731000 PM
5484.0,HR/Normal user tries to update the answer,03-OCT-24 02.22.10.467000 PM
6645.0,HR/Normal user tries to update the answer,03-OCT-24 02.32.21.681000 PM
6009.0,HR/Normal user tries to update the answer,03-OCT-24 02.36.09.127000 PM
,Dettaglio elenco Cedolini e CU disponibili al download,03-OCT-24 01.56.56.195000 PM
6827.0,Normal user enters the Provvidenza Figli page,03-OCT-24 01.54.17.337000 PM
6206.0,Normal user enters the Provvidenza Figli page,03-OCT-24 01.26.32.264000 PM
5775.0,HR/Normal user tries to update the answer,03-OCT-24 02.19.58.684000 PM
,Dettaglio elenco Cedolini e CU disponibili al download,03-OCT-24 02.09.25.646000 PM
5589.0,Normal user enters the Provvidenza Figli page,03-OCT-24 02.28.51.470000 PM
6258.0,Normal user tries to create new Provvidenza request for a child,03-OCT-24 01.22.57.922000 PM
5683.0,HR/Normal user tries to update the answer,15-OCT-24 10.35.33.534000 AM
8042.0,Normal user tries to create new Provvidenza request for a child,03-OCT-24 02.14.23.341000 PM
7237.0,Normal user tries to create new Provvidenza request for a child,03-OCT-24 01.46.37.458000 PM
8866.0,HR/Normal user tries to update the answer,03-OCT-24 02.02.09.493000 PM
13001231.0,HR/Normal user tries to update the answer,03-OCT-24 01.40.13.052000 PM
,Download PDF dalla sezione Cedolini,10-OCT-24 05.38.27.635000 PM
5855.0,HR/Normal user tries to update the answer,03-OCT-24 02.10.21.896000 PM
6104.0,Normal user enters the Provvidenza Figli page,03-OCT-24 02.27.55.146000 PM
6131.0,Normal user enters the Provvidenza Figli page,03-OCT-24 01.42.00.876000 PM
6246.0,HR/Normal user tries to update the answer,03-OCT-24 01.54.02.105000 PM
5884.0,Normal user enters the Provvidenza Figli page,03-OCT-24 01.53.23.517000 PM
5622.0,HR/Normal user tries to update the answer,17-OCT-24 08.11.03.457000 AM
,Download PDF dalla sezione Cedolini,17-OCT-24 05.48.28.813000 PM
5869.0,HR/Normal user tries to update the answer,03-OCT-24 02.32.38.318000 PM
5755.0,HR/Normal user tries to update the answer,03-OCT-24 01.28.35.316000 PM
6199.0,HR user enters the Change Tipo Provvidenza  configuration,01-OCT-24 10.54.49.273000 AM
17648.0,HR/Normal user tries to update the answer,03-OCT-24 02.03.52.154000 PM
7199.0,HR/Normal user tries to update the answer,03-OCT-24 01.29.23.298000 PM
5689.0,Normal user tries to create new Provvidenza request for a child,03-OCT-24 02.15.00.513000 PM
6578.0,HR/Normal user tries to update the answer,03-OCT-24 02.13.01.837000 PM
5994.0,HR/Normal user tries to update the answer,03-OCT-24 01.45.14.532000 PM
7207.0,HR/Normal user tries to update the answer,03-OCT-24 01.24.20.679000 PM
6182.0,HR/Normal user tries to update the answer,03-OCT-24 01.27.37.804000 PM
7637.0,Download PDF dalla sezione Cedolini,03-OCT-24 01.27.11.630000 PM
6104.0,HR/Normal user tries to update the answer,03-OCT-24 02.27.42.277000 PM
6136.0,HR/Normal user tries to update the answer,03-OCT-24 01.29.26.954000 PM
7199.0,Normal user enters the Provvidenza Figli page,03-OCT-24 01.29.43.588000 PM
9473.0,Normal user enters the Provvidenza Figli page,03-OCT-24 01.25.58.110000 PM
5920.0,Normal user enters the Provvidenza Figli page,03-OCT-24 02.24.13.437000 PM
6238.0,Dettaglio elenco Cedolini e CU disponibili al download,03-OCT-24 02.10.23.918000 PM
6817.0,HR/Normal user tries to update the answer,03-OCT-24 02.05.04.668000 PM
6794.0,Normal user assign new grade for the child while creating a request,03-OCT-24 01.46.20.215000 PM
5607.0,Normal user enters the Provvidenza Figli page,08-OCT-24 10.08.39.529000 AM
5369.0,Normal user assign new grade for the child while creating a request,03-OCT-24 01.58.08.642000 PM
5927.0,Normal user update grade for a child,03-OCT-24 01.25.00.712000 PM
7207.0,Recupero dettagli utente per Scelta orario di lavoro,03-OCT-24 01.31.09.034000 PM
7212.0,HR tried to update grade,10-OCT-24 12.43.05.713000 PM
7331.0,HR/Normal user tries to update the answer,03-OCT-24 02.05.18.740000 PM
8098.0,Normal user tries to create new Provvidenza request for a child,03-OCT-24 04.46.49.809000 PM
6096.0,Normal user enters the Provvidenza Figli page,03-OCT-24 02.37.22.591000 PM
8079.0,HR/Normal user tries to update the answer,03-OCT-24 02.23.30.505000 PM
7637.0,Normal user enters the Provvidenza Figli page,03-OCT-24 01.26.01.870000 PM
7637.0,Normal user assign new grade for the child while creating a request,03-OCT-24 01.26.06.495000 PM
6135.0,Normal user enters the Provvidenza Figli page,03-OCT-24 02.35.19.581000 PM
7256.0,Normal user assign new grade for the child while creating a request,03-OCT-24 04.59.36.327000 PM
,Dettaglio elenco Cedolini e CU disponibili al download,25-OCT-24 11.38.10.354000 AM
,Download PDF dalla sezione Cedolini,25-OCT-24 11.51.54.719000 AM
5788.0,HR/Normal user tries to update the answer,03-OCT-24 01.38.00.586000 PM
7876.0,HR/Normal user tries to update the answer,03-OCT-24 01.51.11.264000 PM
6787.0,HR/Normal user tries to update the answer,03-OCT-24 01.43.52.767000 PM
,Download PDF dalla sezione Cedolini,25-OCT-24 11.46.32.386000 AM
6578.0,HR/Normal user tries to update the answer,03-OCT-24 02.13.12.368000 PM
,Dettaglio elenco Cedolini e CU disponibili al download,25-OCT-24 11.45.25.909000 AM
7743.0,HR/Normal user tries to update the answer,08-OCT-24 10.33.27.315000 AM
7200.0,Normal user assign new grade for the child while creating a request,03-OCT-24 01.25.52.150000 PM
7124.0,HR/Normal user tries to update the answer,03-OCT-24 01.22.39.211000 PM
5760.0,HR/Normal user tries to update the answer,03-OCT-24 01.34.57.882000 PM
5472.0,HR/Normal user tries to update the answer,03-OCT-24 01.31.40.266000 PM
7099.0,Normal user tries to create new Provvidenza request for a child,03-OCT-24 01.56.16.919000 PM
7034.0,HR/Normal user tries to update the answer,03-OCT-24 02.09.21.696000 PM
7207.0,Normal user enters the Provvidenza Figli page,03-OCT-24 01.29.20.216000 PM
5855.0,Normal user enters the Provvidenza Figli page,03-OCT-24 02.10.12.692000 PM
7989.0,HR/Normal user tries to update the answer,03-OCT-24 02.29.16.745000 PM
9407.0,Normal user enters the Provvidenza Figli page,03-OCT-24 01.35.58.108000 PM
,Download PDF dalla sezione Cedolini,25-OCT-24 11.32.47.346000 AM
6006.0,Normal user tries to create new Provvidenza request for a child,03-OCT-24 01.46.37.755000 PM
,Download PDF dalla sezione Cedolini,29-OCT-24 07.50.27.758000 PM
7497.0,Recupero dettagliutente per Scelta Welfare,27-OCT-24 10.00.10.434000 PM
6243.0,Normal user tries to create new Provvidenza request for a child,03-OCT-24 02.10.49.739000 PM
6335.0,Normal user update grade for a child,11-OCT-24 07.59.14.221000 PM
5821.0,HR/Normal user tries to update the answer,03-OCT-24 02.30.25.668000 PM
5619.0,HR/Normal user tries to update the answer,03-OCT-24 02.25.17.399000 PM
13002717.0,HR/Normal user tries to update the answer,03-OCT-24 01.47.43.361000 PM
,Download PDF dalla sezione Cedolini,11-OCT-24 07.04.59.253000 PM
5918.0,HR/Normal user tries to update the answer,03-OCT-24 01.55.55.172000 PM
7331.0,HR/Normal user tries to update the answer,03-OCT-24 02.05.57.692000 PM
6080.0,Normal user update grade for a child,03-OCT-24 02.34.14.406000 PM
8866.0,Normal user enters the Provvidenza Figli page,03-OCT-24 02.01.02.169000 PM
7436.0,Normal user enters the Provvidenza Figli page,03-OCT-24 02.18.05.267000 PM
6080.0,HR/Normal user tries to update the answer,03-OCT-24 02.34.19.554000 PM
6827.0,Normal user enters the Provvidenza Figli page,03-OCT-24 01.56.33.537000 PM
6238.0,Normal user enters the Provvidenza Figli page,03-OCT-24 02.06.16.131000 PM
13000332.0,Recupero dettagli utente per Scelta orario di lavoro,01-OCT-24 09.40.34.764000 AM
13002973.0,Recupero dettagliutente per Scelta Welfare,17-OCT-24 05.32.38.886000 PM
6394.0,Normal user assign new grade for the child while creating a request,08-OCT-24 03.41.50.392000 PM
13002119.0,Recupero dettagli utente per invio adesione Fondo Nazionale,02-OCT-24 05.54.18.374000 PM
13002973.0,Recupero dettagliutente per Scelta Welfare,21-OCT-24 01.04.57.265000 PM
13002973.0,Verifica possibilità di accesso a fondo pensione per Scelta Welfare,21-OCT-24 01.04.57.282000 PM
6394.0,HR/Normal user tries to update the answer,08-OCT-24 03.42.06.051000 PM
,Dettaglio elenco Cedolini e CU disponibili al download,28-OCT-24 11.58.33.275000 AM
,Dettaglio elenco Cedolini e CU disponibili al download,28-OCT-24 11.59.11.241000 AM
7371.0,HR/Normal user tries to update the answer,18-OCT-24 03.18.47.231000 PM
7615.0,HR/Normal user tries to update the answer,03-OCT-24 01.24.52.073000 PM
,Dettaglio elenco Cedolini e CU disponibili al download,22-OCT-24 02.24.43.902000 PM
9407.0,HR/Normal user tries to update the answer,03-OCT-24 01.36.31.037000 PM
5978.0,HR/Normal user tries to update the answer,03-OCT-24 02.08.39.667000 PM
,Dettaglio elenco Cedolini e CU disponibili al download,08-OCT-24 03.11.38.394000 PM
5487.0,HR/Normal user tries to update the answer,09-OCT-24 08.57.50.204000 AM
6136.0,HR/Normal user tries to update the answer,03-OCT-24 01.28.32.343000 PM
,Download PDF dalla sezione Cedolini,28-OCT-24 12.05.17.031000 PM
5429.0,HR/Normal user tries to update the answer,03-OCT-24 02.24.20.879000 PM
6238.0,Normal user enters the Provvidenza Figli page,03-OCT-24 02.03.36.128000 PM
6895.0,Normal user tries to create new Provvidenza request for a child,08-OCT-24 11.34.02.185000 AM
6199.0,Normal user enters the Provvidenza Figli page,18-OCT-24 02.51.35.887000 PM
6335.0,HR/Normal user tries to update the answer,11-OCT-24 07.57.37.854000 PM
5821.0,HR tried to update grade,03-OCT-24 02.30.17.693000 PM
9098.0,Normal user enters the Provvidenza Figli page,03-OCT-24 01.25.39.700000 PM
7615.0,Normal user assign new grade for the child while creating a request,03-OCT-24 01.24.40.273000 PM
,Dettaglio elenco Cedolini e CU disponibili al download,09-OCT-24 09.21.37.032000 AM
6895.0,HR/Normal user tries to update the answer,08-OCT-24 11.34.25.316000 AM
7434.0,Normal / HR user updates the answer,03-OCT-24 01.16.25.605000 PM
13001175.0,HR/Normal user tries to update the answer,03-OCT-24 01.31.05.289000 PM
7492.0,Normal user update grade for a child,08-OCT-24 11.03.34.885000 AM
6224.0,Normal user enters the Provvidenza Figli page,03-OCT-24 01.14.06.202000 PM
6130.0,Dettaglio elenco Cedolini e CU disponibili al download,08-OCT-24 11.40.31.341000 AM
6258.0,HR/Normal user tries to update the answer,03-OCT-24 01.23.25.476000 PM
7742.0,Normal user enters the Provvidenza Figli page,03-OCT-24 01.18.53.828000 PM
5899.0,Normal user enters the Provvidenza Figli page,14-OCT-24 02.14.18.951000 PM
5854.0,HR/Normal user tries to update the answer,03-OCT-24 01.32.30.583000 PM
6364.0,HR/Normal user tries to update the answer,03-OCT-24 01.30.38.652000 PM
7742.0,Normal user enters the Provvidenza Figli page,03-OCT-24 01.20.44.777000 PM
9359.0,HR/Normal user tries to update the answer,03-OCT-24 01.19.39.229000 PM
6130.0,Dettaglio elenco Cedolini e CU disponibili al download,08-OCT-24 11.41.12.508000 AM
13001303.0,HR/Normal user tries to update the answer,08-OCT-24 11.20.37.071000 AM
,Dettaglio elenco Cedolini e CU disponibili al download,03-OCT-24 01.24.15.738000 PM
6195.0,Normal user enters the Provvidenza Figli page,03-OCT-24 01.21.51.955000 PM
6130.0,Download PDF dalla sezione Cedolini,08-OCT-24 11.38.17.962000 AM
5899.0,HR/Normal user tries to update the answer,14-OCT-24 02.14.00.628000 PM
6088.0,HR/Normal user tries to update the answer,03-OCT-24 01.17.54.917000 PM
5710.0,Normal user tries to create new Provvidenza request for a child,03-OCT-24 01.15.36.257000 PM
9049.0,Normal user enters the Provvidenza Figli page,09-OCT-24 09.23.04.521000 AM
7877.0,Normal user enters the Provvidenza Figli page,04-OCT-24 05.10.41.299000 PM
6161.0,HR/Normal user tries to update the answer,04-OCT-24 05.27.33.727000 PM
7877.0,Normal user enters the Provvidenza Figli page,04-OCT-24 05.09.11.567000 PM
16672.0,Recupero dettagli utente per Scelta orario di lavoro,09-OCT-24 03.28.19.121000 PM
,Download PDF dalla sezione Cedolini,29-OCT-24 11.07.33.646000 AM
13000782.0,Recupero dettagliutente per Scelta Welfare,25-OCT-24 12.01.58.085000 AM
,Download PDF dalla sezione Cedolini,29-OCT-24 11.40.07.213000 AM
,Dettaglio elenco Cedolini e CU disponibili al download,01-OCT-24 03.59.28.571000 PM
,Dettaglio elenco Cedolini e CU disponibili al download,29-OCT-24 11.27.46.137000 AM
6134.0,Normal user enters the Provvidenza Figli page,09-OCT-24 04.11.14.402000 PM
6161.0,Normal user enters the Provvidenza Figli page,04-OCT-24 05.24.55.668000 PM
,Dettaglio elenco Cedolini e CU disponibili al download,24-OCT-24 09.08.11.021000 PM
7142.0,Normal user enters the Provvidenza Figli page,08-OCT-24 08.52.04.704000 PM
,Accesso alle funzionalità BackOffice di Cedolini e CU per dettaglio PDF caricati per società,24-OCT-24 05.02.08.026000 PM
5450.0,Normal / HR user updates the answer,07-OCT-24 04.23.33.414000 PM
6188.0,HR/Normal user tries to update the answer,04-OCT-24 05.21.34.051000 PM
,Dettaglio elenco Cedolini e CU disponibili al download,07-OCT-24 04.47.21.389000 PM
7044.0,Normal user enters the Provvidenza Figli page,03-OCT-24 07.36.14.075000 PM
7311.0,Normal user update grade for a child,03-OCT-24 07.16.46.901000 PM
7142.0,Normal / HR user updates the answer,08-OCT-24 08.51.39.664000 PM
18260.0,HR tried to update grade,04-OCT-24 05.50.14.858000 PM
,Dettaglio elenco Cedolini e CU disponibili al download,24-OCT-24 05.06.24.975000 PM
,Accesso alle funzionalità BackOffice di Cedolini e CU per dettaglio PDF caricati per società,24-OCT-24 05.05.43.566000 PM
,Dettaglio elenco Cedolini e CU disponibili al download,24-OCT-24 05.08.15.918000 PM
,Accesso alle funzionalità BackOffice di Cedolini e CU per dettaglio PDF caricati per società,24-OCT-24 04.57.15.407000 PM
13001573.0,Recupero dettagli utente per Scelta orario di lavoro,29-OCT-24 11.08.46.273000 AM
6169.0,Normal user enters the Provvidenza Figli page,04-OCT-24 05.45.43.792000 PM
6199.0,Normal user enters the Provvidenza Figli page,29-OCT-24 12.09.50.309000 PM
5899.0,HR/Normal user tries to update the answer,14-OCT-24 02.13.24.035000 PM
,Dettaglio elenco Cedolini e CU disponibili al download,24-OCT-24 08.39.42.740000 PM
13002866.0,Recupero dettagli utente per invio adesione Fondo Nazionale,03-OCT-24 05.10.34.094000 PM
6484.0,HR/Normal user tries to update the answer,08-OCT-24 08.15.03.760000 PM
7098.0,Normal user assign new grade for the child while creating a request,11-OCT-24 09.14.38.557000 AM
5985.0,Dettaglio elenco Cedolini e CU disponibili al download,22-OCT-24 09.33.40.591000 PM
,Accesso alle funzionalità BackOffice di Cedolini e CU per dettaglio PDF caricati per società,24-OCT-24 04.58.33.918000 PM
6484.0,HR/Normal user tries to update the answer,08-OCT-24 08.14.54.480000 PM
5681.0,HR/Normal user tries to update the answer,03-OCT-24 07.02.25.883000 PM
5495.0,Normal user tries to create new Provvidenza request for a child,04-OCT-24 12.28.50.400000 PM
7256.0,HR/Normal user tries to update the answer,03-OCT-24 05.03.11.732000 PM
7052.0,Normal user enters the Provvidenza Figli page,03-OCT-24 02.48.32.490000 PM
5686.0,Normal user enters the Provvidenza Figli page,03-OCT-24 02.49.38.343000 PM
7311.0,HR/Normal user tries to update the answer,03-OCT-24 07.11.26.184000 PM
,Download PDF dalla sezione Cedolini,24-OCT-24 04.59.20.233000 PM
,Download PDF dalla sezione Cedolini,04-OCT-24 12.49.56.018000 PM
13002971.0,Recupero dettagliutente per Scelta Welfare,30-OCT-24 01.20.40.430000 PM
6352.0,HR/Normal user tries to update the answer,04-OCT-24 01.13.41.541000 PM
,Dettaglio elenco Cedolini e CU disponibili al download,15-OCT-24 02.56.45.447000 PM
,Download PDF dalla sezione Cedolini,03-OCT-24 05.10.29.719000 PM
6558.0,Normal user assign new grade for the child while creating a request,03-OCT-24 05.06.51.572000 PM
,Accesso alle funzionalità BackOffice di Cedolini e CU per dettaglio PDF caricati per società,24-OCT-24 05.08.43.710000 PM
5681.0,HR/Normal user tries to update the answer,03-OCT-24 07.02.22.102000 PM
,Download PDF dalla sezione Cedolini,29-OCT-24 02.53.09.173000 PM
7311.0,Normal user assign new grade for the child while creating a request,03-OCT-24 07.12.04.770000 PM
5849.0,HR/Normal user tries to update the answer,03-OCT-24 07.21.22.794000 PM
16787.0,Recupero dettagliutente per Scelta Welfare,04-OCT-24 01.15.24.271000 PM
7998.0,Normal user tries to create new Provvidenza request for a child,03-OCT-24 05.04.34.889000 PM
,Download PDF dalla sezione Cedolini,28-OCT-24 02.09.04.920000 PM
,Download PDF dalla sezione Cedolini,28-OCT-24 08.17.45.030000 AM
5137.0,Normal / HR user updates the answer,11-OCT-24 09.02.05.100000 AM
6181.0,HR/Normal user tries to update the answer,11-OCT-24 12.23.46.498000 PM
7703.0,Normal user enters the Provvidenza Figli page,04-OCT-24 12.43.10.889000 PM
13002692.0,Recupero dettagliutente per Scelta Welfare,04-OCT-24 12.45.23.401000 PM
5681.0,HR/Normal user tries to update the answer,03-OCT-24 07.03.01.216000 PM
5592.0,HR/Normal user tries to update the answer,17-OCT-24 03.27.28.851000 PM
6529.0,HR/Normal user tries to update the answer,10-OCT-24 08.33.54.818000 AM
6122.0,Normal user enters the Provvidenza Figli page,03-OCT-24 02.56.38.419000 PM
,Download PDF dalla sezione Cedolini,10-OCT-24 09.04.38.346000 AM
8537.0,Recupero dettagli utente per Scelta orario di lavoro,11-OCT-24 12.30.36.719000 PM
16466.0,HR/Normal user tries to update the answer,03-OCT-24 03.07.19.869000 PM
7256.0,HR/Normal user tries to update the answer,03-OCT-24 05.01.57.997000 PM
,Download PDF dalla sezione Cedolini,10-OCT-24 09.06.37.816000 AM
6482.0,Normal user update grade for a child,10-OCT-24 08.52.05.184000 AM
15738.0,Verifica possibilità di accesso a fondo pensione per Scelta Welfare,15-OCT-24 03.28.25.720000 PM
7564.0,Normal user assign new grade for the child while creating a request,08-OCT-24 06.58.13.089000 AM
,Download PDF dalla sezione Cedolini,02-OCT-24 04.04.37.898000 PM
5611.0,Normal user assign new grade for the child while creating a request,03-OCT-24 02.54.15.924000 PM
7073.0,HR/Normal user tries to update the answer,04-OCT-24 11.07.19.128000 AM
5540.0,Normal user assign new grade for the child while creating a request,04-OCT-24 10.17.57.988000 AM
7810.0,Normal user enters the Provvidenza Figli page,04-OCT-24 10.20.00.853000 AM
7012.0,HR/Normal user tries to update the answer,04-OCT-24 01.27.49.649000 PM
5545.0,HR/Normal user tries to update the answer,04-OCT-24 10.23.57.804000 AM
5535.0,HR/Normal user tries to update the answer,03-OCT-24 03.02.58.708000 PM
,Dettaglio elenco Cedolini e CU disponibili al download,28-OCT-24 08.45.40.464000 AM
7107.0,Verifica possibilità di accesso a fondo pensione per Scelta Welfare,04-OCT-24 11.05.37.026000 AM
,Download PDF dalla sezione Cedolini,11-OCT-24 12.37.20.090000 PM
7468.0,Normal user enters the Provvidenza Figli page,04-OCT-24 10.31.25.727000 AM
6709.0,Normal user update grade for a child,02-OCT-24 10.40.29.102000 AM
,Download PDF dalla sezione Cedolini,01-OCT-24 09.26.07.607000 AM
,Dettaglio elenco Cedolini e CU disponibili al download,04-OCT-24 01.32.46.139000 PM
9208.0,Normal user enters the Provvidenza Figli page,03-OCT-24 02.44.06.568000 PM
,Dettaglio elenco Cedolini e CU disponibili al download,04-OCT-24 10.52.13.502000 AM
6672.0,HR/Normal user tries to update the answer,04-OCT-24 11.16.20.512000 AM
6355.0,Normal user tries to create new Provvidenza request for a child,10-OCT-24 03.55.54.854000 PM
7355.0,HR/Normal user tries to update the answer,03-OCT-24 03.09.56.518000 PM
6103.0,Normal user assign new grade for the child while creating a request,03-OCT-24 03.10.51.610000 PM
,Download PDF dalla sezione Cedolini,02-OCT-24 10.07.56.629000 AM
,Dettaglio elenco Cedolini e CU disponibili al download,28-OCT-24 02.42.32.163000 PM
,Dettaglio elenco Cedolini e CU disponibili al download,23-OCT-24 02.31.35.358000 PM
5592.0,HR/Normal user tries to update the answer,17-OCT-24 03.27.22.722000 PM
5238.0,HR/Normal user tries to update the answer,04-OCT-24 10.11.22.320000 AM
8062.0,HR/Normal user tries to update the answer,04-OCT-24 10.14.49.705000 AM
6709.0,Normal user enters the Provvidenza Figli page,02-OCT-24 04.33.42.190000 PM
7564.0,HR/Normal user tries to update the answer,08-OCT-24 06.58.27.731000 AM
6355.0,HR/Normal user tries to update the answer,10-OCT-24 03.58.32.760000 PM
,Download PDF dalla sezione Cedolini,02-OCT-24 10.27.20.421000 AM
13002608.0,Normal user assign new grade for the child while creating a request,09-OCT-24 11.24.36.739000 AM
,Dettaglio elenco Cedolini e CU disponibili al download,28-OCT-24 05.00.05.906000 PM
6355.0,Normal user enters the Provvidenza Figli page,10-OCT-24 04.01.15.724000 PM
5238.0,Normal user tries to create new Provvidenza request for a child,04-OCT-24 10.12.04.562000 AM
6355.0,Normal user enters the Provvidenza Figli page,10-OCT-24 04.00.10.246000 PM
5238.0,Normal user enters the Provvidenza Figli page,04-OCT-24 10.08.12.582000 AM
,Dettaglio elenco Cedolini e CU disponibili al download,22-OCT-24 03.20.05.477000 PM
,Dettaglio elenco Cedolini e CU disponibili al download,24-OCT-24 12.23.47.113000 PM
,Download PDF dalla sezione Cedolini,28-OCT-24 05.12.38.852000 PM
6837.0,Normal user tries to create new Provvidenza request for a child,10-OCT-24 05.02.50.104000 PM
6143.0,HR tried to update grade,17-OCT-24 04.41.02.957000 PM
7175.0,Normal user enters the Provvidenza Figli page,04-OCT-24 11.16.36.340000 AM
5182.0,Normal / HR user updates the answer,09-OCT-24 12.13.30.479000 PM
5182.0,HR/Normal user tries to update the answer,09-OCT-24 12.12.54.419000 PM
5182.0,HR/Normal user tries to update the answer,09-OCT-24 12.13.03.567000 PM
,Dettaglio elenco Cedolini e CU disponibili al download,28-OCT-24 05.12.37.070000 PM
6199.0,Normal user enters the Provvidenza Figli page,17-OCT-24 04.50.41.128000 PM
,Download PDF dalla sezione Cedolini,28-OCT-24 08.18.31.704000 PM
6947.0,Normal user enters the Provvidenza Figli page,09-OCT-24 05.27.42.798000 PM
13001883.0,Verifica possibilità di accesso a fondo pensione per Scelta Welfare,02-OCT-24 04.25.09.683000 PM
6039.0,HR/Normal user tries to update the answer,09-OCT-24 12.05.27.969000 PM
5182.0,HR/Normal user tries to update the answer,09-OCT-24 12.12.52.165000 PM
,Download PDF dalla sezione Cedolini,28-OCT-24 08.53.36.523000 AM
6979.0,Normal user enters the Provvidenza Figli page,07-OCT-24 12.58.38.766000 PM
6199.0,Normal user enters the Provvidenza Figli page,17-OCT-24 04.31.41.164000 PM
7978.0,Dettaglio elenco Cedolini e CU disponibili al download,04-OCT-24 08.18.38.926000 AM
6908.0,Normal user assign new grade for the child while creating a request,04-OCT-24 08.31.50.410000 AM
5744.0,HR tried to update grade,04-OCT-24 08.24.11.476000 AM
10864.0,Normal user enters the Provvidenza Figli page,04-OCT-24 07.53.45.389000 AM
5756.0,Normal user enters the Provvidenza Figli page,04-OCT-24 08.18.58.551000 AM
,Dettaglio elenco Cedolini e CU disponibili al download,28-OCT-24 09.10.10.446000 AM
6822.0,HR/Normal user tries to update the answer,09-OCT-24 05.00.29.966000 PM
9061.0,Normal user enters the Provvidenza Figli page,04-OCT-24 08.25.35.605000 AM
6733.0,Normal / HR user updates the answer,09-OCT-24 12.00.12.974000 PM
5636.0,Normal user assign new grade for the child while creating a request,04-OCT-24 08.18.19.975000 AM
5492.0,Normal user update grade for a child,14-OCT-24 05.24.36.315000 PM
,Download PDF dalla sezione Cedolini,28-OCT-24 09.05.02.420000 AM
,Dettaglio elenco Cedolini e CU disponibili al download,28-OCT-24 09.08.46.246000 AM
6162.0,HR/Normal user tries to update the answer,04-OCT-24 08.06.28.193000 AM
5636.0,Normal user enters the Provvidenza Figli page,04-OCT-24 08.20.12.376000 AM
,Dettaglio elenco Cedolini e CU disponibili al download,25-OCT-24 09.19.34.002000 AM
8454.0,Normal user enters the Provvidenza Figli page,04-OCT-24 07.40.23.895000 AM
,Dettaglio elenco Cedolini e CU disponibili al download,28-OCT-24 09.20.33.043000 AM
6822.0,HR/Normal user tries to update the answer,09-OCT-24 05.00.16.150000 PM
,Dettaglio elenco Cedolini e CU disponibili al download,16-OCT-24 03.44.29.673000 PM
,Dettaglio elenco Cedolini e CU disponibili al download,01-OCT-24 11.48.46.173000 AM
,Download PDF dalla sezione Cedolini,25-OCT-24 08.43.04.173000 AM
6143.0,Normal user enters the Provvidenza Figli page,17-OCT-24 04.40.50.194000 PM
6199.0,Normal user enters the Provvidenza Figli page,21-OCT-24 09.55.31.485000 AM
,Download PDF dalla sezione Cedolini,25-OCT-24 09.14.36.593000 AM
,Download PDF dalla sezione Cedolini,25-OCT-24 09.43.51.187000 AM
,Download PDF dalla sezione Cedolini,14-OCT-24 04.44.02.805000 PM
7088.0,Normal user enters the Provvidenza Figli page,04-OCT-24 08.23.28.866000 AM
6093.0,Normal user assign new grade for the child while creating a request,04-OCT-24 09.19.38.243000 AM
13002986.0,Verifica possibilità di accesso a fondo pensione per Scelta Welfare,22-OCT-24 07.50.21.465000 PM
14622.0,Verifica possibilità di accesso a fondo pensione per Scelta Welfare,07-OCT-24 01.22.04.170000 PM
7067.0,HR/Normal user tries to update the answer,04-OCT-24 08.57.56.602000 AM
,Dettaglio elenco Cedolini e CU disponibili al download,25-OCT-24 09.16.14.755000 AM
,Download PDF dalla sezione Cedolini,25-OCT-24 08.45.26.525000 AM
7068.0,Dettaglio elenco Cedolini e CU disponibili al download,04-OCT-24 09.00.07.088000 AM
,Dettaglio elenco Cedolini e CU disponibili al download,28-OCT-24 08.02.34.817000 AM
,Dettaglio elenco Cedolini e CU disponibili al download,25-OCT-24 08.36.09.458000 AM
,Dettaglio elenco Cedolini e CU disponibili al download,25-OCT-24 08.41.20.121000 AM
,Download PDF dalla sezione Cedolini,25-OCT-24 09.12.00.121000 AM
,Dettaglio elenco Cedolini e CU disponibili al download,25-OCT-24 09.04.38.539000 AM
,Download PDF dalla sezione Cedolini,25-OCT-24 08.39.17.536000 AM
5350.0,Normal user enters the Provvidenza Figli page,04-OCT-24 09.14.59.450000 AM
5901.0,Recupero dettagliutente per Scelta Welfare,21-OCT-24 10.20.09.160000 AM
5803.0,HR/Normal user tries to update the answer,04-OCT-24 08.56.47.817000 AM
7068.0,Download PDF dalla sezione Cedolini,04-OCT-24 09.03.47.234000 AM
5350.0,HR/Normal user tries to update the answer,04-OCT-24 09.15.49.791000 AM
6595.0,HR/Normal user tries to update the answer,04-OCT-24 09.12.26.083000 AM
,Download PDF dalla sezione Cedolini,28-OCT-24 09.08.49.805000 AM
6093.0,HR/Normal user tries to update the answer,04-OCT-24 09.19.49.177000 AM
8912.0,Dettaglio elenco Cedolini e CU disponibili al download,28-OCT-24 09.45.37.066000 AM
,Download PDF dalla sezione Cedolini,25-OCT-24 09.35.42.247000 AM
,Download PDF dalla sezione Cedolini,25-OCT-24 08.48.28.860000 AM
5744.0,HR tried to update grade,04-OCT-24 08.22.42.345000 AM
6093.0,HR/Normal user tries to update the answer,04-OCT-24 09.17.42.342000 AM
5803.0,HR/Normal user tries to update the answer,04-OCT-24 08.56.13.058000 AM
7063.0,Normal user enters the Provvidenza Figli page,04-OCT-24 09.01.28.734000 AM
,Download PDF dalla sezione Cedolini,25-OCT-24 09.00.40.164000 AM
5299.0,Normal user enters the Provvidenza Figli page,04-OCT-24 08.47.41.765000 AM
13002169.0,Normal user enters the Provvidenza Figli page,04-OCT-24 09.19.26.551000 AM
5524.0,HR/Normal user tries to update the answer,14-OCT-24 09.10.07.074000 AM
,Dettaglio elenco Cedolini e CU disponibili al download,25-OCT-24 08.57.18.989000 AM
15690.0,Normal user enters the Provvidenza Figli page,04-OCT-24 09.47.34.518000 AM
5179.0,HR/Normal user tries to update the answer,04-OCT-24 09.39.13.503000 AM
6078.0,Normal user assign new grade for the child while creating a request,04-OCT-24 09.37.12.027000 AM
,Download PDF dalla sezione Cedolini,25-OCT-24 09.19.39.802000 AM
7068.0,Normal user enters the Provvidenza Figli page,04-OCT-24 08.55.06.851000 AM
,Download PDF dalla sezione Cedolini,25-OCT-24 08.53.31.460000 AM
13002986.0,Normal user enters the Provvidenza Figli page,25-OCT-24 08.53.21.443000 AM
,Download PDF dalla sezione Cedolini,02-OCT-24 10.26.46.435000 PM
,Download PDF dalla sezione Cedolini,14-OCT-24 09.15.49.925000 AM
,Dettaglio elenco Cedolini e CU disponibili al download,25-OCT-24 08.57.24.622000 AM
15772.0,Normal user tries to create new Provvidenza request for a child,04-OCT-24 07.56.58.309000 AM
5488.0,HR/Normal user tries to update the answer,04-OCT-24 08.44.11.513000 AM
,Download PDF dalla sezione Cedolini,25-OCT-24 09.00.50.735000 AM
5240.0,Normal user enters the Provvidenza Figli page,04-OCT-24 08.55.13.362000 AM
,Download PDF dalla sezione Cedolini,25-OCT-24 09.03.20.991000 AM
10864.0,HR/Normal user tries to update the answer,04-OCT-24 09.01.08.479000 AM
,Download PDF dalla sezione Cedolini,25-OCT-24 09.26.49.755000 AM
,Download PDF dalla sezione Cedolini,25-OCT-24 09.00.40.914000 AM
7401.0,HR/Normal user tries to update the answer,04-OCT-24 08.46.23.840000 AM
,Download PDF dalla sezione Cedolini,25-OCT-24 09.14.46.250000 AM
,Dettaglio elenco Cedolini e CU disponibili al download,01-OCT-24 11.19.51.023000 AM
,Dettaglio elenco Cedolini e CU disponibili al download,25-OCT-24 09.35.33.923000 AM
7984.0,Normal user assign new grade for the child while creating a request,04-OCT-24 09.01.47.766000 AM
6933.0,HR/Normal user tries to update the answer,25-OCT-24 08.58.51.494000 AM
,Download PDF dalla sezione Cedolini,25-OCT-24 08.57.26.001000 AM
6654.0,Normal user assign new grade for the child while creating a request,04-OCT-24 08.57.33.702000 AM
,Dettaglio elenco Cedolini e CU disponibili al download,09-OCT-24 05.34.35.172000 PM
,Download PDF dalla sezione Cedolini,16-OCT-24 05.39.12.425000 PM
7067.0,Normal user assign new grade for the child while creating a request,04-OCT-24 08.57.30.642000 AM
14431.0,Normal user enters the Provvidenza Figli page,04-OCT-24 09.19.22.860000 AM
13002831.0,HR tried to update grade,04-OCT-24 09.15.55.206000 AM
,Dettaglio elenco Cedolini e CU disponibili al download,25-OCT-24 08.39.43.340000 AM
7265.0,HR tried to update grade,04-OCT-24 09.24.25.269000 AM
14431.0,HR/Normal user tries to update the answer,04-OCT-24 09.19.03.780000 AM
,Dettaglio elenco Cedolini e CU disponibili al download,25-OCT-24 09.03.23.396000 AM
,Dettaglio elenco Cedolini e CU disponibili al download,25-OCT-24 09.16.45.625000 AM
8260.0,Normal user enters the Provvidenza Figli page,04-OCT-24 09.17.27.607000 AM
,Download PDF dalla sezione Cedolini,25-OCT-24 09.19.14.341000 AM
,Download PDF dalla sezione Cedolini,14-OCT-24 09.34.07.362000 AM
,Download PDF dalla sezione Cedolini,31-OCT-24 12.11.07.178000 PM
5853.0,Normal user assign new grade for the child while creating a request,04-OCT-24 09.08.06.816000 AM
13000214.0,HR/Normal user tries to update the answer,10-OCT-24 05.57.55.212000 PM
7267.0,HR/Normal user tries to update the answer,04-OCT-24 09.00.43.233000 AM
5946.0,HR/Normal user tries to update the answer,16-OCT-24 05.32.28.637000 PM
,Download PDF dalla sezione Cedolini,25-OCT-24 09.29.24.219000 AM
6095.0,HR/Normal user tries to update the answer,04-OCT-24 09.39.27.834000 AM
5946.0,HR/Normal user tries to update the answer,16-OCT-24 05.32.00.718000 PM
5350.0,HR/Normal user tries to update the answer,04-OCT-24 09.15.35.632000 AM
7068.0,Download PDF dalla sezione Cedolini,04-OCT-24 09.04.12.489000 AM
5199.0,HR/Normal user tries to update the answer,16-OCT-24 04.39.22.964000 PM
5853.0,Normal user enters the Provvidenza Figli page,04-OCT-24 09.08.58.008000 AM
7068.0,Download PDF dalla sezione Cedolini,04-OCT-24 09.03.41.358000 AM
5199.0,HR/Normal user tries to update the answer,16-OCT-24 04.39.35.795000 PM
,Download PDF dalla sezione Cedolini,25-OCT-24 08.44.47.710000 AM
,Download PDF dalla sezione Cedolini,25-OCT-24 09.21.00.910000 AM
19449.0,Download PDF dalla sezione Cedolini,14-OCT-24 10.21.31.168000 AM
5982.0,HR/Normal user tries to update the answer,04-OCT-24 08.40.41.651000 AM
18291.0,Dettaglio elenco Cedolini e CU disponibili al download,04-OCT-24 09.22.59.561000 AM
,Download PDF dalla sezione Cedolini,25-OCT-24 09.11.56.714000 AM
6680.0,HR/Normal user tries to update the answer,04-OCT-24 09.50.21.757000 AM
7720.0,Normal user tries to create new Provvidenza request for a child,04-OCT-24 09.12.27.025000 AM
6734.0,HR/Normal user tries to update the answer,04-OCT-24 08.40.53.213000 AM
7068.0,Normal / HR user updates the answer,04-OCT-24 08.54.21.175000 AM
6089.0,Normal user tries to create new Provvidenza request for a child,04-OCT-24 08.48.06.345000 AM
5199.0,Normal user update grade for a child,16-OCT-24 04.39.13.556000 PM
,Download PDF dalla sezione Cedolini,25-OCT-24 09.50.37.343000 AM
7265.0,HR/Normal user tries to update the answer,04-OCT-24 09.24.28.594000 AM
5946.0,HR/Normal user tries to update the answer,16-OCT-24 05.32.09.498000 PM
,Download PDF dalla sezione Cedolini,29-OCT-24 01.12.29.896000 PM
10864.0,Normal / HR user updates the answer,04-OCT-24 07.55.44.511000 AM
9093.0,Normal user enters the Provvidenza Figli page,04-OCT-24 09.34.46.156000 AM
10864.0,Normal user assign new grade for the child while creating a request,04-OCT-24 07.54.19.664000 AM
5199.0,Normal user enters the Provvidenza Figli page,16-OCT-24 04.40.04.300000 PM
,Dettaglio elenco Cedolini e CU disponibili al download,25-OCT-24 03.46.44.973000 PM
6085.0,HR/Normal user tries to update the answer,04-OCT-24 08.09.59.380000 AM
13002733.0,Normal user enters the Provvidenza Figli page,01-OCT-24 08.31.45.677000 AM
6229.0,HR/Normal user tries to update the answer,08-OCT-24 09.26.20.397000 AM
5299.0,Normal user update grade for a child,04-OCT-24 08.43.02.872000 AM
6194.0,Normal user enters the Provvidenza Figli page,04-OCT-24 08.42.30.620000 AM
7059.0,HR/Normal user tries to update the answer,10-OCT-24 02.48.05.660000 PM
6162.0,HR/Normal user tries to update the answer,04-OCT-24 08.06.37.962000 AM
13002840.0,HR/Normal user tries to update the answer,08-OCT-24 03.05.42.869000 PM
7035.0,HR/Normal user tries to update the answer,08-OCT-24 09.25.44.955000 AM
7599.0,Normal user assign new grade for the child while creating a request,10-OCT-24 02.43.55.624000 PM
6869.0,Normal / HR user updates the answer,04-OCT-24 08.09.22.298000 AM
18134.0,HR/Normal user tries to update the answer,08-OCT-24 03.33.21.367000 PM
,Download PDF dalla sezione Cedolini,25-OCT-24 04.57.59.247000 PM
,Download PDF dalla sezione Cedolini,08-OCT-24 03.46.23.671000 PM
11236.0,HR/Normal user tries to update the answer,04-OCT-24 08.30.05.847000 AM
13002342.0,Normal user tries to create new Provvidenza request for a child,04-OCT-24 08.32.54.770000 AM
7312.0,Normal user enters the Provvidenza Figli page,04-OCT-24 08.22.16.217000 AM
,Dettaglio elenco Cedolini e CU disponibili al download,16-OCT-24 09.06.04.208000 AM
7088.0,HR/Normal user tries to update the answer,04-OCT-24 08.23.40.600000 AM
13000484.0,Recupero dettagli utente per Scelta orario di lavoro,08-OCT-24 03.42.01.275000 PM
7216.0,Recupero dettagliutente per Scelta Welfare,08-OCT-24 03.38.24.146000 PM
,Dettaglio elenco Cedolini e CU disponibili al download,04-OCT-24 08.35.09.217000 AM
7312.0,Normal user update grade for a child,04-OCT-24 08.19.34.606000 AM
9061.0,HR/Normal user tries to update the answer,04-OCT-24 08.22.46.862000 AM
8085.0,Download PDF dalla sezione Cedolini,08-OCT-24 10.13.37.808000 AM
,Download PDF dalla sezione Cedolini,04-OCT-24 02.55.36.349000 PM
13002972.0,Recupero dettagliutente per Scelta Welfare,17-OCT-24 10.39.24.223000 AM
7427.0,Normal user assign new grade for the child while creating a request,04-OCT-24 02.37.01.166000 PM
,Dettaglio elenco Cedolini e CU disponibili al download,25-OCT-24 04.17.40.680000 PM
13000159.0,Normal user enters the Provvidenza Figli page,04-OCT-24 08.43.08.468000 AM
5636.0,HR/Normal user tries to update the answer,04-OCT-24 08.18.32.198000 AM
6734.0,HR/Normal user tries to update the answer,04-OCT-24 08.40.12.339000 AM
5358.0,Normal user enters the Provvidenza Figli page,08-OCT-24 04.12.06.573000 PM
,Dettaglio elenco Cedolini e CU disponibili al download,03-OCT-24 09.43.49.246000 AM
5682.0,Normal user enters the Provvidenza Figli page,10-OCT-24 09.36.05.251000 PM
,Dettaglio elenco Cedolini e CU disponibili al download,25-OCT-24 03.46.56.641000 PM
8189.0,HR tried to update grade,10-OCT-24 02.46.10.582000 PM
13002184.0,Normal user tries to create new Provvidenza request for a child,04-OCT-24 02.10.01.721000 PM
5358.0,Normal user tries to create new Provvidenza request for a child,08-OCT-24 04.13.15.364000 PM
7262.0,Normal user tries to create new Provvidenza request for a child,04-OCT-24 02.41.07.040000 PM
13002184.0,HR/Normal user tries to update the answer,04-OCT-24 02.12.18.691000 PM
5196.0,HR/Normal user tries to update the answer,04-OCT-24 07.22.45.348000 AM
13000916.0,Normal user assign new grade for the child while creating a request,08-OCT-24 09.48.49.061000 AM
7262.0,Normal user enters the Provvidenza Figli page,04-OCT-24 02.43.05.747000 PM
,Download PDF dalla sezione Cedolini,25-OCT-24 04.17.48.258000 PM
5196.0,HR/Normal user tries to update the answer,04-OCT-24 07.22.43.215000 AM
7427.0,HR/Normal user tries to update the answer,04-OCT-24 02.37.13.163000 PM
5825.0,Normal user enters the Provvidenza Figli page,04-OCT-24 02.46.41.928000 PM
8085.0,Dettaglio elenco Cedolini e CU disponibili al download,08-OCT-24 10.13.31.939000 AM
,Download PDF dalla sezione Cedolini,18-OCT-24 12.23.15.801000 PM
7626.0,HR/Normal user tries to update the answer,21-OCT-24 02.11.40.009000 PM
19481.0,HR/Normal user tries to update the answer,04-OCT-24 02.53.56.013000 PM
,Dettaglio elenco Cedolini e CU disponibili al download,08-OCT-24 03.46.06.630000 PM
,Download PDF dalla sezione Cedolini,10-OCT-24 02.37.57.935000 PM
17160.0,Recupero dettagliutente per Scelta Welfare,25-OCT-24 04.29.28.511000 PM
,Download PDF dalla sezione Cedolini,25-OCT-24 04.27.36.834000 PM
13000916.0,Normal user enters the Provvidenza Figli page,08-OCT-24 09.48.38.974000 AM
,Download PDF dalla sezione Cedolini,21-OCT-24 02.27.13.630000 PM
5765.0,Normal user assign new grade for the child while creating a request,11-OCT-24 02.53.08.896000 PM
15319.0,Normal user enters the Provvidenza Figli page,04-OCT-24 03.14.30.749000 PM
7616.0,Normal user assign new grade for the child while creating a request,04-OCT-24 02.19.37.338000 PM
7427.0,HR/Normal user tries to update the answer,04-OCT-24 02.37.37.767000 PM
,Download PDF dalla sezione Cedolini,29-OCT-24 03.22.22.491000 PM
15319.0,HR/Normal user tries to update the answer,04-OCT-24 03.15.29.695000 PM
,Dettaglio elenco Cedolini e CU disponibili al download,25-OCT-24 03.44.55.958000 PM
6482.0,Normal user enters the Provvidenza Figli page,04-OCT-24 04.01.56.612000 PM
18134.0,Normal user enters the Provvidenza Figli page,08-OCT-24 03.32.48.069000 PM
,Download PDF dalla sezione Cedolini,01-OCT-24 09.08.10.206000 AM
6456.0,Normal user enters the Provvidenza Figli page,04-OCT-24 03.35.03.800000 PM
7427.0,HR/Normal user tries to update the answer,04-OCT-24 02.37.09.036000 PM
5825.0,Normal user assign new grade for the child while creating a request,04-OCT-24 02.46.45.887000 PM
7149.0,HR/Normal user tries to update the answer,04-OCT-24 03.17.00.667000 PM
19481.0,HR/Normal user tries to update the answer,04-OCT-24 02.55.05.540000 PM
15319.0,HR/Normal user tries to update the answer,04-OCT-24 03.16.44.590000 PM
,Dettaglio elenco Cedolini e CU disponibili al download,15-OCT-24 03.52.45.643000 PM
,Dettaglio elenco Cedolini e CU disponibili al download,23-OCT-24 03.22.29.651000 PM
8028.0,Verifica possibilità di accesso a fondo pensione per Scelta Welfare,04-OCT-24 02.47.34.988000 PM
19481.0,Normal user enters the Provvidenza Figli page,04-OCT-24 02.53.24.393000 PM
,Download PDF dalla sezione Cedolini,04-OCT-24 03.27.49.540000 PM
8136.0,HR tried to update grade,03-OCT-24 04.35.12.549000 PM
,Download PDF dalla sezione Cedolini,29-OCT-24 03.45.52.794000 PM
6935.0,HR/Normal user tries to update the answer,03-OCT-24 04.12.21.236000 PM
6723.0,Normal user enters the Provvidenza Figli page,26-OCT-24 10.35.08.215000 AM
,Dettaglio elenco Cedolini e CU disponibili al download,29-OCT-24 03.54.25.995000 PM
15635.0,Dettaglio elenco Cedolini e CU disponibili al download,03-OCT-24 04.21.07.393000 PM
13001389.0,Verifica possibilità di accesso a fondo pensione per Scelta Welfare,29-OCT-24 04.33.48.145000 PM
13001389.0,Recupero dettagli utente per Scelta orario di lavoro,29-OCT-24 04.34.25.930000 PM
13001389.0,Recupero dettagliutente per Scelta Welfare,29-OCT-24 04.33.47.590000 PM
,Dettaglio elenco Cedolini e CU disponibili al download,26-OCT-24 11.10.48.941000 AM
7932.0,Normal user update grade for a child,04-OCT-24 04.03.08.156000 PM
13001060.0,HR/Normal user tries to update the answer,04-OCT-24 04.08.04.428000 PM
6723.0,Normal user assign new grade for the child while creating a request,26-OCT-24 10.35.17.645000 AM
6723.0,HR/Normal user tries to update the answer,26-OCT-24 10.35.52.249000 AM
7071.0,HR/Normal user tries to update the answer,03-OCT-24 04.24.47.065000 PM
7611.0,HR/Normal user tries to update the answer,04-OCT-24 01.51.08.633000 PM
,Dettaglio elenco Cedolini e CU disponibili al download,23-OCT-24 03.48.28.479000 PM
5188.0,Normal user enters the Provvidenza Figli page,07-OCT-24 09.39.48.543000 AM
6058.0,HR/Normal user tries to update the answer,07-OCT-24 10.18.01.239000 AM
13001231.0,HR/Normal user tries to update the answer,03-OCT-24 01.38.53.592000 PM
7283.0,Normal user update grade for a child,04-OCT-24 02.36.18.993000 PM
9403.0,Normal user update grade for a child,03-OCT-24 01.44.11.462000 PM
5994.0,Normal / HR user updates the answer,03-OCT-24 01.46.39.467000 PM
5875.0,HR/Normal user tries to update the answer,03-OCT-24 01.47.19.307000 PM
7605.0,HR/Normal user tries to update the answer,04-OCT-24 01.42.43.919000 PM
,Download PDF dalla sezione Cedolini,24-OCT-24 03.46.23.940000 PM
,Download PDF dalla sezione Cedolini,23-OCT-24 04.31.18.238000 PM
7616.0,HR/Normal user tries to update the answer,04-OCT-24 02.20.21.118000 PM
7932.0,HR/Normal user tries to update the answer,04-OCT-24 04.03.25.615000 PM
17324.0,HR/Normal user tries to update the answer,03-OCT-24 02.15.12.064000 PM
13002070.0,Verifica possibilità di accesso a fondo pensione per Scelta Welfare,11-OCT-24 11.18.13.012000 PM
6243.0,HR/Normal user tries to update the answer,03-OCT-24 02.10.55.365000 PM
5864.0,HR/Normal user tries to update the answer,10-OCT-24 06.28.50.988000 PM
7876.0,Normal user tries to create new Provvidenza request for a child,03-OCT-24 01.50.48.783000 PM
6006.0,Normal user assign new grade for the child while creating a request,03-OCT-24 01.44.49.214000 PM
5575.0,Normal user enters the Provvidenza Figli page,03-OCT-24 01.46.28.192000 PM
13002184.0,Normal user enters the Provvidenza Figli page,04-OCT-24 02.29.03.049000 PM
9403.0,HR tried to update grade,03-OCT-24 01.38.48.820000 PM
6150.0,HR/Normal user tries to update the answer,03-OCT-24 02.21.18.758000 PM
5848.0,HR/Normal user tries to update the answer,04-OCT-24 01.39.34.128000 PM
5689.0,HR/Normal user tries to update the answer,03-OCT-24 02.16.09.908000 PM
7658.0,Normal user update grade for a child,07-OCT-24 09.27.25.524000 AM
,Dettaglio elenco Cedolini e CU disponibili al download,23-OCT-24 04.17.53.077000 PM
8040.0,HR/Normal user tries to update the answer,03-OCT-24 01.55.40.543000 PM
6238.0,Normal user assign new grade for the child while creating a request,03-OCT-24 02.03.42.526000 PM
7268.0,Normal user tries to create new Provvidenza request for a child,03-OCT-24 02.03.09.119000 PM
6243.0,Download PDF dalla sezione Cedolini,03-OCT-24 02.14.22.174000 PM
6393.0,Normal user tries to create new Provvidenza request for a child,03-OCT-24 01.58.40.411000 PM
7662.0,Normal user enters the Provvidenza Figli page,03-OCT-24 02.00.17.253000 PM
9543.0,Normal user tries to create new Provvidenza request for a child,03-OCT-24 01.40.12.594000 PM
7470.0,Normal user tries to create new Provvidenza request for a child,03-OCT-24 02.38.44.391000 PM
7782.0,Normal user assign new grade for the child while creating a request,03-OCT-24 02.15.37.123000 PM
13002935.0,HR tried to update grade,04-OCT-24 01.54.29.050000 PM
8212.0,Verifica possibilità di accesso a fondo pensione per Scelta Welfare,16-OCT-24 11.31.21.915000 AM
7876.0,HR/Normal user tries to update the answer,03-OCT-24 01.49.57.400000 PM
5864.0,HR/Normal user tries to update the answer,10-OCT-24 06.29.33.224000 PM
13002717.0,Normal user enters the Provvidenza Figli page,03-OCT-24 01.50.16.130000 PM
,Dettaglio elenco Cedolini e CU disponibili al download,07-OCT-24 09.03.04.539000 AM
7718.0,HR/Normal user tries to update the answer,03-OCT-24 02.09.02.124000 PM
6554.0,Normal user enters the Provvidenza Figli page,03-OCT-24 02.05.18.997000 PM
7470.0,Normal user assign new grade for the child while creating a request,03-OCT-24 02.38.44.508000 PM
5869.0,HR tried to update grade,03-OCT-24 02.32.13.562000 PM
7165.0,Normal user tries to create new Provvidenza request for a child,03-OCT-24 02.16.05.375000 PM
6246.0,Normal / HR user updates the answer,03-OCT-24 01.53.41.170000 PM
5740.0,HR/Normal user tries to update the answer,03-OCT-24 02.06.50.378000 PM
,Dettaglio elenco Cedolini e CU disponibili al download,10-OCT-24 05.38.24.808000 PM
6601.0,HR/Normal user tries to update the answer,03-OCT-24 02.51.56.625000 PM
5875.0,Normal user enters the Provvidenza Figli page,03-OCT-24 01.44.29.776000 PM
7034.0,Normal user tries to create new Provvidenza request for a child,03-OCT-24 02.06.50.963000 PM
5409.0,Normal user assign new grade for the child while creating a request,03-OCT-24 01.59.30.864000 PM
6645.0,HR/Normal user tries to update the answer,03-OCT-24 02.28.58.408000 PM
6952.0,Normal / HR user updates the answer,03-OCT-24 02.06.59.103000 PM
7287.0,HR/Normal user tries to update the answer,03-OCT-24 02.48.14.622000 PM
7212.0,Dettaglio elenco Cedolini e CU disponibili al download,10-OCT-24 12.40.29.496000 PM
7052.0,HR/Normal user tries to update the answer,03-OCT-24 02.49.29.048000 PM
5477.0,HR/Normal user tries to update the answer,03-OCT-24 02.52.02.696000 PM
6926.0,HR/Normal user tries to update the answer,03-OCT-24 01.50.28.293000 PM
9846.0,Normal user assign new grade for the child while creating a request,03-OCT-24 02.25.22.547000 PM
13002479.0,HR/Normal user tries to update the answer,03-OCT-24 02.17.45.267000 PM
5659.0,HR/Normal user tries to update the answer,03-OCT-24 02.19.16.257000 PM
13002479.0,HR/Normal user tries to update the answer,03-OCT-24 02.18.50.097000 PM
5874.0,Normal user assign new grade for the child while creating a request,07-OCT-24 09.41.23.994000 AM
5955.0,HR/Normal user tries to update the answer,03-OCT-24 01.39.42.433000 PM
5501.0,Normal user enters the Provvidenza Figli page,03-OCT-24 02.44.46.701000 PM
8077.0,Normal user enters the Provvidenza Figli page,07-OCT-24 09.06.19.825000 AM
7640.0,HR/Normal user tries to update the answer,03-OCT-24 02.41.36.572000 PM
6582.0,HR/Normal user tries to update the answer,03-OCT-24 02.04.44.982000 PM
7900.0,HR/Normal user tries to update the answer,14-OCT-24 03.07.53.698000 PM
6725.0,Recupero dettagliutente per Scelta Welfare,16-OCT-24 11.48.06.800000 AM
6692.0,HR/Normal user tries to update the answer,03-OCT-24 01.40.16.452000 PM
5612.0,Normal user enters the Provvidenza Figli page,03-OCT-24 02.42.39.298000 PM
7052.0,HR/Normal user tries to update the answer,03-OCT-24 02.49.17.489000 PM
6952.0,HR/Normal user tries to update the answer,03-OCT-24 02.04.46.724000 PM
7470.0,Normal user enters the Provvidenza Figli page,03-OCT-24 02.38.20.879000 PM
6617.0,HR/Normal user tries to update the answer,03-OCT-24 02.36.56.215000 PM
7018.0,Normal user enters the Provvidenza Figli page,03-OCT-24 02.11.10.177000 PM
6528.0,Normal user enters the Provvidenza Figli page,03-OCT-24 02.27.00.171000 PM
5600.0,Normal / HR user updates the answer,03-OCT-24 02.38.00.150000 PM
10678.0,HR/Normal user tries to update the answer,03-OCT-24 02.45.29.056000 PM
6199.0,Normal user enters the Provvidenza Figli page,10-OCT-24 12.27.20.223000 PM
6170.0,Normal user tries to create new Provvidenza request for a child,03-OCT-24 02.37.25.687000 PM
9097.0,HR/Normal user tries to update the answer,03-OCT-24 01.57.43.047000 PM
6104.0,Normal user enters the Provvidenza Figli page,03-OCT-24 02.27.26.853000 PM
6104.0,HR/Normal user tries to update the answer,03-OCT-24 02.27.33.394000 PM
17648.0,HR/Normal user tries to update the answer,03-OCT-24 02.03.26.559000 PM
9097.0,Normal user assign new grade for the child while creating a request,03-OCT-24 01.58.24.548000 PM
13002179.0,Normal / HR user updates the answer,03-OCT-24 02.47.43.981000 PM
8040.0,HR/Normal user tries to update the answer,03-OCT-24 01.55.16.213000 PM
17324.0,HR/Normal user tries to update the answer,03-OCT-24 02.15.16.729000 PM
7052.0,Normal user assign new grade for the child while creating a request,03-OCT-24 02.49.13.542000 PM
7136.0,HR/Normal user tries to update the answer,03-OCT-24 02.54.40.738000 PM
6017.0,Download PDF dalla sezione Cedolini,03-OCT-24 02.51.08.854000 PM
8040.0,Normal / HR user updates the answer,03-OCT-24 01.55.19.357000 PM
7600.0,Normal user assign new grade for the child while creating a request,03-OCT-24 01.47.16.515000 PM
7989.0,HR tried to update grade,03-OCT-24 02.29.11.105000 PM
5589.0,HR/Normal user tries to update the answer,03-OCT-24 02.28.29.253000 PM
8049.0,HR/Normal user tries to update the answer,03-OCT-24 02.31.51.056000 PM
5672.0,Normal user tries to create new Provvidenza request for a child,03-OCT-24 02.36.01.691000 PM
5840.0,HR/Normal user tries to update the answer,03-OCT-24 02.14.39.970000 PM
7662.0,Recupero dettagli utente per invio adesione Fondo Nazionale,03-OCT-24 02.03.12.775000 PM
13002973.0,Verifica possibilità di accesso a fondo pensione per Scelta Welfare,14-OCT-24 03.58.12.535000 PM
5369.0,Normal user tries to create new Provvidenza request for a child,03-OCT-24 01.56.14.462000 PM
6131.0,Normal user enters the Provvidenza Figli page,03-OCT-24 01.41.05.462000 PM
13000881.0,HR/Normal user tries to update the answer,04-OCT-24 01.54.15.673000 PM
7146.0,HR/Normal user tries to update the answer,03-OCT-24 02.46.26.104000 PM
11418.0,Normal user enters the Provvidenza Figli page,15-OCT-24 09.55.12.287000 PM
9774.0,HR/Normal user tries to update the answer,03-OCT-24 02.08.38.152000 PM
13002978.0,Verifica possibilità di accesso a fondo pensione per Scelta Welfare,28-OCT-24 03.14.01.862000 PM
6998.0,Dettaglio elenco Cedolini e CU disponibili al download,03-OCT-24 02.13.23.629000 PM
6827.0,HR/Normal user tries to update the answer,03-OCT-24 01.55.31.765000 PM
5884.0,Normal user enters the Provvidenza Figli page,03-OCT-24 01.50.50.677000 PM
6926.0,HR/Normal user tries to update the answer,03-OCT-24 01.50.34.346000 PM
7718.0,Normal user tries to create new Provvidenza request for a child,03-OCT-24 02.12.42.154000 PM
6827.0,Normal user tries to create new Provvidenza request for a child,03-OCT-24 01.55.09.957000 PM
5975.0,Normal user tries to create new Provvidenza request for a child,03-OCT-24 01.57.47.613000 PM
6006.0,HR/Normal user tries to update the answer,03-OCT-24 01.45.12.596000 PM
7224.0,HR/Normal user tries to update the answer,03-OCT-24 02.42.30.049000 PM
7193.0,HR/Normal user tries to update the answer,03-OCT-24 02.36.24.538000 PM
5725.0,HR/Normal user tries to update the answer,03-OCT-24 02.01.45.936000 PM
6910.0,Normal user tries to create new Provvidenza request for a child,09-OCT-24 12.37.48.937000 PM
6970.0,HR/Normal user tries to update the answer,03-OCT-24 02.23.13.214000 PM
5901.0,Normal user enters the Provvidenza Figli page,03-OCT-24 02.03.53.426000 PM
7313.0,HR/Normal user tries to update the answer,09-OCT-24 12.40.44.369000 PM
,Download PDF dalla sezione Cedolini,28-OCT-24 02.33.14.820000 PM
7034.0,HR/Normal user tries to update the answer,03-OCT-24 02.07.49.736000 PM
7600.0,Dettaglio elenco Cedolini e CU disponibili al download,03-OCT-24 02.01.59.505000 PM
6559.0,HR/Normal user tries to update the answer,03-OCT-24 02.03.20.979000 PM
5978.0,Normal user assign new grade for the child while creating a request,03-OCT-24 02.08.28.124000 PM
7165.0,Recupero dettagliutente per Scelta Welfare,03-OCT-24 02.46.13.288000 PM
7989.0,Dettaglio elenco Cedolini e CU disponibili al download,03-OCT-24 02.30.01.600000 PM
5775.0,Normal user enters the Provvidenza Figli page,03-OCT-24 02.23.12.376000 PM
7331.0,HR/Normal user tries to update the answer,03-OCT-24 02.05.04.909000 PM
6150.0,HR/Normal user tries to update the answer,03-OCT-24 02.22.02.220000 PM
,Download PDF dalla sezione Cedolini,09-OCT-24 12.20.05.140000 PM
5657.0,HR/Normal user tries to update the answer,03-OCT-24 02.18.24.365000 PM
8866.0,Dettaglio elenco Cedolini e CU disponibili al download,03-OCT-24 02.02.35.084000 PM
7146.0,HR/Normal user tries to update the answer,03-OCT-24 02.46.05.664000 PM
6016.0,Normal user assign new grade for the child while creating a request,03-OCT-24 02.00.44.960000 PM
6386.0,HR/Normal user tries to update the answer,03-OCT-24 02.52.52.743000 PM
9097.0,HR/Normal user tries to update the answer,03-OCT-24 01.58.15.677000 PM
5472.0,Dettaglio elenco Cedolini e CU disponibili al download,09-OCT-24 12.49.39.582000 PM
5659.0,Normal / HR user updates the answer,03-OCT-24 02.19.10.826000 PM
6226.0,Normal user assign new grade for the child while creating a request,03-OCT-24 02.39.13.461000 PM
5477.0,HR/Normal user tries to update the answer,03-OCT-24 02.52.07.531000 PM
5788.0,HR/Normal user tries to update the answer,03-OCT-24 01.38.57.418000 PM
6226.0,HR/Normal user tries to update the answer,03-OCT-24 02.39.29.186000 PM
9403.0,Normal user enters the Provvidenza Figli page,03-OCT-24 01.40.29.170000 PM
7212.0,Download PDF dalla sezione Cedolini,10-OCT-24 12.24.52.739000 PM
7313.0,HR/Normal user tries to update the answer,09-OCT-24 12.40.25.744000 PM
5361.0,Normal user tries to create new Provvidenza request for a child,09-OCT-24 01.06.28.502000 PM
6583.0,HR/Normal user tries to update the answer,03-OCT-24 02.38.51.894000 PM
6017.0,HR/Normal user tries to update the answer,03-OCT-24 02.53.20.452000 PM
5481.0,Normal user tries to create new Provvidenza request for a child,03-OCT-24 02.26.29.808000 PM
7425.0,HR/Normal user tries to update the answer,03-OCT-24 02.38.07.281000 PM
6645.0,HR/Normal user tries to update the answer,03-OCT-24 02.28.54.093000 PM
5987.0,Normal user assign new grade for the child while creating a request,04-OCT-24 08.59.56.184000 AM
6009.0,HR/Normal user tries to update the answer,03-OCT-24 02.36.12.272000 PM
5995.0,HR/Normal user tries to update the answer,03-OCT-24 02.33.12.406000 PM
,Dettaglio elenco Cedolini e CU disponibili al download,28-OCT-24 03.25.51.699000 PM
5332.0,HR/Normal user tries to update the answer,03-OCT-24 02.32.10.117000 PM
5589.0,HR/Normal user tries to update the answer,03-OCT-24 02.28.33.942000 PM
5299.0,Dettaglio elenco Cedolini e CU disponibili al download,04-OCT-24 08.47.51.180000 AM
7782.0,Normal user assign new grade for the child while creating a request,03-OCT-24 02.13.14.675000 PM
17474.0,Normal user tries to create new Provvidenza request for a child,03-OCT-24 02.26.41.053000 PM
6528.0,HR/Normal user tries to update the answer,03-OCT-24 02.31.35.285000 PM
6854.0,HR/Normal user tries to update the answer,03-OCT-24 02.15.22.769000 PM
,Download PDF dalla sezione Cedolini,10-OCT-24 11.58.07.124000 AM
6554.0,Normal user assign new grade for the child while creating a request,03-OCT-24 02.05.27.486000 PM
7470.0,HR/Normal user tries to update the answer,03-OCT-24 02.41.21.282000 PM
6340.0,Normal user enters the Provvidenza Figli page,03-OCT-24 02.53.35.957000 PM
6601.0,HR/Normal user tries to update the answer,03-OCT-24 02.52.37.145000 PM
6790.0,HR/Normal user tries to update the answer,03-OCT-24 02.49.53.787000 PM
6170.0,Normal user enters the Provvidenza Figli page,03-OCT-24 02.43.01.601000 PM
9208.0,HR/Normal user tries to update the answer,03-OCT-24 02.43.11.446000 PM
5725.0,HR/Normal user tries to update the answer,03-OCT-24 02.00.46.088000 PM
6149.0,Normal user enters the Provvidenza Figli page,03-OCT-24 02.38.27.588000 PM
11399.0,HR tried to update grade,03-OCT-24 02.20.44.455000 PM
,Download PDF dalla sezione Cedolini,01-OCT-24 06.03.05.544000 PM
6150.0,Normal user enters the Provvidenza Figli page,03-OCT-24 02.21.42.211000 PM
7401.0,HR/Normal user tries to update the answer,04-OCT-24 08.47.06.729000 AM
5864.0,Normal user tries to create new Provvidenza request for a child,10-OCT-24 06.28.30.281000 PM
16672.0,HR/Normal user tries to update the answer,09-OCT-24 03.22.53.710000 PM
7782.0,HR/Normal user tries to update the answer,03-OCT-24 02.15.51.089000 PM
7146.0,Normal user tries to create new Provvidenza request for a child,03-OCT-24 02.46.21.140000 PM
5294.0,HR/Normal user tries to update the answer,03-OCT-24 02.34.04.799000 PM
14297.0,HR/Normal user tries to update the answer,03-OCT-24 02.43.14.037000 PM
5764.0,Normal user enters the Provvidenza Figli page,03-OCT-24 01.56.28.018000 PM
7165.0,HR/Normal user tries to update the answer,03-OCT-24 02.17.23.714000 PM
7068.0,Dettaglio elenco Cedolini e CU disponibili al download,04-OCT-24 09.00.10.442000 AM
5864.0,Normal user enters the Provvidenza Figli page,10-OCT-24 06.29.43.224000 PM
7248.0,HR/Normal user tries to update the answer,03-OCT-24 02.03.39.738000 PM
5611.0,HR/Normal user tries to update the answer,03-OCT-24 02.54.36.875000 PM
10057.0,HR/Normal user tries to update the answer,03-OCT-24 02.43.21.376000 PM
6736.0,HR/Normal user tries to update the answer,03-OCT-24 02.06.35.684000 PM
9117.0,Dettaglio elenco Cedolini e CU disponibili al download,09-OCT-24 12.35.22.832000 PM
9097.0,Normal user assign new grade for the child while creating a request,03-OCT-24 01.57.38.135000 PM
,Dettaglio elenco Cedolini e CU disponibili al download,04-OCT-24 08.49.00.769000 AM
6712.0,HR/Normal user tries to update the answer,03-OCT-24 02.22.11.973000 PM
7689.0,Normal user enters the Provvidenza Figli page,03-OCT-24 02.32.36.218000 PM
17474.0,HR/Normal user tries to update the answer,03-OCT-24 02.27.00.474000 PM
9208.0,Normal user assign new grade for the child while creating a request,03-OCT-24 02.41.30.980000 PM
,Dettaglio elenco Cedolini e CU disponibili al download,31-OCT-24 02.51.29.228000 PM
7068.0,Download PDF dalla sezione Cedolini,04-OCT-24 08.57.55.205000 AM
7146.0,Normal user tries to create new Provvidenza request for a child,03-OCT-24 02.45.31.156000 PM
7539.0,Normal user enters the Provvidenza Figli page,03-OCT-24 01.48.43.071000 PM
5853.0,Normal user tries to create new Provvidenza request for a child,04-OCT-24 09.08.06.643000 AM
8091.0,HR/Normal user tries to update the answer,03-OCT-24 02.30.38.639000 PM
9223.0,Normal user update grade for a child,03-OCT-24 02.07.47.577000 PM
7331.0,HR/Normal user tries to update the answer,03-OCT-24 02.05.52.454000 PM
5840.0,HR/Normal user tries to update the answer,03-OCT-24 02.19.33.425000 PM
8274.0,Normal user assign new grade for the child while creating a request,03-OCT-24 02.14.47.871000 PM
7063.0,HR/Normal user tries to update the answer,04-OCT-24 09.05.16.865000 AM
5712.0,Normal user enters the Provvidenza Figli page,03-OCT-24 05.34.11.913000 PM
6221.0,HR/Normal user tries to update the answer,03-OCT-24 02.29.00.266000 PM
9543.0,Normal user assign new grade for the child while creating a request,03-OCT-24 01.41.06.334000 PM
7984.0,HR/Normal user tries to update the answer,04-OCT-24 09.03.10.473000 AM
7720.0,HR/Normal user tries to update the answer,04-OCT-24 09.12.38.772000 AM
5846.0,Normal user enters the Provvidenza Figli page,03-OCT-24 02.25.29.511000 PM
8260.0,Normal user enters the Provvidenza Figli page,04-OCT-24 09.19.21.480000 AM
6154.0,Normal user enters the Provvidenza Figli page,03-OCT-24 02.34.20.435000 PM
8305.0,Normal user enters the Provvidenza Figli page,03-OCT-24 02.05.36.734000 PM
8260.0,HR/Normal user tries to update the answer,04-OCT-24 09.18.24.375000 AM
7313.0,HR/Normal user tries to update the answer,09-OCT-24 12.40.27.958000 PM
6910.0,Normal user assign new grade for the child while creating a request,09-OCT-24 12.37.49.140000 PM
6631.0,Normal user enters the Provvidenza Figli page,03-OCT-24 02.54.14.485000 PM
13002831.0,HR/Normal user tries to update the answer,04-OCT-24 09.16.00.559000 AM
6601.0,HR/Normal user tries to update the answer,03-OCT-24 02.52.30.893000 PM
6583.0,Normal user enters the Provvidenza Figli page,03-OCT-24 02.39.27.511000 PM
6002.0,Normal user tries to create new Provvidenza request for a child,04-OCT-24 09.16.45.909000 AM
7401.0,Normal user update grade for a child,04-OCT-24 08.46.55.975000 AM
6154.0,Normal user assign new grade for the child while creating a request,03-OCT-24 02.33.45.534000 PM
18139.0,HR/Normal user tries to update the answer,03-OCT-24 02.40.21.124000 PM
5768.0,HR/Normal user tries to update the answer,04-OCT-24 10.00.31.723000 AM
5803.0,HR/Normal user tries to update the answer,04-OCT-24 08.56.16.111000 AM
,Download PDF dalla sezione Cedolini,28-OCT-24 03.05.11.314000 PM
6583.0,HR/Normal user tries to update the answer,03-OCT-24 02.38.57.957000 PM
6113.0,HR/Normal user tries to update the answer,03-OCT-24 02.24.30.337000 PM
6599.0,Normal user enters the Provvidenza Figli page,03-OCT-24 02.46.55.774000 PM
17731.0,HR/Normal user tries to update the answer,14-OCT-24 03.50.25.045000 PM
7068.0,Download PDF dalla sezione Cedolini,04-OCT-24 09.04.41.170000 AM
7267.0,Normal user assign new grade for the child while creating a request,04-OCT-24 09.01.05.724000 AM
5488.0,Normal user tries to create new Provvidenza request for a child,04-OCT-24 08.53.54.723000 AM
9208.0,Normal user tries to create new Provvidenza request for a child,03-OCT-24 02.44.14.528000 PM
7499.0,Normal user tries to create new Provvidenza request for a child,03-OCT-24 02.34.14.954000 PM
6076.0,Normal user enters the Provvidenza Figli page,04-OCT-24 10.02.55.026000 AM
5784.0,HR/Normal user tries to update the answer,03-OCT-24 02.32.01.658000 PM
7267.0,HR/Normal user tries to update the answer,04-OCT-24 09.01.18.681000 AM
15452.0,Normal user enters the Provvidenza Figli page,04-OCT-24 09.00.44.946000 AM
,Download PDF dalla sezione Cedolini,04-OCT-24 09.32.32.787000 AM
8450.0,Verifica possibilità di accesso a fondo pensione per Scelta Welfare,28-OCT-24 01.08.40.605000 PM
6104.0,HR/Normal user tries to update the answer,03-OCT-24 02.27.40.599000 PM
13001184.0,Normal user enters the Provvidenza Figli page,18-OCT-24 04.05.04.148000 PM
15690.0,Normal user tries to create new Provvidenza request for a child,04-OCT-24 09.47.37.968000 AM
7989.0,HR/Normal user tries to update the answer,03-OCT-24 02.29.24.630000 PM
7059.0,Normal user enters the Provvidenza Figli page,04-OCT-24 09.18.04.939000 AM
9077.0,Normal user enters the Provvidenza Figli page,04-OCT-24 08.55.48.721000 AM
6866.0,HR/Normal user tries to update the answer,21-OCT-24 04.21.54.801000 PM
7068.0,Download PDF dalla sezione Cedolini,04-OCT-24 09.03.58.958000 AM
6093.0,Normal user enters the Provvidenza Figli page,04-OCT-24 09.16.45.005000 AM
6095.0,Normal user tries to create new Provvidenza request for a child,04-OCT-24 09.38.01.908000 AM
5483.0,Normal / HR user updates the answer,04-OCT-24 10.00.40.791000 AM
5483.0,Normal user enters the Provvidenza Figli page,04-OCT-24 09.59.35.289000 AM
13002978.0,HR/Normal user tries to update the answer,28-OCT-24 03.22.04.775000 PM
8314.0,Normal user enters the Provvidenza Figli page,04-OCT-24 09.18.42.747000 AM
13000565.0,Normal user assign new grade for the child while creating a request,04-OCT-24 09.35.00.071000 AM
6866.0,HR/Normal user tries to update the answer,21-OCT-24 04.21.50.761000 PM
,Dettaglio elenco Cedolini e CU disponibili al download,28-OCT-24 02.54.59.974000 PM
7607.0,HR tried to update grade,04-OCT-24 09.51.55.413000 AM
6359.0,HR/Normal user tries to update the answer,04-OCT-24 09.25.58.786000 AM
6093.0,Normal user tries to create new Provvidenza request for a child,04-OCT-24 09.19.38.063000 AM
5319.0,HR/Normal user tries to update the answer,18-OCT-24 04.05.11.700000 PM
9093.0,Normal user tries to create new Provvidenza request for a child,04-OCT-24 09.34.25.858000 AM
,Dettaglio elenco Cedolini e CU disponibili al download,15-OCT-24 10.19.47.478000 AM
6134.0,Normal user enters the Provvidenza Figli page,09-OCT-24 04.23.13.566000 PM
18291.0,Dettaglio elenco Cedolini e CU disponibili al download,04-OCT-24 09.23.36.166000 AM
7068.0,Normal user assign new grade for the child while creating a request,04-OCT-24 08.54.05.521000 AM
11253.0,HR/Normal user tries to update the answer,04-OCT-24 05.04.22.648000 PM
,Dettaglio elenco Cedolini e CU disponibili al download,24-OCT-24 09.25.06.305000 AM
6316.0,HR/Normal user tries to update the answer,08-OCT-24 08.29.52.537000 AM
,Download PDF dalla sezione Cedolini,28-OCT-24 02.39.53.345000 PM
7201.0,Normal user enters the Provvidenza Figli page,04-OCT-24 09.02.40.451000 AM
,Download PDF dalla sezione Cedolini,07-OCT-24 11.19.56.231000 AM
13002843.0,HR tried to update grade,30-OCT-24 03.37.08.434000 PM
7916.0,Dettaglio elenco Cedolini e CU disponibili al download,24-OCT-24 05.31.55.317000 PM
,Dettaglio elenco Cedolini e CU disponibili al download,28-OCT-24 02.09.00.842000 PM
,Download PDF dalla sezione Cedolini,24-OCT-24 09.39.06.887000 AM
6745.0,HR/Normal user tries to update the answer,03-OCT-24 08.16.08.942000 PM
18634.0,Dettaglio elenco Cedolini e CU disponibili al download,29-OCT-24 04.55.56.439000 PM
8388.0,Normal user enters the Provvidenza Figli page,07-OCT-24 10.41.42.286000 AM
,Dettaglio elenco Cedolini e CU disponibili al download,28-OCT-24 01.06.59.439000 PM
6058.0,Normal user enters the Provvidenza Figli page,07-OCT-24 10.20.55.175000 AM
7607.0,HR/Normal user tries to update the answer,04-OCT-24 09.52.03.252000 AM
7530.0,HR/Normal user tries to update the answer,07-OCT-24 11.12.00.575000 AM
7506.0,HR/Normal user tries to update the answer,06-OCT-24 08.11.34.926000 PM
5271.0,HR/Normal user tries to update the answer,21-OCT-24 09.46.45.839000 AM
,Lettura e accettazione dell'accordo di smartworking,16-OCT-24 08.32.55.797000 AM
5226.0,HR/Normal user tries to update the answer,07-OCT-24 10.59.12.969000 AM
13002601.0,Verifica possibilità di accesso a fondo pensione per Scelta Welfare,24-OCT-24 09.18.14.406000 AM
,Download PDF dalla sezione Cedolini,16-OCT-24 02.45.07.042000 PM
8245.0,Normal user tries to create new Provvidenza request for a child,07-OCT-24 10.46.01.775000 AM
8245.0,HR/Normal user tries to update the answer,07-OCT-24 10.46.32.070000 AM
13002408.0,Recupero dettagli utente per invio adesione Fondo Nazionale,29-OCT-24 05.23.19.934000 PM
13002268.0,Recupero dettagliutente per Scelta Welfare,14-OCT-24 08.37.54.781000 PM
,Dettaglio elenco Cedolini e CU disponibili al download,16-OCT-24 02.20.28.564000 PM
6639.0,Recupero dettagliutente per Scelta Welfare,31-OCT-24 04.55.05.701000 PM
,Dettaglio elenco Cedolini e CU disponibili al download,16-OCT-24 12.54.09.981000 PM
16714.0,Recupero dettagliutente per Scelta Welfare,29-OCT-24 06.00.20.155000 PM
,Dettaglio elenco Cedolini e CU disponibili al download,29-OCT-24 05.11.37.373000 PM
,Dettaglio elenco Cedolini e CU disponibili al download,08-OCT-24 12.49.38.095000 PM
5690.0,HR/Normal user tries to update the answer,08-OCT-24 12.41.41.862000 PM
9210.0,Download PDF dalla sezione Cedolini,14-OCT-24 02.53.52.728000 PM
7205.0,HR/Normal user tries to update the answer,08-OCT-24 12.25.28.251000 PM
,Download PDF dalla sezione Cedolini,24-OCT-24 09.23.40.997000 AM
,Download PDF dalla sezione Cedolini,14-OCT-24 08.39.11.869000 PM
13002972.0,Recupero dettagli utente per Scelta orario di lavoro,17-OCT-24 09.35.53.620000 AM
6940.0,HR tried to update grade,08-OCT-24 12.02.42.004000 PM
16429.0,Dettaglio elenco Cedolini e CU disponibili al download,28-OCT-24 12.35.29.204000 PM
,Dettaglio elenco Cedolini e CU disponibili al download,28-OCT-24 04.16.49.049000 PM
5690.0,HR/Normal user tries to update the answer,08-OCT-24 12.39.53.743000 PM
,Download PDF dalla sezione Cedolini,16-OCT-24 05.39.14.780000 PM
,Dettaglio elenco Cedolini e CU disponibili al download,31-OCT-24 05.48.51.265000 PM
15798.0,Dettaglio elenco Cedolini e CU disponibili al download,28-OCT-24 04.18.17.126000 PM
5467.0,Normal user assign new grade for the child while creating a request,08-OCT-24 12.36.03.369000 PM
7348.0,Normal user enters the Provvidenza Figli page,09-OCT-24 01.22.18.128000 PM
,Dettaglio elenco Cedolini e CU disponibili al download,10-OCT-24 03.55.18.653000 PM
7348.0,Normal user enters the Provvidenza Figli page,09-OCT-24 01.24.22.948000 PM
,Dettaglio elenco Cedolini e CU disponibili al download,22-OCT-24 04.05.25.442000 PM
6355.0,HR/Normal user tries to update the answer,10-OCT-24 03.57.15.609000 PM
13002974.0,Recupero dettagli utente per Scelta orario di lavoro,17-OCT-24 10.05.47.260000 AM
13002972.0,Recupero dettagliutente per Scelta Welfare,15-OCT-24 12.35.01.664000 PM
13002974.0,Verifica possibilità di accesso a fondo pensione per Scelta Welfare,17-OCT-24 10.07.39.929000 AM
,Download PDF dalla sezione Cedolini,30-OCT-24 05.12.45.066000 PM
13002974.0,Normal user enters the Provvidenza Figli page,17-OCT-24 10.05.50.653000 AM
6047.0,Normal user assign new grade for the child while creating a request,10-OCT-24 04.14.35.185000 PM
5797.0,HR/Normal user tries to update the answer,08-OCT-24 12.40.10.377000 PM
,Dettaglio elenco Cedolini e CU disponibili al download,30-OCT-24 04.50.00.817000 PM
,Dettaglio elenco Cedolini e CU disponibili al download,30-OCT-24 05.19.07.790000 PM
,Dettaglio elenco Cedolini e CU disponibili al download,30-OCT-24 05.25.06.104000 PM
,Dettaglio elenco Cedolini e CU disponibili al download,30-OCT-24 04.15.16.661000 PM
,Download PDF dalla sezione Cedolini,18-OCT-24 10.27.56.704000 AM
,Dettaglio elenco Cedolini e CU disponibili al download,30-OCT-24 04.19.30.945000 PM
,Dettaglio elenco Cedolini e CU disponibili al download,28-OCT-24 12.27.35.624000 PM
7864.0,Recupero dettagliutente per Scelta Welfare,28-OCT-24 04.14.06.730000 PM
5878.0,HR tried to update grade,17-OCT-24 10.23.57.693000 AM
,Dettaglio elenco Cedolini e CU disponibili al download,17-OCT-24 02.38.12.266000 PM
13002972.0,Verifica possibilità di accesso a fondo pensione per Scelta Welfare,17-OCT-24 10.41.51.952000 AM
6252.0,HR/Normal user tries to update the answer,07-OCT-24 08.13.47.266000 AM
,Download PDF dalla sezione Cedolini,30-OCT-24 04.58.14.299000 PM
7906.0,Normal user enters the Provvidenza Figli page,30-OCT-24 04.59.12.487000 PM
13000848.0,Recupero dettagliutente per Scelta Welfare,29-OCT-24 12.48.06.172000 PM
7348.0,Normal user assign new grade for the child while creating a request,09-OCT-24 01.22.37.082000 PM
,Dettaglio elenco Cedolini e CU disponibili al download,30-OCT-24 04.56.47.996000 PM
13001303.0,Normal user enters the Provvidenza Figli page,08-OCT-24 11.21.18.868000 AM
,Dettaglio elenco Cedolini e CU disponibili al download,17-OCT-24 09.48.00.468000 AM
,Download PDF dalla sezione Cedolini,28-OCT-24 03.22.03.116000 PM
5811.0,Normal user enters the Provvidenza Figli page,07-OCT-24 08.42.16.941000 AM
8324.0,Download PDF dalla sezione Cedolini,02-OCT-24 07.28.11.546000 PM
5811.0,HR/Normal user tries to update the answer,07-OCT-24 08.42.41.160000 AM
7492.0,Normal user enters the Provvidenza Figli page,08-OCT-24 11.03.03.618000 AM
5811.0,HR/Normal user tries to update the answer,07-OCT-24 08.43.01.327000 AM
8166.0,Normal user assign new grade for the child while creating a request,07-OCT-24 08.14.53.242000 AM
,Dettaglio elenco Cedolini e CU disponibili al download,09-OCT-24 01.22.00.570000 PM
,Dettaglio elenco Cedolini e CU disponibili al download,29-OCT-24 10.45.29.410000 AM
6199.0,Normal user enters the Provvidenza Figli page,09-OCT-24 01.20.41.357000 PM
,Dettaglio elenco Cedolini e CU disponibili al download,29-OCT-24 05.13.57.585000 PM
13002978.0,HR tried to update grade,28-OCT-24 03.21.45.510000 PM
8879.0,Recupero dettagli utente per invio adesione Fondo Nazionale,18-OCT-24 09.57.38.344000 AM
13002972.0,Recupero dettagli utente per invio adesione Fondo Nazionale,17-OCT-24 10.31.53.339000 AM
,Dettaglio elenco Cedolini e CU disponibili al download,29-OCT-24 06.03.58.359000 PM
,Download PDF dalla sezione Cedolini,07-OCT-24 12.36.30.287000 PM
6374.0,Normal user tries to create new Provvidenza request for a child,08-OCT-24 11.34.45.546000 AM
7377.0,Normal user assign new grade for the child while creating a request,05-OCT-24 04.14.16.584000 PM
13002993.0,Recupero dettagli utente per Scelta orario di lavoro,29-OCT-24 08.59.29.401000 AM
7377.0,Normal user enters the Provvidenza Figli page,05-OCT-24 04.13.57.666000 PM
7632.0,Dettaglio elenco Cedolini e CU disponibili al download,29-OCT-24 08.39.35.477000 AM
6374.0,Normal user enters the Provvidenza Figli page,08-OCT-24 11.35.26.283000 AM
6130.0,Download PDF dalla sezione Cedolini,08-OCT-24 11.41.32.678000 AM
,Download PDF dalla sezione Cedolini,08-OCT-24 11.45.59.876000 AM
5555.0,HR/Normal user tries to update the answer,07-OCT-24 12.27.53.193000 PM
13000436.0,Verifica possibilità di accesso a fondo pensione per Scelta Welfare,29-OCT-24 09.00.33.197000 AM
6905.0,Normal user enters the Provvidenza Figli page,07-OCT-24 08.52.16.545000 AM
,Download PDF dalla sezione Cedolini,07-OCT-24 11.35.43.732000 AM
6771.0,HR/Normal user tries to update the answer,07-OCT-24 12.42.01.554000 PM
,Download PDF dalla sezione Cedolini,07-OCT-24 08.47.57.274000 AM
5590.0,HR/Normal user tries to update the answer,07-OCT-24 08.28.35.226000 AM
5945.0,Normal user enters the Provvidenza Figli page,07-OCT-24 12.48.34.817000 PM
7110.0,Recupero dettagliutente per Scelta Welfare,29-OCT-24 09.15.09.267000 AM
6282.0,Normal user enters the Provvidenza Figli page,07-OCT-24 12.05.02.893000 PM
,Download PDF dalla sezione Cedolini,04-OCT-24 12.44.36.325000 PM
,Dettaglio elenco Cedolini e CU disponibili al download,25-OCT-24 05.58.27.583000 PM
6979.0,Normal user tries to create new Provvidenza request for a child,07-OCT-24 12.54.48.890000 PM
8059.0,Verifica possibilità di accesso a fondo pensione per Scelta Welfare,24-OCT-24 12.40.10.699000 PM
,Dettaglio elenco Cedolini e CU disponibili al download,18-OCT-24 10.51.05.813000 AM
7832.0,HR/Normal user tries to update the answer,03-OCT-24 06.18.34.006000 PM
,Download PDF dalla sezione Cedolini,29-OCT-24 09.43.56.208000 AM
13002935.0,Normal user tries to create new Provvidenza request for a child,04-OCT-24 01.54.26.584000 PM
6130.0,Dettaglio elenco Cedolini e CU disponibili al download,08-OCT-24 11.42.04.397000 AM
5581.0,HR/Normal user tries to update the answer,07-OCT-24 08.46.37.178000 AM
13000881.0,HR/Normal user tries to update the answer,04-OCT-24 01.53.31.921000 PM
19201.0,Normal user enters the Provvidenza Figli page,07-OCT-24 12.22.29.369000 PM
5757.0,HR/Normal user tries to update the answer,07-OCT-24 12.55.29.558000 PM
6076.0,Recupero dettagli utente per Scelta orario di lavoro,02-OCT-24 09.17.20.273000 AM
,Dettaglio elenco Cedolini e CU disponibili al download,29-OCT-24 10.55.32.402000 AM
5555.0,HR/Normal user tries to update the answer,07-OCT-24 12.27.31.903000 PM
,Dettaglio elenco Cedolini e CU disponibili al download,25-OCT-24 05.58.23.569000 PM
5848.0,HR/Normal user tries to update the answer,04-OCT-24 01.39.09.642000 PM
13002692.0,Normal user enters the Provvidenza Figli page,04-OCT-24 12.45.48.208000 PM
5945.0,Normal user enters the Provvidenza Figli page,07-OCT-24 12.49.36.988000 PM
6895.0,Normal user assign new grade for the child while creating a request,08-OCT-24 11.34.02.356000 AM
6331.0,Normal user assign new grade for the child while creating a request,07-OCT-24 12.25.55.642000 PM
10871.0,HR/Normal user tries to update the answer,03-OCT-24 06.19.04.254000 PM
,Download PDF dalla sezione Cedolini,29-OCT-24 08.51.11.046000 AM
,Dettaglio elenco Cedolini e CU disponibili al download,25-OCT-24 04.36.50.208000 PM
14259.0,Verifica possibilità di accesso a fondo pensione per Scelta Welfare,25-OCT-24 11.03.29.004000 AM
8088.0,Normal user enters the Provvidenza Figli page,25-OCT-24 10.22.19.205000 AM
,Download PDF dalla sezione Cedolini,07-OCT-24 12.35.33.467000 PM
5577.0,Normal user assign new grade for the child while creating a request,04-OCT-24 12.57.29.992000 PM
,Download PDF dalla sezione Cedolini,25-OCT-24 10.04.51.370000 AM
,Dettaglio elenco Cedolini e CU disponibili al download,07-OCT-24 12.56.03.747000 PM
8195.0,Download PDF dalla sezione Cedolini,25-OCT-24 11.08.42.806000 AM
6146.0,Normal user enters the Provvidenza Figli page,05-OCT-24 05.33.27.672000 PM
18291.0,Normal user assign new grade for the child while creating a request,09-OCT-24 06.40.22.926000 AM
,Dettaglio elenco Cedolini e CU disponibili al download,25-OCT-24 10.39.23.326000 AM
7325.0,Normal user update grade for a child,04-OCT-24 01.03.06.646000 PM
,Download PDF dalla sezione Cedolini,25-OCT-24 06.07.02.268000 PM
6146.0,Normal user tries to create new Provvidenza request for a child,05-OCT-24 05.28.21.960000 PM
,Dettaglio elenco Cedolini e CU disponibili al download,25-OCT-24 10.46.08.948000 AM
,Dettaglio elenco Cedolini e CU disponibili al download,25-OCT-24 09.49.46.140000 AM
,Download PDF dalla sezione Cedolini,23-OCT-24 10.32.47.854000 AM
7792.0,HR/Normal user tries to update the answer,07-OCT-24 11.53.27.778000 AM
13000881.0,Normal user enters the Provvidenza Figli page,04-OCT-24 01.53.22.070000 PM
13002266.0,Verifica possibilità di accesso a fondo pensione per Scelta Welfare,24-OCT-24 12.23.26.231000 PM
,Dettaglio elenco Cedolini e CU disponibili al download,25-OCT-24 10.08.54.593000 AM
,Download PDF dalla sezione Cedolini,23-OCT-24 10.32.21.426000 AM
,Dettaglio elenco Cedolini e CU disponibili al download,25-OCT-24 10.44.56.334000 AM
,Download PDF dalla sezione Cedolini,23-OCT-24 10.33.24.565000 AM
,Download PDF dalla sezione Cedolini,25-OCT-24 10.03.32.155000 AM
13002994.0,Recupero dettagli utente per Scelta orario di lavoro,25-OCT-24 10.22.37.043000 AM
7313.0,Normal user enters the Provvidenza Figli page,07-OCT-24 12.02.58.982000 PM
,Download PDF dalla sezione Cedolini,25-OCT-24 01.22.00.302000 PM
,Download PDF dalla sezione Cedolini,23-OCT-24 10.33.23.388000 AM
,Dettaglio elenco Cedolini e CU disponibili al download,25-OCT-24 04.59.39.814000 PM
,Dettaglio elenco Cedolini e CU disponibili al download,25-OCT-24 10.42.51.049000 AM
13001573.0,Normal user enters the Provvidenza Figli page,29-OCT-24 11.08.42.410000 AM
5945.0,HR/Normal user tries to update the answer,07-OCT-24 12.48.44.051000 PM
8088.0,HR tried to update grade,25-OCT-24 10.22.33.912000 AM
,Dettaglio elenco Cedolini e CU disponibili al download,25-OCT-24 05.07.44.165000 PM
6146.0,Normal / HR user updates the answer,05-OCT-24 05.31.57.992000 PM
7115.0,Normal user enters the Provvidenza Figli page,02-OCT-24 09.27.28.375000 AM
,Download PDF dalla sezione Cedolini,25-OCT-24 01.49.00.073000 PM
8059.0,Verifica possibilità di accesso a fondo pensione per Scelta Welfare,24-OCT-24 12.37.50.802000 PM
,Download PDF dalla sezione Cedolini,25-OCT-24 01.50.30.252000 PM
,Download PDF dalla sezione Cedolini,23-OCT-24 10.32.47.125000 AM
,Download PDF dalla sezione Cedolini,23-OCT-24 10.33.29.934000 AM
,Dettaglio elenco Cedolini e CU disponibili al download,25-OCT-24 01.49.28.093000 PM
,Dettaglio elenco Cedolini e CU disponibili al download,25-OCT-24 12.51.39.793000 PM
6199.0,Normal user enters the Provvidenza Figli page,14-OCT-24 02.24.05.632000 PM
,Download PDF dalla sezione Cedolini,23-OCT-24 10.32.31.010000 AM
,Dettaglio elenco Cedolini e CU disponibili al download,23-OCT-24 10.31.53.369000 AM
,Download PDF dalla sezione Cedolini,23-OCT-24 10.33.33.751000 AM
13002986.0,Recupero dettagliutente per Scelta Welfare,22-OCT-24 07.50.26.500000 PM
,Dettaglio elenco Cedolini e CU disponibili al download,25-OCT-24 01.24.12.715000 PM
,Download PDF dalla sezione Cedolini,25-OCT-24 01.31.07.790000 PM
,Dettaglio elenco Cedolini e CU disponibili al download,22-OCT-24 07.50.01.047000 PM
,Download PDF dalla sezione Cedolini,25-OCT-24 01.55.06.097000 PM
5592.0,Normal user tries to create new Provvidenza request for a child,17-OCT-24 03.26.03.039000 PM
5556.0,HR/Normal user tries to update the answer,07-OCT-24 10.49.08.948000 AM
,Download PDF dalla sezione Cedolini,27-OCT-24 08.18.51.819000 PM
,Dettaglio elenco Cedolini e CU disponibili al download,25-OCT-24 01.24.08.840000 PM
5556.0,Normal user tries to create new Provvidenza request for a child,07-OCT-24 10.49.31.575000 AM
,Dettaglio elenco Cedolini e CU disponibili al download,25-OCT-24 01.55.26.021000 PM
,Dettaglio elenco Cedolini e CU disponibili al download,25-OCT-24 02.12.24.483000 PM
7843.0,HR/Normal user tries to update the answer,07-OCT-24 10.47.00.950000 AM
,Dettaglio elenco Cedolini e CU disponibili al download,25-OCT-24 01.06.25.522000 PM
6709.0,Normal user enters the Provvidenza Figli page,02-OCT-24 10.40.35.886000 AM
,Download PDF dalla sezione Cedolini,25-OCT-24 01.55.50.354000 PM
9473.0,Normal user update grade for a child,07-OCT-24 10.38.14.679000 AM
,Download PDF dalla sezione Cedolini,25-OCT-24 10.49.08.874000 AM
,Dettaglio elenco Cedolini e CU disponibili al download,07-OCT-24 11.21.10.595000 AM
6174.0,Normal / HR user updates the answer,07-OCT-24 10.41.21.686000 AM
7530.0,Normal user assign new grade for the child while creating a request,07-OCT-24 11.10.48.792000 AM
7530.0,Normal user assign new grade for the child while creating a request,07-OCT-24 11.11.47.458000 AM
7843.0,HR/Normal user tries to update the answer,07-OCT-24 10.46.16.050000 AM
,Download PDF dalla sezione Cedolini,25-OCT-24 01.44.01.159000 PM
19442.0,Download PDF dalla sezione Cedolini,25-OCT-24 11.05.29.222000 AM
,Dettaglio elenco Cedolini e CU disponibili al download,02-OCT-24 10.36.22.421000 AM
8203.0,Normal user enters the Provvidenza Figli page,07-OCT-24 11.13.17.973000 AM
,Download PDF dalla sezione Cedolini,07-OCT-24 11.35.41.610000 AM
18476.0,Recupero dettagliutente per Scelta Welfare,22-OCT-24 09.43.39.842000 PM
,Dettaglio elenco Cedolini e CU disponibili al download,09-OCT-24 02.30.57.683000 PM
7690.0,Normal user assign new grade for the child while creating a request,03-OCT-24 01.34.27.747000 PM
5847.0,Normal / HR user updates the answer,03-OCT-24 01.22.46.287000 PM
,Dettaglio elenco Cedolini e CU disponibili al download,09-OCT-24 02.16.37.493000 PM
,Download PDF dalla sezione Cedolini,15-OCT-24 09.34.09.656000 AM
5472.0,HR/Normal user tries to update the answer,03-OCT-24 01.31.35.365000 PM
17324.0,HR/Normal user tries to update the answer,03-OCT-24 02.15.09.743000 PM
7207.0,Recupero dettagliutente per Scelta Welfare,03-OCT-24 01.30.14.026000 PM
7243.0,Normal user assign new grade for the child while creating a request,03-OCT-24 01.24.12.351000 PM
16786.0,Download PDF dalla sezione Cedolini,25-OCT-24 11.31.21.301000 AM
9774.0,HR/Normal user tries to update the answer,03-OCT-24 02.08.35.538000 PM
5604.0,HR/Normal user tries to update the answer,03-OCT-24 01.26.57.867000 PM
8042.0,HR/Normal user tries to update the answer,03-OCT-24 02.14.05.965000 PM
7199.0,HR/Normal user tries to update the answer,03-OCT-24 01.30.53.433000 PM
13000760.0,HR/Normal user tries to update the answer,03-OCT-24 01.36.11.618000 PM
5760.0,Normal user enters the Provvidenza Figli page,03-OCT-24 01.35.31.135000 PM
13001862.0,HR/Normal user tries to update the answer,03-OCT-24 01.35.52.057000 PM
6006.0,Normal / HR user updates the answer,03-OCT-24 01.45.21.233000 PM
5619.0,Normal user assign new grade for the child while creating a request,03-OCT-24 02.29.41.065000 PM
7949.0,HR/Normal user tries to update the answer,03-OCT-24 01.35.54.595000 PM
7040.0,HR/Normal user tries to update the answer,03-OCT-24 02.06.25.743000 PM
13000760.0,Normal user enters the Provvidenza Figli page,03-OCT-24 01.36.34.355000 PM
,Download PDF dalla sezione Cedolini,25-OCT-24 11.11.01.622000 AM
,Download PDF dalla sezione Cedolini,25-OCT-24 10.48.24.826000 AM
7810.0,HR/Normal user tries to update the answer,04-OCT-24 10.17.13.664000 AM
5768.0,HR/Normal user tries to update the answer,04-OCT-24 10.02.47.293000 AM
,Dettaglio elenco Cedolini e CU disponibili al download,25-OCT-24 11.37.18.617000 AM
8062.0,HR/Normal user tries to update the answer,04-OCT-24 10.17.40.660000 AM
5483.0,HR/Normal user tries to update the answer,04-OCT-24 10.00.47.476000 AM
7502.0,Normal user enters the Provvidenza Figli page,04-OCT-24 10.19.42.806000 AM
5238.0,HR/Normal user tries to update the answer,04-OCT-24 10.10.29.328000 AM
,Download PDF dalla sezione Cedolini,29-OCT-24 04.41.50.660000 PM
14647.0,HR tried to update grade,04-OCT-24 10.16.08.604000 AM
7810.0,Normal user enters the Provvidenza Figli page,04-OCT-24 10.20.33.127000 AM
6221.0,Normal user tries to create new Provvidenza request for a child,03-OCT-24 02.28.32.743000 PM
14647.0,HR/Normal user tries to update the answer,04-OCT-24 10.16.24.772000 AM
13002165.0,Recupero dettagliutente per Scelta Welfare,03-OCT-24 09.25.32.362000 AM
6363.0,HR/Normal user tries to update the answer,04-OCT-24 10.40.26.028000 AM
6076.0,Normal user tries to create new Provvidenza request for a child,04-OCT-24 10.01.52.257000 AM
7072.0,Dettaglio elenco Cedolini e CU disponibili al download,29-OCT-24 04.44.49.336000 PM
5545.0,HR/Normal user tries to update the answer,04-OCT-24 10.23.43.742000 AM
5906.0,HR/Normal user tries to update the answer,04-OCT-24 10.25.43.827000 AM
5545.0,HR/Normal user tries to update the answer,04-OCT-24 10.23.50.192000 AM
5545.0,HR/Normal user tries to update the answer,04-OCT-24 10.24.04.908000 AM
,Dettaglio elenco Cedolini e CU disponibili al download,15-OCT-24 03.40.54.788000 PM
7234.0,Normal / HR user updates the answer,04-OCT-24 10.36.23.131000 AM
,Download PDF dalla sezione Cedolini,29-OCT-24 04.46.17.734000 PM
5906.0,Normal user enters the Provvidenza Figli page,04-OCT-24 10.28.10.509000 AM
5545.0,Normal user enters the Provvidenza Figli page,04-OCT-24 10.23.15.525000 AM
7468.0,HR/Normal user tries to update the answer,04-OCT-24 10.30.13.142000 AM
7175.0,HR/Normal user tries to update the answer,04-OCT-24 11.16.49.997000 AM
11399.0,Normal user enters the Provvidenza Figli page,03-OCT-24 02.22.31.484000 PM
13002130.0,Normal user update grade for a child,04-OCT-24 10.53.41.534000 AM
,Dettaglio elenco Cedolini e CU disponibili al download,13-OCT-24 06.17.32.593000 PM
13002986.0,Recupero dettagli utente per Scelta orario di lavoro,25-OCT-24 11.05.25.771000 AM
8438.0,HR/Normal user tries to update the answer,05-OCT-24 07.34.10.129000 PM
7107.0,HR/Normal user tries to update the answer,04-OCT-24 11.03.03.615000 AM
7073.0,HR/Normal user tries to update the answer,04-OCT-24 11.05.48.785000 AM
17151.0,HR/Normal user tries to update the answer,11-OCT-24 06.12.59.023000 PM
5768.0,HR/Normal user tries to update the answer,04-OCT-24 10.00.44.568000 AM
17151.0,Normal user update grade for a child,11-OCT-24 06.12.45.255000 PM
13002840.0,Normal user assign new grade for the child while creating a request,08-OCT-24 03.02.36.679000 PM
7371.0,HR/Normal user tries to update the answer,18-OCT-24 03.18.50.491000 PM
7564.0,HR/Normal user tries to update the answer,08-OCT-24 06.59.06.168000 AM
5445.0,Normal user tries to create new Provvidenza request for a child,09-OCT-24 03.23.45.243000 PM
,Dettaglio elenco Cedolini e CU disponibili al download,29-OCT-24 11.31.46.446000 AM
7115.0,Normal user enters the Provvidenza Figli page,02-OCT-24 09.25.58.036000 AM
5849.0,HR/Normal user tries to update the answer,03-OCT-24 07.20.10.149000 PM
5849.0,HR/Normal user tries to update the answer,03-OCT-24 07.21.24.968000 PM
,Dettaglio elenco Cedolini e CU disponibili al download,24-OCT-24 04.32.03.138000 PM
,Dettaglio elenco Cedolini e CU disponibili al download,29-OCT-24 03.21.14.589000 PM
5137.0,HR/Normal user tries to update the answer,11-OCT-24 09.01.54.377000 AM
13000371.0,Recupero dettagli utente per invio adesione Fondo Nazionale,15-OCT-24 02.56.44.289000 PM
,Download PDF dalla sezione Cedolini,28-OCT-24 08.23.38.651000 AM
,Download PDF dalla sezione Cedolini,02-OCT-24 04.06.17.011000 PM
5633.0,HR tried to update grade,04-OCT-24 10.13.29.149000 AM
,Download PDF dalla sezione Cedolini,02-OCT-24 04.04.48.224000 PM
7593.0,Normal user assign new grade for the child while creating a request,09-OCT-24 11.25.00.067000 AM
5906.0,HR/Normal user tries to update the answer,04-OCT-24 10.26.45.261000 AM
,Download PDF dalla sezione Cedolini,27-OCT-24 11.26.47.209000 AM
,Dettaglio elenco Cedolini e CU disponibili al download,10-OCT-24 03.54.06.455000 PM
5746.0,HR/Normal user tries to update the answer,04-OCT-24 10.16.30.516000 AM
6972.0,HR/Normal user tries to update the answer,14-OCT-24 04.37.31.079000 PM
14622.0,Recupero dettagliutente per Scelta Welfare,07-OCT-24 01.22.04.283000 PM
7978.0,HR/Normal user tries to update the answer,04-OCT-24 08.16.58.038000 AM
8464.0,HR/Normal user tries to update the answer,14-OCT-24 04.58.01.943000 PM
,Download PDF dalla sezione Cedolini,25-OCT-24 09.49.49.103000 AM
,A valid user enters the MIFID page details of the user would be logged,31-OCT-24 08.57.14.550000 AM
5646.0,HR/Normal user tries to update the answer,04-OCT-24 08.13.12.226000 AM
6489.0,Normal user tries to create new Provvidenza request for a child,04-OCT-24 08.35.44.084000 AM
,Download PDF dalla sezione Cedolini,25-OCT-24 09.04.41.095000 AM
6199.0,Normal user enters the Provvidenza Figli page,14-OCT-24 05.17.57.969000 PM
5240.0,HR/Normal user tries to update the answer,04-OCT-24 08.55.00.537000 AM
18554.0,Dettaglio elenco Cedolini e CU disponibili al download,25-OCT-24 09.30.27.687000 AM
6489.0,Normal user enters the Provvidenza Figli page,04-OCT-24 08.34.42.783000 AM
9077.0,HR/Normal user tries to update the answer,04-OCT-24 08.56.27.515000 AM
7068.0,HR/Normal user tries to update the answer,04-OCT-24 08.54.30.803000 AM
8260.0,Normal user tries to create new Provvidenza request for a child,04-OCT-24 09.18.07.926000 AM
6359.0,HR/Normal user tries to update the answer,04-OCT-24 09.25.07.949000 AM
10864.0,Normal user update grade for a child,04-OCT-24 08.56.01.422000 AM
5853.0,HR/Normal user tries to update the answer,04-OCT-24 09.08.25.354000 AM
,Dettaglio elenco Cedolini e CU disponibili al download,04-OCT-24 09.25.29.631000 AM
,Dettaglio elenco Cedolini e CU disponibili al download,04-OCT-24 08.57.09.518000 AM
6180.0,Normal user enters the Provvidenza Figli page,04-OCT-24 08.56.21.984000 AM
,Download PDF dalla sezione Cedolini,25-OCT-24 09.10.51.581000 AM
6180.0,Normal user enters the Provvidenza Figli page,04-OCT-24 08.58.21.771000 AM
9093.0,HR/Normal user tries to update the answer,04-OCT-24 09.33.43.362000 AM
15452.0,Normal user tries to create new Provvidenza request for a child,04-OCT-24 09.00.49.679000 AM
,Dettaglio elenco Cedolini e CU disponibili al download,04-OCT-24 09.42.33.603000 AM
,Dettaglio elenco Cedolini e CU disponibili al download,14-OCT-24 09.54.01.349000 AM
6632.0,HR/Normal user tries to update the answer,10-OCT-24 05.49.46.896000 PM
7713.0,Normal user tries to create new Provvidenza request for a child,04-OCT-24 08.35.58.944000 AM
5607.0,HR tried to update grade,08-OCT-24 10.08.53.592000 AM
5843.0,HR/Normal user tries to update the answer,08-OCT-24 03.03.24.404000 PM
5607.0,HR/Normal user tries to update the answer,08-OCT-24 10.07.02.041000 AM
,Dettaglio elenco Cedolini e CU disponibili al download,04-OCT-24 08.30.20.532000 AM
,Dettaglio elenco Cedolini e CU disponibili al download,24-OCT-24 03.31.05.506000 PM
9061.0,Normal user assign new grade for the child while creating a request,04-OCT-24 08.21.49.439000 AM
8454.0,Normal user tries to create new Provvidenza request for a child,04-OCT-24 07.39.25.373000 AM
13001727.0,HR/Normal user tries to update the answer,08-OCT-24 09.28.09.910000 AM
5901.0,Normal user enters the Provvidenza Figli page,03-OCT-24 02.02.28.979000 PM
9097.0,HR/Normal user tries to update the answer,03-OCT-24 01.57.52.224000 PM
5639.0,Normal user enters the Provvidenza Figli page,03-OCT-24 02.14.15.144000 PM
13002184.0,Normal user assign new grade for the child while creating a request,04-OCT-24 02.12.50.049000 PM
6817.0,Normal user assign new grade for the child while creating a request,03-OCT-24 02.05.00.599000 PM
7733.0,Normal user assign new grade for the child while creating a request,03-OCT-24 02.36.21.764000 PM
,Dettaglio elenco Cedolini e CU disponibili al download,03-OCT-24 02.44.28.995000 PM
6645.0,Normal user assign new grade for the child while creating a request,03-OCT-24 02.28.45.463000 PM
6393.0,Normal user enters the Provvidenza Figli page,03-OCT-24 01.59.04.178000 PM
9208.0,Normal user assign new grade for the child while creating a request,03-OCT-24 02.44.14.658000 PM
8314.0,Normal user assign new grade for the child while creating a request,04-OCT-24 09.21.44.762000 AM
14621.0,Normal user update grade for a child,28-OCT-24 03.35.44.320000 PM
16672.0,HR/Normal user tries to update the answer,09-OCT-24 03.23.17.018000 PM
10057.0,HR/Normal user tries to update the answer,03-OCT-24 02.43.19.581000 PM
13002479.0,Normal user enters the Provvidenza Figli page,03-OCT-24 02.17.11.491000 PM
13002179.0,HR tried to update grade,03-OCT-24 02.48.33.351000 PM
5725.0,HR/Normal user tries to update the answer,03-OCT-24 02.02.17.472000 PM
,Download PDF dalla sezione Cedolini,03-OCT-24 02.43.11.416000 PM
6578.0,Normal user enters the Provvidenza Figli page,03-OCT-24 02.11.11.040000 PM
6096.0,Normal user update grade for a child,03-OCT-24 02.37.06.969000 PM
6910.0,Normal user enters the Provvidenza Figli page,09-OCT-24 12.36.57.754000 PM
7018.0,Normal user tries to create new Provvidenza request for a child,03-OCT-24 02.10.29.570000 PM
5837.0,HR/Normal user tries to update the answer,04-OCT-24 08.56.26.786000 AM
5672.0,Normal user enters the Provvidenza Figli page,03-OCT-24 02.35.30.758000 PM
6654.0,Normal user enters the Provvidenza Figli page,04-OCT-24 08.57.31.253000 AM
6359.0,HR/Normal user tries to update the answer,04-OCT-24 09.25.13.770000 AM
6172.0,Verifica possibilità di accesso a fondo pensione per Scelta Welfare,28-OCT-24 02.08.00.474000 PM
13001184.0,Normal user enters the Provvidenza Figli page,18-OCT-24 04.02.04.380000 PM
13002928.0,Normal user enters the Provvidenza Figli page,04-OCT-24 09.05.42.937000 AM
6093.0,Normal user tries to create new Provvidenza request for a child,04-OCT-24 09.17.19.514000 AM
,Download PDF dalla sezione Cedolini,28-OCT-24 01.52.33.724000 PM
5556.0,Normal user assign new grade for the child while creating a request,07-OCT-24 10.49.31.711000 AM
15649.0,HR/Normal user tries to update the answer,24-OCT-24 09.58.21.800000 AM
,Dettaglio elenco Cedolini e CU disponibili al download,21-OCT-24 09.06.40.513000 AM
,Dettaglio elenco Cedolini e CU disponibili al download,24-OCT-24 06.00.17.470000 PM
,Download PDF dalla sezione Cedolini,24-OCT-24 06.01.42.854000 PM
5827.0,Normal user enters the Provvidenza Figli page,10-OCT-24 01.14.04.159000 PM
,Dettaglio elenco Cedolini e CU disponibili al download,18-OCT-24 10.17.03.050000 AM
13001303.0,HR/Normal user tries to update the answer,08-OCT-24 11.19.25.867000 AM
8077.0,HR/Normal user tries to update the answer,07-OCT-24 09.08.47.731000 AM
,Download PDF dalla sezione Cedolini,07-OCT-24 08.32.32.913000 AM
,Dettaglio elenco Cedolini e CU disponibili al download,29-OCT-24 10.06.15.627000 AM
5754.0,HR/Normal user tries to update the answer,07-OCT-24 12.20.45.030000 PM
9405.0,Normal user enters the Provvidenza Figli page,07-OCT-24 12.20.54.374000 PM
7188.0,Normal user assign new grade for the child while creating a request,07-OCT-24 12.07.27.189000 PM
5367.0,HR/Normal user tries to update the answer,06-OCT-24 11.35.28.229000 AM
17860.0,Verifica possibilità di accesso a fondo pensione per Scelta Welfare,25-OCT-24 04.41.57.671000 PM
7628.0,HR/Normal user tries to update the answer,07-OCT-24 09.11.49.166000 AM
6771.0,HR/Normal user tries to update the answer,07-OCT-24 12.42.04.790000 PM
6771.0,HR/Normal user tries to update the answer,07-OCT-24 12.41.34.991000 PM
,Download PDF dalla sezione Cedolini,25-OCT-24 10.09.53.259000 AM
5754.0,Normal user assign new grade for the child while creating a request,07-OCT-24 12.20.34.864000 PM
,Download PDF dalla sezione Cedolini,25-OCT-24 06.01.26.430000 PM
5828.0,Normal user enters the Provvidenza Figli page,07-OCT-24 10.50.01.272000 AM
6057.0,Normal user enters the Provvidenza Figli page,07-OCT-24 11.17.01.600000 AM
6199.0,HR user updates the Tipo provvidenza configuration,03-OCT-24 10.41.32.973000 AM
5365.0,HR/Normal user tries to update the answer,08-OCT-24 01.49.43.206000 PM
7447.0,Dettaglio elenco Cedolini e CU disponibili al download,31-OCT-24 08.38.41.479000 AM
,Download PDF dalla sezione Cedolini,01-OCT-24 04.21.05.659000 PM
6199.0,HR user enters the Change Tipo Provvidenza  configuration,03-OCT-24 10.41.22.824000 AM
,Dettaglio elenco Cedolini e CU disponibili al download,08-OCT-24 02.24.32.413000 PM
8288.0,HR/Normal user tries to update the answer,08-OCT-24 02.22.42.326000 PM
6887.0,HR/Normal user tries to update the answer,08-OCT-24 02.58.49.278000 PM
,A valid user enters the MIFID page details of the user would be logged,31-OCT-24 09.48.43.221000 AM
,Dettaglio elenco Cedolini e CU disponibili al download,08-OCT-24 02.18.26.127000 PM
13002682.0,Recupero dettagli utente per Scelta orario di lavoro,03-OCT-24 11.13.37.760000 AM
,Download PDF dalla sezione Cedolini,23-OCT-24 09.04.54.683000 AM
6195.0,Normal user tries to create new Provvidenza request for a child,03-OCT-24 01.21.54.053000 PM
8124.0,HR/Normal user tries to update the answer,03-OCT-24 01.21.39.634000 PM
6068.0,Normal / HR user updates the answer,03-OCT-24 01.22.23.191000 PM
,Download PDF dalla sezione Cedolini,30-OCT-24 02.15.48.707000 PM
13001627.0,HR/Normal user tries to update the answer,03-OCT-24 01.19.44.722000 PM
6195.0,HR/Normal user tries to update the answer,03-OCT-24 01.21.58.311000 PM
6097.0,Normal user enters the Provvidenza Figli page,03-OCT-24 01.18.11.210000 PM
,Dettaglio elenco Cedolini e CU disponibili al download,22-OCT-24 12.51.58.751000 PM
7151.0,Normal user assign new grade for the child while creating a request,03-OCT-24 01.17.51.768000 PM
,Download PDF dalla sezione Cedolini,26-OCT-24 09.36.17.475000 AM
8708.0,Normal user assign new grade for the child while creating a request,03-OCT-24 01.21.09.983000 PM
15870.0,Normal user enters the Provvidenza Figli page,03-OCT-24 01.17.33.100000 PM
8023.0,Normal user enters the Provvidenza Figli page,03-OCT-24 01.17.58.938000 PM
13000173.0,Dettaglio elenco Cedolini e CU disponibili al download,10-OCT-24 08.43.13.501000 AM
,Dettaglio elenco Cedolini e CU disponibili al download,26-OCT-24 07.59.16.897000 AM
,Download PDF dalla sezione Cedolini,25-OCT-24 10.05.36.630000 AM
6723.0,Normal user tries to create new Provvidenza request for a child,26-OCT-24 10.35.17.399000 AM
6894.0,HR/Normal user tries to update the answer,03-OCT-24 01.17.43.931000 PM
,Download PDF dalla sezione Cedolini,10-OCT-24 09.06.05.764000 AM
6529.0,Normal user enters the Provvidenza Figli page,10-OCT-24 08.34.31.040000 AM
7333.0,Normal user enters the Provvidenza Figli page,03-OCT-24 01.16.32.002000 PM
6576.0,Dettaglio elenco Cedolini e CU disponibili al download,10-OCT-24 09.01.59.857000 AM
6258.0,HR/Normal user tries to update the answer,03-OCT-24 01.21.41.644000 PM
6438.0,Normal / HR user updates the answer,03-OCT-24 01.16.31.116000 PM
5687.0,HR/Normal user tries to update the answer,03-OCT-24 01.17.41.047000 PM
7232.0,Normal user enters the Provvidenza Figli page,03-OCT-24 01.16.58.842000 PM
6132.0,Normal user assign new grade for the child while creating a request,03-OCT-24 01.20.09.220000 PM
6556.0,HR/Normal user tries to update the answer,03-OCT-24 01.17.14.044000 PM
6852.0,Normal user enters the Provvidenza Figli page,03-OCT-24 01.17.35.003000 PM
6556.0,HR tried to update grade,03-OCT-24 01.17.25.062000 PM
7044.0,Normal user enters the Provvidenza Figli page,03-OCT-24 07.36.36.580000 PM
,Download PDF dalla sezione Cedolini,25-OCT-24 10.11.07.744000 AM
17669.0,Download PDF dalla sezione Cedolini,25-OCT-24 10.12.54.757000 AM
14669.0,HR/Normal user tries to update the answer,03-OCT-24 01.21.05.971000 PM
7263.0,Normal user tries to create new Provvidenza request for a child,03-OCT-24 01.21.40.267000 PM
15870.0,Normal user update grade for a child,03-OCT-24 01.19.48.278000 PM
,Dettaglio elenco Cedolini e CU disponibili al download,29-OCT-24 04.15.20.943000 PM
5731.0,Normal user enters the Provvidenza Figli page,03-OCT-24 01.18.42.476000 PM
6035.0,Normal / HR user updates the answer,03-OCT-24 01.18.20.420000 PM
13001434.0,HR/Normal user tries to update the answer,03-OCT-24 01.19.57.318000 PM
,Download PDF dalla sezione Cedolini,25-OCT-24 10.04.35.954000 AM
6195.0,HR/Normal user tries to update the answer,03-OCT-24 01.21.16.912000 PM
7205.0,HR/Normal user tries to update the answer,08-OCT-24 12.25.00.497000 PM
7707.0,Normal user enters the Provvidenza Figli page,03-OCT-24 01.19.23.842000 PM
5467.0,HR/Normal user tries to update the answer,08-OCT-24 12.36.24.484000 PM
5893.0,Dettaglio elenco Cedolini e CU disponibili al download,03-OCT-24 01.19.01.837000 PM
7016.0,Normal user tries to create new Provvidenza request for a child,03-OCT-24 01.19.19.482000 PM
6882.0,Normal / HR user updates the answer,03-OCT-24 01.21.16.276000 PM
7207.0,HR/Normal user tries to update the answer,03-OCT-24 01.18.36.032000 PM
7813.0,Normal user enters the Provvidenza Figli page,03-OCT-24 01.19.37.794000 PM
7124.0,HR/Normal user tries to update the answer,03-OCT-24 01.19.43.157000 PM
7742.0,HR tried to update grade,03-OCT-24 01.19.28.581000 PM
7752.0,HR/Normal user tries to update the answer,03-OCT-24 01.22.13.550000 PM
8061.0,Normal user tries to create new Provvidenza request for a child,03-OCT-24 01.17.09.796000 PM
7264.0,Normal user enters the Provvidenza Figli page,03-OCT-24 01.16.24.470000 PM
,Dettaglio elenco Cedolini e CU disponibili al download,03-OCT-24 01.19.33.132000 PM
5895.0,Normal user tries to create new Provvidenza request for a child,03-OCT-24 01.20.15.949000 PM
6669.0,HR/Normal user tries to update the answer,03-OCT-24 01.19.53.781000 PM
7813.0,Normal user enters the Provvidenza Figli page,03-OCT-24 01.17.30.486000 PM
7081.0,Normal user enters the Provvidenza Figli page,03-OCT-24 01.17.28.366000 PM
,Dettaglio elenco Cedolini e CU disponibili al download,30-OCT-24 09.35.25.787000 AM
7182.0,HR/Normal user tries to update the answer,08-OCT-24 12.31.57.503000 PM
6067.0,HR/Normal user tries to update the answer,03-OCT-24 01.20.38.579000 PM
7342.0,HR/Normal user tries to update the answer,03-OCT-24 01.16.25.018000 PM
13001627.0,HR/Normal user tries to update the answer,03-OCT-24 01.20.36.111000 PM
7311.0,Normal user enters the Provvidenza Figli page,03-OCT-24 07.13.21.661000 PM
6219.0,HR/Normal user tries to update the answer,03-OCT-24 01.16.21.897000 PM
9359.0,Normal user assign new grade for the child while creating a request,03-OCT-24 01.18.43.853000 PM
7906.0,HR/Normal user tries to update the answer,03-OCT-24 01.19.05.749000 PM
6067.0,Normal user enters the Provvidenza Figli page,03-OCT-24 01.20.32.989000 PM
7816.0,Normal user assign new grade for the child while creating a request,03-OCT-24 01.14.59.249000 PM
6811.0,Dettaglio elenco Cedolini e CU disponibili al download,03-OCT-24 01.22.19.932000 PM
6067.0,HR/Normal user tries to update the answer,03-OCT-24 01.20.51.702000 PM
6669.0,Normal user assign new grade for the child while creating a request,03-OCT-24 01.20.12.538000 PM
6852.0,HR/Normal user tries to update the answer,03-OCT-24 01.17.21.859000 PM
7868.0,Normal user enters the Provvidenza Figli page,03-OCT-24 01.19.10.818000 PM
,Dettaglio elenco Cedolini e CU disponibili al download,30-OCT-24 09.53.41.906000 AM
6783.0,Normal user enters the Provvidenza Figli page,30-OCT-24 10.19.25.486000 AM
8061.0,HR/Normal user tries to update the answer,03-OCT-24 01.17.40.698000 PM
8708.0,Normal user enters the Provvidenza Figli page,03-OCT-24 01.21.08.190000 PM
5130.0,Normal user enters the Provvidenza Figli page,03-OCT-24 01.15.08.675000 PM
8539.0,Recupero dettagliutente per Scelta Welfare,30-OCT-24 10.22.39.369000 AM
8061.0,HR/Normal user tries to update the answer,03-OCT-24 01.17.29.419000 PM
6938.0,HR/Normal user tries to update the answer,03-OCT-24 09.21.00.372000 PM
7486.0,HR/Normal user tries to update the answer,03-OCT-24 01.16.03.621000 PM
8453.0,Normal user enters the Provvidenza Figli page,03-OCT-24 01.18.28.107000 PM
7813.0,HR/Normal user tries to update the answer,03-OCT-24 01.17.49.701000 PM
7044.0,HR/Normal user tries to update the answer,03-OCT-24 07.36.49.275000 PM
,Dettaglio elenco Cedolini e CU disponibili al download,02-OCT-24 10.24.52.320000 PM
13002832.0,Normal user enters the Provvidenza Figli page,14-OCT-24 01.10.06.620000 PM
6745.0,HR/Normal user tries to update the answer,03-OCT-24 08.15.25.902000 PM
6745.0,HR/Normal user tries to update the answer,03-OCT-24 08.16.11.469000 PM
,Dettaglio elenco Cedolini e CU disponibili al download,01-OCT-24 02.52.17.634000 PM
,Download PDF dalla sezione Cedolini,24-OCT-24 03.31.17.125000 PM
,Dettaglio elenco Cedolini e CU disponibili al download,14-OCT-24 01.10.01.401000 PM
6529.0,Normal user enters the Provvidenza Figli page,10-OCT-24 08.32.46.886000 AM
,Dettaglio elenco Cedolini e CU disponibili al download,27-OCT-24 11.22.57.104000 AM
,Dettaglio elenco Cedolini e CU disponibili al download,24-OCT-24 11.05.07.103000 AM
,Dettaglio elenco Cedolini e CU disponibili al download,28-OCT-24 10.17.28.604000 AM
6938.0,HR/Normal user tries to update the answer,03-OCT-24 09.20.45.571000 PM
5463.0,HR/Normal user tries to update the answer,03-OCT-24 10.48.50.987000 AM
6199.0,HR user enters the Change Tipo Provvidenza  configuration,03-OCT-24 10.41.35.889000 AM
5721.0,Normal user tries to create new Provvidenza request for a child,03-OCT-24 01.21.36.537000 PM
,Download PDF dalla sezione Cedolini,24-OCT-24 11.52.25.382000 AM
,Download PDF dalla sezione Cedolini,24-OCT-24 11.55.17.422000 AM
,Download PDF dalla sezione Cedolini,28-OCT-24 11.00.08.708000 AM
,Dettaglio elenco Cedolini e CU disponibili al download,24-OCT-24 11.52.19.650000 AM
7813.0,Normal user tries to create new Provvidenza request for a child,03-OCT-24 01.17.36.823000 PM
,Download PDF dalla sezione Cedolini,03-OCT-24 10.55.51.834000 AM
,Download PDF dalla sezione Cedolini,28-OCT-24 10.21.54.020000 AM
,Download PDF dalla sezione Cedolini,25-OCT-24 02.26.22.572000 PM
7151.0,Normal user tries to create new Provvidenza request for a child,03-OCT-24 01.17.51.619000 PM
6556.0,HR/Normal user tries to update the answer,03-OCT-24 01.17.26.824000 PM
6008.0,Normal user assign new grade for the child while creating a request,03-OCT-24 01.17.19.547000 PM
6199.0,HR user deletes the provvidenza exception user,03-OCT-24 10.44.01.645000 AM
7601.0,HR/Normal user tries to update the answer,03-OCT-24 01.18.49.274000 PM
,Download PDF dalla sezione Cedolini,02-OCT-24 12.01.21.114000 PM
5434.0,HR/Normal user tries to update the answer,11-OCT-24 10.25.06.978000 AM
7044.0,Normal user tries to create new Provvidenza request for a child,03-OCT-24 07.35.52.877000 PM
6186.0,Normal user update grade for a child,11-OCT-24 09.54.46.020000 AM
5327.0,HR/Normal user tries to update the answer,11-OCT-24 10.21.03.993000 AM
13002169.0,Normal user enters the Provvidenza Figli page,23-OCT-24 05.38.49.431000 PM
,Dettaglio elenco Cedolini e CU disponibili al download,11-OCT-24 09.41.45.846000 AM
6143.0,Normal user enters the Provvidenza Figli page,17-OCT-24 04.41.54.525000 PM
,Dettaglio elenco Cedolini e CU disponibili al download,01-OCT-24 03.08.25.816000 PM
,Download PDF dalla sezione Cedolini,27-OCT-24 09.22.46.793000 AM
,Dettaglio elenco Cedolini e CU disponibili al download,17-OCT-24 04.41.50.877000 PM
6143.0,HR/Normal user tries to update the answer,17-OCT-24 04.43.55.270000 PM
5434.0,HR/Normal user tries to update the answer,11-OCT-24 10.24.56.203000 AM
6786.0,Verifica possibilità di accesso a fondo pensione per Scelta Welfare,27-OCT-24 08.43.22.075000 AM
6199.0,Normal user enters the Provvidenza Figli page,17-OCT-24 04.33.30.341000 PM
,Download PDF dalla sezione Cedolini,01-OCT-24 01.28.48.902000 PM
6143.0,Normal user tries to create new Provvidenza request for a child,17-OCT-24 04.40.57.776000 PM
,Dettaglio elenco Cedolini e CU disponibili al download,01-OCT-24 09.11.30.483000 AM
5199.0,Normal user enters the Provvidenza Figli page,16-OCT-24 03.21.52.523000 PM
,Dettaglio elenco Cedolini e CU disponibili al download,19-OCT-24 05.37.51.349000 PM
,Download PDF dalla sezione Cedolini,27-OCT-24 08.56.00.899000 AM
,Download PDF dalla sezione Cedolini,04-OCT-24 06.53.04.009000 PM
6144.0,Recupero dettagli utente per Scelta orario di lavoro,31-OCT-24 02.44.42.995000 PM
,Dettaglio elenco Cedolini e CU disponibili al download,17-OCT-24 05.22.32.904000 PM
,Download PDF dalla sezione Cedolini,16-OCT-24 03.25.16.679000 PM
,Dettaglio elenco Cedolini e CU disponibili al download,31-OCT-24 02.40.24.837000 PM
,Dettaglio elenco Cedolini e CU disponibili al download,17-OCT-24 05.03.01.087000 PM
,Download PDF dalla sezione Cedolini,11-OCT-24 10.11.11.380000 PM
13001738.0,Normal user tries to create new Provvidenza request for a child,07-OCT-24 01.58.36.036000 PM
6163.0,Normal user enters the Provvidenza Figli page,04-OCT-24 06.44.16.740000 PM
,Download PDF dalla sezione Cedolini,27-OCT-24 08.55.29.378000 AM
,Download PDF dalla sezione Cedolini,27-OCT-24 09.48.27.530000 AM
,Dettaglio elenco Cedolini e CU disponibili al download,01-OCT-24 09.13.59.403000 AM
6532.0,Recupero dettagliutente per Scelta Welfare,07-OCT-24 05.24.14.554000 PM
5934.0,Normal user tries to create new Provvidenza request for a child,07-OCT-24 02.10.57.013000 PM
6349.0,Normal user assign new grade for the child while creating a request,03-OCT-24 09.35.06.858000 PM
,Dettaglio elenco Cedolini e CU disponibili al download,31-OCT-24 02.52.15.684000 PM
5662.0,Dettaglio elenco Cedolini e CU disponibili al download,03-OCT-24 09.47.34.047000 PM
8781.0,HR/Normal user tries to update the answer,07-OCT-24 05.44.05.054000 PM
7852.0,HR/Normal user tries to update the answer,07-OCT-24 02.30.24.612000 PM
5972.0,Normal user assign new grade for the child while creating a request,03-OCT-24 09.55.01.800000 PM
,Dettaglio elenco Cedolini e CU disponibili al download,28-OCT-24 10.43.48.153000 AM
,Download PDF dalla sezione Cedolini,25-OCT-24 01.55.20.817000 PM
7852.0,Dettaglio elenco Cedolini e CU disponibili al download,07-OCT-24 02.31.43.328000 PM
,Dettaglio elenco Cedolini e CU disponibili al download,31-OCT-24 12.11.19.799000 PM
,Download PDF dalla sezione Cedolini,25-OCT-24 01.50.15.876000 PM
,Dettaglio elenco Cedolini e CU disponibili al download,25-OCT-24 02.02.35.267000 PM
5934.0,Normal user assign new grade for the child while creating a request,07-OCT-24 02.13.10.737000 PM
,Download PDF dalla sezione Cedolini,25-OCT-24 01.54.12.953000 PM
7852.0,HR/Normal user tries to update the answer,07-OCT-24 02.30.32.237000 PM
,Download PDF dalla sezione Cedolini,25-OCT-24 01.24.14.365000 PM
,Download PDF dalla sezione Cedolini,25-OCT-24 01.19.01.310000 PM
,Dettaglio elenco Cedolini e CU disponibili al download,03-OCT-24 10.04.27.892000 PM
,Download PDF dalla sezione Cedolini,31-OCT-24 02.54.21.076000 PM
15798.0,Download PDF dalla sezione Cedolini,11-OCT-24 12.31.48.249000 PM
13001109.0,Normal / HR user updates the answer,03-OCT-24 10.12.52.628000 PM
15649.0,Normal user assign new grade for the child while creating a request,24-OCT-24 09.58.15.851000 AM
5934.0,Normal user enters the Provvidenza Figli page,07-OCT-24 02.22.29.792000 PM
13001109.0,Normal user tries to create new Provvidenza request for a child,03-OCT-24 10.10.51.536000 PM
,Dettaglio elenco Cedolini e CU disponibili al download,11-OCT-24 12.05.33.349000 PM
13002305.0,Verifica possibilità di accesso a fondo pensione per Scelta Welfare,11-OCT-24 12.53.19.481000 PM
5934.0,HR/Normal user tries to update the answer,07-OCT-24 02.13.24.162000 PM
,Dettaglio elenco Cedolini e CU disponibili al download,24-OCT-24 10.05.56.270000 AM
,Dettaglio elenco Cedolini e CU disponibili al download,24-OCT-24 04.51.52.834000 PM
,Dettaglio elenco Cedolini e CU disponibili al download,31-OCT-24 04.04.35.926000 PM
,Download PDF dalla sezione Cedolini,25-OCT-24 03.34.52.747000 PM
6119.0,HR/Normal user tries to update the answer,03-OCT-24 06.15.11.894000 PM
,Download PDF dalla sezione Cedolini,24-OCT-24 11.10.53.152000 PM
6010.0,Normal user tries to create new Provvidenza request for a child,07-OCT-24 03.40.16.828000 PM
6181.0,Normal user enters the Provvidenza Figli page,11-OCT-24 12.24.37.749000 PM
,Dettaglio elenco Cedolini e CU disponibili al download,31-OCT-24 04.11.26.538000 PM
15649.0,HR/Normal user tries to update the answer,24-OCT-24 09.57.31.789000 AM
,Dettaglio elenco Cedolini e CU disponibili al download,25-OCT-24 01.28.00.550000 PM
,Dettaglio elenco Cedolini e CU disponibili al download,25-OCT-24 01.48.21.273000 PM
5272.0,Normal user assign new grade for the child while creating a request,07-OCT-24 04.21.55.092000 PM
13002407.0,Recupero dettagliutente per Scelta Welfare,11-OCT-24 12.41.31.013000 PM
9545.0,HR/Normal user tries to update the answer,03-OCT-24 06.09.41.864000 PM
,Download PDF dalla sezione Cedolini,27-OCT-24 11.39.48.650000 AM
5979.0,Normal user tries to create new Provvidenza request for a child,03-OCT-24 06.01.39.060000 PM
5502.0,HR/Normal user tries to update the answer,07-OCT-24 03.31.13.020000 PM
6551.0,HR/Normal user tries to update the answer,03-OCT-24 06.01.09.742000 PM
,Dettaglio elenco Cedolini e CU disponibili al download,30-OCT-24 04.36.42.785000 PM
,Download PDF dalla sezione Cedolini,07-OCT-24 03.35.07.823000 PM
7513.0,Normal user assign new grade for the child while creating a request,04-OCT-24 11.38.19.475000 AM
6377.0,HR/Normal user tries to update the answer,04-OCT-24 11.56.19.711000 AM
,Dettaglio elenco Cedolini e CU disponibili al download,07-OCT-24 02.55.47.269000 PM
13002227.0,Recupero dettagliutente per Scelta Welfare,07-OCT-24 02.56.39.763000 PM
7266.0,Normal user tries to create new Provvidenza request for a child,06-OCT-24 05.19.07.239000 PM
,Download PDF dalla sezione Cedolini,30-OCT-24 05.20.03.228000 PM
,Download PDF dalla sezione Cedolini,04-OCT-24 11.48.28.202000 AM
13001091.0,Recupero dettagliutente per Scelta Welfare,20-OCT-24 11.23.26.671000 AM
5502.0,Normal user assign new grade for the child while creating a request,07-OCT-24 03.29.47.671000 PM
5188.0,Verifica possibilità di accesso a fondo pensione per Scelta Welfare,07-OCT-24 03.14.20.870000 PM
5925.0,Normal user assign new grade for the child while creating a request,09-OCT-24 06.16.56.144000 PM
,Download PDF dalla sezione Cedolini,01-OCT-24 09.48.21.462000 AM
17188.0,Normal user enters the Provvidenza Figli page,04-OCT-24 11.37.44.512000 AM
6377.0,Normal user enters the Provvidenza Figli page,04-OCT-24 11.56.24.577000 AM
,Download PDF dalla sezione Cedolini,09-OCT-24 06.52.55.052000 PM
13001060.0,HR/Normal user tries to update the answer,04-OCT-24 04.08.14.922000 PM
6335.0,Recupero dettagliutente per Scelta Welfare,04-OCT-24 04.31.30.435000 PM
17188.0,Normal user update grade for a child,04-OCT-24 11.37.51.682000 AM
5980.0,HR/Normal user tries to update the answer,04-OCT-24 04.11.25.448000 PM
13001389.0,Recupero dettagliutente per Scelta Welfare,07-OCT-24 03.20.16.473000 PM
6964.0,Normal user enters the Provvidenza Figli page,06-OCT-24 03.42.06.305000 PM
,Dettaglio elenco Cedolini e CU disponibili al download,02-OCT-24 12.36.22.329000 PM
5272.0,HR/Normal user tries to update the answer,07-OCT-24 04.22.42.223000 PM
6528.0,Normal user enters the Provvidenza Figli page,23-OCT-24 10.06.33.225000 AM
5905.0,HR/Normal user tries to update the answer,04-OCT-24 12.35.36.498000 PM
9635.0,Download PDF dalla sezione Cedolini,18-OCT-24 12.11.34.452000 PM
19497.0,Normal user assign new grade for the child while creating a request,07-OCT-24 03.27.11.547000 PM
7149.0,Normal user enters the Provvidenza Figli page,04-OCT-24 03.53.10.710000 PM
,Download PDF dalla sezione Cedolini,21-OCT-24 11.07.04.296000 AM
,Dettaglio elenco Cedolini e CU disponibili al download,03-OCT-24 11.23.40.340000 AM
13002985.0,Recupero dettagliutente per Scelta Welfare,23-OCT-24 10.02.24.800000 AM
,Download PDF dalla sezione Cedolini,21-OCT-24 11.07.48.694000 AM
6199.0,Normal user enters the Provvidenza Figli page,21-OCT-24 11.41.52.446000 AM
,Dettaglio elenco Cedolini e CU disponibili al download,23-OCT-24 10.01.55.921000 AM
7803.0,Normal user tries to create new Provvidenza request for a child,03-OCT-24 03.13.23.229000 PM
,Dettaglio elenco Cedolini e CU disponibili al download,25-OCT-24 04.25.43.153000 PM
,Download PDF dalla sezione Cedolini,21-OCT-24 11.07.30.650000 AM
,Dettaglio elenco Cedolini e CU disponibili al download,25-OCT-24 07.17.54.535000 AM
13002942.0,Verifica possibilità di accesso a fondo pensione per Scelta Welfare,10-OCT-24 06.58.44.181000 AM
8059.0,Recupero dettagli utente per invio adesione Fondo Nazionale,24-OCT-24 12.39.54.091000 PM
5718.0,HR/Normal user tries to update the answer,03-OCT-24 03.16.24.659000 PM
,Dettaglio elenco Cedolini e CU disponibili al download,30-OCT-24 06.46.13.172000 PM
6610.0,HR/Normal user tries to update the answer,03-OCT-24 03.09.26.790000 PM
,Download PDF dalla sezione Cedolini,03-OCT-24 12.25.06.492000 PM
6914.0,HR tried to update grade,03-OCT-24 03.13.03.251000 PM
6727.0,HR/Normal user tries to update the answer,03-OCT-24 03.00.37.197000 PM
6880.0,HR/Normal user tries to update the answer,03-OCT-24 03.19.43.800000 PM
7141.0,HR/Normal user tries to update the answer,03-OCT-24 02.57.19.714000 PM
16466.0,Normal user enters the Provvidenza Figli page,03-OCT-24 03.07.00.492000 PM
5902.0,Normal user enters the Provvidenza Figli page,03-OCT-24 03.30.32.307000 PM
18554.0,HR/Normal user tries to update the answer,03-OCT-24 03.27.48.155000 PM
7932.0,Normal user enters the Provvidenza Figli page,04-OCT-24 04.01.08.260000 PM
6121.0,HR/Normal user tries to update the answer,03-OCT-24 03.10.40.596000 PM
5902.0,HR tried to update grade,03-OCT-24 03.29.48.880000 PM
6914.0,HR/Normal user tries to update the answer,03-OCT-24 03.13.10.978000 PM
6121.0,HR/Normal user tries to update the answer,03-OCT-24 03.10.59.382000 PM
6659.0,Normal user enters the Provvidenza Figli page,03-OCT-24 03.23.36.919000 PM
5404.0,Normal user enters the Provvidenza Figli page,03-OCT-24 03.18.55.703000 PM
,Dettaglio elenco Cedolini e CU disponibili al download,03-OCT-24 03.09.56.775000 PM
6983.0,HR/Normal user tries to update the answer,03-OCT-24 02.55.19.018000 PM
,Dettaglio elenco Cedolini e CU disponibili al download,25-OCT-24 07.58.50.191000 AM
6941.0,Normal user enters the Provvidenza Figli page,03-OCT-24 03.27.19.150000 PM
5670.0,HR/Normal user tries to update the answer,03-OCT-24 03.29.40.526000 PM
6652.0,Normal user enters the Provvidenza Figli page,03-OCT-24 03.05.51.657000 PM
6735.0,HR/Normal user tries to update the answer,03-OCT-24 04.03.46.680000 PM
6046.0,HR/Normal user tries to update the answer,03-OCT-24 03.01.53.314000 PM
5842.0,Normal user enters the Provvidenza Figli page,03-OCT-24 03.02.13.538000 PM
7042.0,Normal user enters the Provvidenza Figli page,03-OCT-24 03.14.58.383000 PM
18554.0,Normal user enters the Provvidenza Figli page,03-OCT-24 03.28.54.231000 PM
6818.0,Normal user enters the Provvidenza Figli page,03-OCT-24 03.25.17.791000 PM
,Download PDF dalla sezione Cedolini,21-OCT-24 11.32.45.509000 AM
7170.0,HR/Normal user tries to update the answer,03-OCT-24 04.12.08.906000 PM
6245.0,HR/Normal user tries to update the answer,03-OCT-24 02.56.36.555000 PM
5902.0,HR/Normal user tries to update the answer,03-OCT-24 03.30.07.375000 PM
6368.0,Normal user enters the Provvidenza Figli page,03-OCT-24 03.33.19.578000 PM
,Dettaglio elenco Cedolini e CU disponibili al download,24-OCT-24 04.10.26.239000 PM
13002128.0,HR/Normal user tries to update the answer,03-OCT-24 02.57.13.658000 PM
6528.0,Normal user enters the Provvidenza Figli page,03-OCT-24 03.37.06.884000 PM
6958.0,Normal user enters the Provvidenza Figli page,03-OCT-24 03.11.19.509000 PM
5902.0,HR/Normal user tries to update the answer,03-OCT-24 03.29.56.438000 PM
6465.0,HR/Normal user tries to update the answer,03-OCT-24 03.20.51.450000 PM
5601.0,Normal user enters the Provvidenza Figli page,03-OCT-24 03.58.08.600000 PM
5451.0,Normal user assign new grade for the child while creating a request,03-OCT-24 03.03.55.956000 PM
5607.0,Normal user enters the Provvidenza Figli page,07-OCT-24 05.01.13.021000 PM
7101.0,Normal user tries to create new Provvidenza request for a child,03-OCT-24 04.00.33.639000 PM
6718.0,HR/Normal user tries to update the answer,03-OCT-24 03.01.43.992000 PM
7136.0,Normal user enters the Provvidenza Figli page,03-OCT-24 03.05.07.645000 PM
5850.0,HR/Normal user tries to update the answer,03-OCT-24 03.38.28.395000 PM
6914.0,Normal user assign new grade for the child while creating a request,03-OCT-24 03.13.00.374000 PM
5954.0,HR/Normal user tries to update the answer,03-OCT-24 03.07.13.064000 PM
10389.0,HR/Normal user tries to update the answer,03-OCT-24 03.34.49.625000 PM
5407.0,Normal / HR user updates the answer,03-OCT-24 03.09.52.811000 PM
7319.0,HR/Normal user tries to update the answer,03-OCT-24 03.07.44.314000 PM
5885.0,HR/Normal user tries to update the answer,03-OCT-24 03.59.54.501000 PM
7803.0,Normal user enters the Provvidenza Figli page,03-OCT-24 03.12.54.279000 PM
5576.0,Normal user enters the Provvidenza Figli page,03-OCT-24 03.01.05.862000 PM
6017.0,HR/Normal user tries to update the answer,03-OCT-24 02.55.28.021000 PM
6718.0,Normal user assign new grade for the child while creating a request,03-OCT-24 03.00.18.889000 PM
5718.0,Normal user assign new grade for the child while creating a request,03-OCT-24 03.16.18.342000 PM
,Download PDF dalla sezione Cedolini,25-OCT-24 08.11.26.776000 AM
6366.0,Normal user enters the Provvidenza Figli page,03-OCT-24 03.46.51.423000 PM
13001798.0,HR/Normal user tries to update the answer,03-OCT-24 03.41.32.150000 PM
13000025.0,Recupero dettagli utente per Scelta orario di lavoro,30-OCT-24 10.06.06.141000 AM
7319.0,Normal user enters the Provvidenza Figli page,03-OCT-24 03.08.52.050000 PM
6932.0,Recupero dettagliutente per Scelta Welfare,31-OCT-24 02.32.06.548000 PM
5274.0,Normal user enters the Provvidenza Figli page,03-OCT-24 03.16.45.512000 PM
5714.0,Normal user enters the Provvidenza Figli page,03-OCT-24 03.35.16.903000 PM
6941.0,HR/Normal user tries to update the answer,03-OCT-24 03.26.42.291000 PM
17324.0,Verifica possibilità di accesso a fondo pensione per Scelta Welfare,30-OCT-24 10.11.44.162000 AM
,Dettaglio elenco Cedolini e CU disponibili al download,24-OCT-24 04.22.48.854000 PM
,Dettaglio elenco Cedolini e CU disponibili al download,03-OCT-24 03.59.35.605000 PM
8781.0,Normal user enters the Provvidenza Figli page,07-OCT-24 05.43.02.132000 PM
7319.0,HR tried to update grade,03-OCT-24 03.07.22.165000 PM
7141.0,HR/Normal user tries to update the answer,03-OCT-24 02.56.32.762000 PM
6159.0,Normal user enters the Provvidenza Figli page,03-OCT-24 04.12.01.116000 PM
6820.0,Normal user enters the Provvidenza Figli page,03-OCT-24 04.07.28.070000 PM
8318.0,HR/Normal user tries to update the answer,03-OCT-24 03.26.29.142000 PM
6509.0,HR/Normal user tries to update the answer,03-OCT-24 03.57.15.359000 PM
,Dettaglio elenco Cedolini e CU disponibili al download,24-OCT-24 04.35.26.179000 PM
6124.0,HR/Normal user tries to update the answer,03-OCT-24 04.08.29.374000 PM
5404.0,Normal user enters the Provvidenza Figli page,03-OCT-24 03.48.44.165000 PM
13002832.0,HR/Normal user tries to update the answer,03-OCT-24 03.12.14.485000 PM
6121.0,HR/Normal user tries to update the answer,03-OCT-24 03.10.46.637000 PM
17731.0,Normal user assign new grade for the child while creating a request,14-OCT-24 03.53.02.410000 PM
,Dettaglio elenco Cedolini e CU disponibili al download,03-OCT-24 04.05.59.734000 PM
8203.0,Normal user tries to create new Provvidenza request for a child,03-OCT-24 03.20.05.338000 PM
5570.0,HR/Normal user tries to update the answer,14-OCT-24 03.47.50.180000 PM
5658.0,HR/Normal user tries to update the answer,03-OCT-24 03.27.03.015000 PM
,Download PDF dalla sezione Cedolini,03-OCT-24 03.23.47.687000 PM
,Download PDF dalla sezione Cedolini,03-OCT-24 03.22.05.845000 PM
7272.0,HR/Normal user tries to update the answer,03-OCT-24 02.59.29.168000 PM
,Dettaglio elenco Cedolini e CU disponibili al download,24-OCT-24 04.33.20.779000 PM
9233.0,Normal user assign new grade for the child while creating a request,03-OCT-24 03.21.13.246000 PM
17731.0,Normal user enters the Provvidenza Figli page,14-OCT-24 03.53.10.420000 PM
5885.0,Normal user update grade for a child,03-OCT-24 03.58.52.260000 PM
5988.0,Normal user tries to create new Provvidenza request for a child,11-OCT-24 04.23.27.652000 PM
6249.0,HR/Normal user tries to update the answer,03-OCT-24 03.18.35.002000 PM
,Dettaglio elenco Cedolini e CU disponibili al download,30-OCT-24 10.44.28.353000 AM
7203.0,Normal user tries to create new Provvidenza request for a child,03-OCT-24 03.46.16.854000 PM
,Dettaglio elenco Cedolini e CU disponibili al download,24-OCT-24 04.21.39.923000 PM
5961.0,HR/Normal user tries to update the answer,03-OCT-24 03.06.24.510000 PM
5662.0,HR/Normal user tries to update the answer,03-OCT-24 09.46.24.038000 PM
,Download PDF dalla sezione Cedolini,30-OCT-24 09.53.43.640000 AM
6050.0,HR/Normal user tries to update the answer,03-OCT-24 03.17.22.125000 PM
,Download PDF dalla sezione Cedolini,24-OCT-24 05.10.09.371000 PM
,Lettura e accettazione dell'accordo di smartworking,14-OCT-24 10.44.11.887000 AM
6872.0,Normal / HR user updates the answer,11-OCT-24 04.18.29.356000 PM
8370.0,HR/Normal user tries to update the answer,08-OCT-24 02.03.25.751000 PM
5988.0,Normal / HR user updates the answer,11-OCT-24 04.23.56.580000 PM
,Dettaglio elenco Cedolini e CU disponibili al download,11-OCT-24 05.14.38.428000 PM
,Dettaglio elenco Cedolini e CU disponibili al download,14-OCT-24 10.37.20.509000 AM
6509.0,HR/Normal user tries to update the answer,03-OCT-24 03.56.54.459000 PM
17151.0,HR tried to update grade,11-OCT-24 06.09.28.306000 PM
,Download PDF dalla sezione Cedolini,14-OCT-24 11.28.47.024000 AM
6735.0,Normal user enters the Provvidenza Figli page,03-OCT-24 04.05.03.085000 PM
,Dettaglio elenco Cedolini e CU disponibili al download,07-OCT-24 12.27.57.379000 PM
7313.0,HR/Normal user tries to update the answer,07-OCT-24 11.59.16.261000 AM
6331.0,HR/Normal user tries to update the answer,07-OCT-24 12.26.55.093000 PM
9238.0,Normal user enters the Provvidenza Figli page,03-OCT-24 03.57.08.301000 PM
6474.0,Normal user enters the Provvidenza Figli page,03-OCT-24 03.49.03.866000 PM
13002305.0,Verifica possibilità di accesso a fondo pensione per Scelta Welfare,09-OCT-24 07.40.30.171000 PM
,Download PDF dalla sezione Cedolini,14-OCT-24 11.24.02.847000 AM
7188.0,HR/Normal user tries to update the answer,07-OCT-24 12.07.42.102000 PM
7188.0,Normal user enters the Provvidenza Figli page,07-OCT-24 12.07.24.190000 PM
5757.0,Normal user tries to create new Provvidenza request for a child,07-OCT-24 12.55.18.682000 PM
5335.0,HR/Normal user tries to update the answer,04-OCT-24 09.27.55.791000 PM
5757.0,Normal user assign new grade for the child while creating a request,07-OCT-24 12.55.18.818000 PM
8370.0,Normal user enters the Provvidenza Figli page,08-OCT-24 01.56.12.097000 PM
5108.0,Recupero dettagli utente per Scelta orario di lavoro,30-OCT-24 10.35.10.268000 AM
8264.0,Normal / HR user updates the answer,03-OCT-24 05.44.15.375000 PM
19201.0,Verifica possibilità di accesso a fondo pensione per Scelta Welfare,07-OCT-24 12.23.56.511000 PM
6282.0,Normal user enters the Provvidenza Figli page,07-OCT-24 12.11.49.373000 PM
,Dettaglio elenco Cedolini e CU disponibili al download,14-OCT-24 10.49.15.165000 AM
8370.0,Normal user assign new grade for the child while creating a request,08-OCT-24 01.56.40.391000 PM
5555.0,HR/Normal user tries to update the answer,07-OCT-24 12.27.12.717000 PM
19201.0,Normal user assign new grade for the child while creating a request,07-OCT-24 12.23.15.919000 PM
,Dettaglio elenco Cedolini e CU disponibili al download,24-OCT-24 04.52.46.984000 PM
6828.0,Normal / HR user updates the answer,03-OCT-24 05.31.02.178000 PM
6982.0,HR/Normal user tries to update the answer,07-OCT-24 08.10.27.167000 AM
5780.0,HR/Normal user tries to update the answer,07-OCT-24 08.20.08.966000 AM
13002865.0,Recupero dettagliutente per Scelta Welfare,07-OCT-24 08.52.00.978000 AM
7659.0,Dettaglio elenco Cedolini e CU disponibili al download,28-OCT-24 04.12.14.770000 PM
6979.0,HR/Normal user tries to update the answer,07-OCT-24 12.55.12.652000 PM
5607.0,Normal user enters the Provvidenza Figli page,07-OCT-24 12.13.29.433000 PM
5927.0,HR/Normal user tries to update the answer,07-OCT-24 08.38.32.943000 AM
,Dettaglio elenco Cedolini e CU disponibili al download,28-OCT-24 04.37.15.711000 PM
,Dettaglio elenco Cedolini e CU disponibili al download,30-OCT-24 10.35.40.523000 AM
6551.0,Normal user enters the Provvidenza Figli page,03-OCT-24 06.04.23.242000 PM
7506.0,Normal user enters the Provvidenza Figli page,06-OCT-24 08.12.14.567000 PM
7506.0,HR/Normal user tries to update the answer,06-OCT-24 08.12.03.195000 PM
5505.0,Normal user enters the Provvidenza Figli page,07-OCT-24 08.57.30.359000 AM
6199.0,Normal user enters the Provvidenza Figli page,14-OCT-24 05.30.24.067000 PM
7506.0,Normal user assign new grade for the child while creating a request,06-OCT-24 08.11.30.338000 PM
6331.0,HR/Normal user tries to update the answer,07-OCT-24 12.26.26.417000 PM
,Download PDF dalla sezione Cedolini,07-OCT-24 08.44.20.385000 AM
5792.0,HR/Normal user tries to update the answer,07-OCT-24 12.47.38.520000 PM
6905.0,Normal user tries to create new Provvidenza request for a child,07-OCT-24 08.52.18.526000 AM
,Download PDF dalla sezione Cedolini,28-OCT-24 04.16.25.512000 PM
5538.0,Download PDF dalla sezione Cedolini,28-OCT-24 04.36.57.747000 PM
6828.0,HR/Normal user tries to update the answer,03-OCT-24 05.31.30.125000 PM
8264.0,HR/Normal user tries to update the answer,03-OCT-24 05.43.24.990000 PM
13002539.0,Verifica possibilità di accesso a fondo pensione per Scelta Welfare,28-OCT-24 04.28.15.578000 PM
6244.0,HR/Normal user tries to update the answer,11-OCT-24 04.31.57.778000 PM
5927.0,Normal user enters the Provvidenza Figli page,07-OCT-24 08.37.43.002000 AM
7832.0,HR/Normal user tries to update the answer,03-OCT-24 06.17.24.408000 PM
,Dettaglio elenco Cedolini e CU disponibili al download,07-OCT-24 08.54.46.872000 AM
5817.0,Recupero dettagli utente per Scelta orario di lavoro,03-OCT-24 05.52.13.552000 PM
5831.0,HR/Normal user tries to update the answer,06-OCT-24 07.58.15.777000 PM
7832.0,HR/Normal user tries to update the answer,03-OCT-24 06.18.25.870000 PM
9545.0,Normal user enters the Provvidenza Figli page,03-OCT-24 06.09.12.460000 PM
8194.0,Dettaglio elenco Cedolini e CU disponibili al download,25-OCT-24 03.41.42.505000 PM
7276.0,Normal user enters the Provvidenza Figli page,03-OCT-24 06.03.47.854000 PM
,Dettaglio elenco Cedolini e CU disponibili al download,11-OCT-24 04.58.18.392000 PM
6119.0,HR/Normal user tries to update the answer,03-OCT-24 06.15.31.955000 PM
7391.0,Normal user enters the Provvidenza Figli page,03-OCT-24 06.14.37.214000 PM
16487.0,Verifica possibilità di accesso a fondo pensione per Scelta Welfare,28-OCT-24 04.17.33.160000 PM
13000325.0,Recupero dettagliutente per Scelta Welfare,28-OCT-24 04.13.01.647000 PM
6529.0,HR/Normal user tries to update the answer,03-OCT-24 05.36.48.704000 PM
6238.0,Dettaglio elenco Cedolini e CU disponibili al download,28-OCT-24 04.18.04.708000 PM
7276.0,Normal user assign new grade for the child while creating a request,03-OCT-24 06.04.39.073000 PM
,Dettaglio elenco Cedolini e CU disponibili al download,28-OCT-24 04.24.32.197000 PM
,Dettaglio elenco Cedolini e CU disponibili al download,28-OCT-24 04.30.37.469000 PM
6529.0,Normal user enters the Provvidenza Figli page,03-OCT-24 05.37.17.943000 PM
13000120.0,Recupero dettagli utente per Scelta orario di lavoro,28-OCT-24 04.40.22.283000 PM
10871.0,Normal user assign new grade for the child while creating a request,03-OCT-24 06.20.10.529000 PM
,Dettaglio elenco Cedolini e CU disponibili al download,21-OCT-24 04.14.26.801000 PM
5988.0,HR/Normal user tries to update the answer,11-OCT-24 04.23.55.755000 PM
7864.0,Recupero dettagli utente per Scelta orario di lavoro,28-OCT-24 04.14.44.450000 PM
,Dettaglio elenco Cedolini e CU disponibili al download,28-OCT-24 04.10.56.933000 PM
6551.0,HR/Normal user tries to update the answer,03-OCT-24 06.02.55.412000 PM
5817.0,HR/Normal user tries to update the answer,03-OCT-24 05.49.20.297000 PM
7000.0,HR/Normal user tries to update the answer,03-OCT-24 06.59.24.821000 PM
6130.0,Download PDF dalla sezione Cedolini,28-OCT-24 04.41.14.469000 PM
,Download PDF dalla sezione Cedolini,01-OCT-24 12.07.59.809000 PM
7000.0,Normal user assign new grade for the child while creating a request,03-OCT-24 06.59.14.245000 PM
7832.0,HR/Normal user tries to update the answer,03-OCT-24 06.18.27.685000 PM
9887.0,Verifica possibilità di accesso a fondo pensione per Scelta Welfare,22-OCT-24 01.57.13.892000 PM
9223.0,Dettaglio elenco Cedolini e CU disponibili al download,28-OCT-24 04.19.05.858000 PM
6947.0,HR/Normal user tries to update the answer,09-OCT-24 05.27.56.342000 PM
,Download PDF dalla sezione Cedolini,29-OCT-24 12.34.09.705000 PM
,Dettaglio elenco Cedolini e CU disponibili al download,28-OCT-24 04.32.25.533000 PM
8262.0,Dettaglio elenco Cedolini e CU disponibili al download,28-OCT-24 04.32.40.901000 PM
18205.0,Recupero dettagliutente per Scelta Welfare,28-OCT-24 04.47.38.466000 PM
,Dettaglio elenco Cedolini e CU disponibili al download,11-OCT-24 05.25.02.790000 PM
,Dettaglio elenco Cedolini e CU disponibili al download,01-OCT-24 12.03.58.911000 PM
6075.0,Normal user enters the Provvidenza Figli page,03-OCT-24 04.57.42.208000 PM
,Download PDF dalla sezione Cedolini,01-OCT-24 10.48.36.100000 AM
13001387.0,Recupero dettagli utente per Scelta orario di lavoro,28-OCT-24 04.11.41.627000 PM
5095.0,Normal user enters the Provvidenza Figli page,01-OCT-24 12.50.44.893000 PM
,Download PDF dalla sezione Cedolini,28-OCT-24 04.41.56.741000 PM
13002734.0,Recupero dettagliutente per Scelta Welfare,02-OCT-24 04.37.39.879000 PM
13002935.0,Verifica possibilità di accesso a fondo pensione per Scelta Welfare,01-OCT-24 10.05.12.946000 AM
,Dettaglio elenco Cedolini e CU disponibili al download,02-OCT-24 04.25.33.065000 PM
5780.0,Normal user enters the Provvidenza Figli page,07-OCT-24 08.21.36.479000 AM
6458.0,Normal user assign new grade for the child while creating a request,09-OCT-24 05.02.31.141000 PM
,Dettaglio elenco Cedolini e CU disponibili al download,29-OCT-24 01.02.31.206000 PM
5681.0,Normal / HR user updates the answer,03-OCT-24 07.02.10.016000 PM
6774.0,HR/Normal user tries to update the answer,09-OCT-24 05.25.09.975000 PM
7212.0,Dettaglio elenco Cedolini e CU disponibili al download,01-OCT-24 12.58.47.725000 PM
,Dettaglio elenco Cedolini e CU disponibili al download,30-OCT-24 05.10.28.299000 PM
6199.0,Normal user enters the Provvidenza Figli page,01-OCT-24 11.00.12.181000 AM
,Download PDF dalla sezione Cedolini,15-OCT-24 12.44.17.217000 PM
,Download PDF dalla sezione Cedolini,01-OCT-24 10.55.13.487000 AM
5456.0,Dettaglio elenco Cedolini e CU disponibili al download,29-OCT-24 08.38.15.042000 AM
,Download PDF dalla sezione Cedolini,15-OCT-24 08.16.00.433000 PM
7055.0,Normal user assign new grade for the child while creating a request,06-OCT-24 05.48.50.394000 PM
7055.0,HR/Normal user tries to update the answer,06-OCT-24 05.49.21.468000 PM
7055.0,HR/Normal user tries to update the answer,06-OCT-24 05.49.40.579000 PM
,Download PDF dalla sezione Cedolini,29-OCT-24 08.48.34.957000 AM
6199.0,Normal user enters the Provvidenza Figli page,09-OCT-24 11.07.36.067000 AM
5905.0,Normal user assign new grade for the child while creating a request,04-OCT-24 12.35.26.543000 PM
,Dettaglio elenco Cedolini e CU disponibili al download,11-OCT-24 09.44.53.421000 AM
7451.0,Download PDF dalla sezione Cedolini,29-OCT-24 09.18.37.754000 AM
8008.0,Dettaglio elenco Cedolini e CU disponibili al download,29-OCT-24 08.21.07.846000 AM
,Download PDF dalla sezione Cedolini,02-OCT-24 04.57.00.265000 PM
5262.0,Recupero dettagliutente per Scelta Welfare,29-OCT-24 08.37.17.897000 AM
13000150.0,Verifica possibilità di accesso a fondo pensione per Scelta Welfare,04-OCT-24 03.05.44.327000 PM
8423.0,Normal user assign new grade for the child while creating a request,29-OCT-24 08.18.03.678000 AM
,Download PDF dalla sezione Cedolini,02-OCT-24 11.24.19.546000 AM
,Download PDF dalla sezione Cedolini,02-OCT-24 11.24.08.315000 AM
18000.0,Normal user enters the Provvidenza Figli page,09-OCT-24 11.13.51.776000 AM
13000882.0,Normal user tries to create new Provvidenza request for a child,06-OCT-24 05.17.35.243000 PM
13002024.0,Verifica possibilità di accesso a fondo pensione per Scelta Welfare,29-OCT-24 09.02.51.991000 AM
,Dettaglio elenco Cedolini e CU disponibili al download,02-OCT-24 11.39.19.841000 AM
18554.0,Normal user enters the Provvidenza Figli page,03-OCT-24 03.28.26.854000 PM
,Download PDF dalla sezione Cedolini,02-OCT-24 11.25.55.980000 AM
7149.0,Normal user enters the Provvidenza Figli page,04-OCT-24 03.16.46.078000 PM
13002124.0,Recupero dettagli utente per invio adesione Fondo Nazionale,29-OCT-24 12.38.32.969000 PM
13002608.0,Normal user enters the Provvidenza Figli page,09-OCT-24 11.24.30.193000 AM
6677.0,Normal user enters the Provvidenza Figli page,03-OCT-24 03.49.03.198000 PM
8203.0,HR/Normal user tries to update the answer,03-OCT-24 03.20.44.152000 PM
9233.0,HR/Normal user tries to update the answer,03-OCT-24 03.19.52.679000 PM
,Dettaglio elenco Cedolini e CU disponibili al download,28-OCT-24 12.32.22.615000 PM
,Download PDF dalla sezione Cedolini,11-OCT-24 10.31.44.483000 AM
,Dettaglio elenco Cedolini e CU disponibili al download,02-OCT-24 11.23.50.113000 AM
5327.0,Normal user enters the Provvidenza Figli page,11-OCT-24 10.22.27.136000 AM
13002608.0,HR/Normal user tries to update the answer,09-OCT-24 11.24.45.527000 AM
,Download PDF dalla sezione Cedolini,02-OCT-24 12.02.42.969000 PM
9238.0,Normal user enters the Provvidenza Figli page,03-OCT-24 03.54.27.889000 PM
6186.0,Normal user update grade for a child,11-OCT-24 09.54.49.187000 AM
6264.0,Verifica possibilità di accesso a fondo pensione per Scelta Welfare,10-OCT-24 02.25.32.451000 PM
5500.0,HR/Normal user tries to update the answer,03-OCT-24 03.26.16.219000 PM
,Download PDF dalla sezione Cedolini,28-OCT-24 12.31.05.735000 PM
,Dettaglio elenco Cedolini e CU disponibili al download,29-OCT-24 09.00.05.718000 AM
7059.0,Normal user enters the Provvidenza Figli page,10-OCT-24 02.50.48.883000 PM
5434.0,Normal user tries to create new Provvidenza request for a child,11-OCT-24 10.24.10.335000 AM
5568.0,HR tried to update grade,04-OCT-24 03.30.37.032000 PM
19323.0,Normal user enters the Provvidenza Figli page,03-OCT-24 04.05.41.727000 PM
5850.0,Normal user assign new grade for the child while creating a request,03-OCT-24 03.38.13.222000 PM
6990.0,HR/Normal user tries to update the answer,03-OCT-24 03.39.29.743000 PM
8203.0,HR/Normal user tries to update the answer,03-OCT-24 03.21.28.361000 PM
6900.0,Normal user enters the Provvidenza Figli page,04-OCT-24 03.40.04.175000 PM
,Download PDF dalla sezione Cedolini,02-OCT-24 11.26.41.913000 AM
6849.0,Normal user enters the Provvidenza Figli page,03-OCT-24 03.37.48.278000 PM
6037.0,HR/Normal user tries to update the answer,08-OCT-24 05.34.43.293000 PM
5714.0,Normal user assign new grade for the child while creating a request,03-OCT-24 03.32.35.639000 PM
7101.0,HR/Normal user tries to update the answer,03-OCT-24 04.00.45.533000 PM
6465.0,Normal user tries to create new Provvidenza request for a child,03-OCT-24 03.20.45.857000 PM
5938.0,HR/Normal user tries to update the answer,03-OCT-24 03.20.01.767000 PM
7118.0,Normal user enters the Provvidenza Figli page,03-OCT-24 03.20.17.219000 PM
8318.0,Normal user assign new grade for the child while creating a request,03-OCT-24 03.26.17.946000 PM
9474.0,Normal user enters the Provvidenza Figli page,03-OCT-24 03.43.55.508000 PM
13001316.0,Normal user assign new grade for the child while creating a request,03-OCT-24 03.43.53.904000 PM
,Download PDF dalla sezione Cedolini,03-OCT-24 03.48.46.694000 PM
8163.0,Verifica possibilità di accesso a fondo pensione per Scelta Welfare,08-OCT-24 05.19.38.487000 PM
6547.0,HR/Normal user tries to update the answer,03-OCT-24 03.23.01.727000 PM
6987.0,HR/Normal user tries to update the answer,03-OCT-24 03.32.01.033000 PM
6509.0,Normal user enters the Provvidenza Figli page,03-OCT-24 03.58.19.266000 PM
7149.0,Normal user enters the Provvidenza Figli page,04-OCT-24 03.15.14.169000 PM
6368.0,Normal user enters the Provvidenza Figli page,03-OCT-24 03.31.07.254000 PM
5854.0,HR/Normal user tries to update the answer,10-OCT-24 03.00.44.802000 PM
,Download PDF dalla sezione Cedolini,11-OCT-24 10.02.25.590000 AM
13001316.0,Normal user tries to create new Provvidenza request for a child,03-OCT-24 03.45.45.277000 PM
6474.0,Normal user assign new grade for the child while creating a request,03-OCT-24 03.49.07.655000 PM
6880.0,HR/Normal user tries to update the answer,03-OCT-24 03.19.37.392000 PM
18554.0,Normal user enters the Provvidenza Figli page,03-OCT-24 03.26.47.910000 PM
6400.0,HR/Normal user tries to update the answer,03-OCT-24 03.40.14.191000 PM
5727.0,Normal user tries to create new Provvidenza request for a child,09-OCT-24 08.03.57.099000 AM
6249.0,Normal user enters the Provvidenza Figli page,03-OCT-24 03.29.18.248000 PM
8318.0,Normal user enters the Provvidenza Figli page,03-OCT-24 03.28.12.486000 PM
5463.0,HR user tries to load Funzioni Batch,03-OCT-24 03.24.07.588000 PM
6159.0,Normal user enters the Provvidenza Figli page,03-OCT-24 04.07.59.851000 PM
6400.0,HR/Normal user tries to update the answer,03-OCT-24 03.38.59.059000 PM
6849.0,Normal user enters the Provvidenza Figli page,03-OCT-24 03.39.33.740000 PM
8189.0,Normal user enters the Provvidenza Figli page,10-OCT-24 02.47.00.215000 PM
5404.0,Recupero dettagliutente per Scelta Welfare,03-OCT-24 03.49.08.303000 PM
6124.0,HR/Normal user tries to update the answer,03-OCT-24 04.07.51.342000 PM
6990.0,HR/Normal user tries to update the answer,03-OCT-24 03.39.21.786000 PM
9238.0,Normal user enters the Provvidenza Figli page,03-OCT-24 03.56.17.678000 PM
6639.0,Dettaglio elenco Cedolini e CU disponibili al download,10-OCT-24 03.42.40.033000 PM
6366.0,HR/Normal user tries to update the answer,03-OCT-24 03.46.24.853000 PM
5658.0,Normal user enters the Provvidenza Figli page,03-OCT-24 03.28.05.033000 PM
6037.0,Normal user assign new grade for the child while creating a request,08-OCT-24 05.35.55.255000 PM
7203.0,Normal user assign new grade for the child while creating a request,03-OCT-24 03.46.16.985000 PM
6913.0,HR/Normal user tries to update the answer,03-OCT-24 03.32.36.953000 PM
6990.0,HR/Normal user tries to update the answer,03-OCT-24 03.39.52.469000 PM
7572.0,Verifica possibilità di accesso a fondo pensione per Scelta Welfare,23-OCT-24 12.28.48.601000 PM
6849.0,HR/Normal user tries to update the answer,03-OCT-24 03.39.20.439000 PM
6082.0,HR/Normal user tries to update the answer,03-OCT-24 03.42.40.039000 PM
5902.0,HR/Normal user tries to update the answer,03-OCT-24 03.30.22.270000 PM
9233.0,HR/Normal user tries to update the answer,03-OCT-24 03.21.23.838000 PM
8163.0,Dettaglio elenco Cedolini e CU disponibili al download,08-OCT-24 05.19.47.218000 PM
9238.0,Normal user assign new grade for the child while creating a request,03-OCT-24 03.56.21.040000 PM
8163.0,Dettaglio elenco Cedolini e CU disponibili al download,08-OCT-24 05.20.05.066000 PM
6735.0,Normal user tries to create new Provvidenza request for a child,03-OCT-24 04.03.34.093000 PM
8203.0,Normal user enters the Provvidenza Figli page,03-OCT-24 03.21.11.062000 PM
6735.0,Normal user enters the Provvidenza Figli page,03-OCT-24 04.01.38.714000 PM
13001316.0,HR/Normal user tries to update the answer,03-OCT-24 03.45.07.508000 PM
,Dettaglio elenco Cedolini e CU disponibili al download,28-OCT-24 01.46.23.279000 PM
6547.0,Normal user enters the Provvidenza Figli page,03-OCT-24 03.23.17.048000 PM
13001994.0,HR tried to update grade,03-OCT-24 03.56.38.802000 PM
6847.0,Normal user enters the Provvidenza Figli page,03-OCT-24 02.59.31.510000 PM
,Download PDF dalla sezione Cedolini,24-OCT-24 10.08.28.265000 AM
13001429.0,Recupero dettagli utente per Scelta orario di lavoro,30-OCT-24 06.48.50.785000 PM
5238.0,Recupero dettagliutente per Scelta Welfare,22-OCT-24 12.52.16.261000 PM
6847.0,HR/Normal user tries to update the answer,03-OCT-24 02.59.08.262000 PM
6017.0,HR/Normal user tries to update the answer,03-OCT-24 02.55.25.441000 PM
9238.0,Normal user tries to create new Provvidenza request for a child,03-OCT-24 03.55.26.985000 PM
6199.0,Normal user enters the Provvidenza Figli page,28-OCT-24 01.08.12.641000 PM
13002535.0,Verifica possibilità di accesso a fondo pensione per Scelta Welfare,18-OCT-24 03.44.32.114000 PM
,Dettaglio elenco Cedolini e CU disponibili al download,18-OCT-24 03.52.07.288000 PM
5433.0,HR/Normal user tries to update the answer,03-OCT-24 03.00.09.253000 PM
6509.0,Normal user tries to create new Provvidenza request for a child,03-OCT-24 03.56.41.669000 PM
5664.0,Normal user tries to create new Provvidenza request for a child,23-OCT-24 11.33.23.088000 AM
6727.0,Normal user enters the Provvidenza Figli page,03-OCT-24 03.01.09.856000 PM
6652.0,HR/Normal user tries to update the answer,03-OCT-24 03.05.03.611000 PM
5313.0,HR/Normal user tries to update the answer,03-OCT-24 03.50.21.657000 PM
,Download PDF dalla sezione Cedolini,10-OCT-24 10.18.38.443000 AM
7042.0,HR/Normal user tries to update the answer,03-OCT-24 03.16.32.598000 PM
7989.0,Dettaglio elenco Cedolini e CU disponibili al download,03-OCT-24 03.02.34.351000 PM
6820.0,HR/Normal user tries to update the answer,03-OCT-24 04.04.39.592000 PM
5926.0,HR/Normal user tries to update the answer,10-OCT-24 09.29.42.150000 AM
6735.0,HR/Normal user tries to update the answer,03-OCT-24 04.03.41.563000 PM
5587.0,HR/Normal user tries to update the answer,10-OCT-24 10.16.58.208000 AM
,Dettaglio elenco Cedolini e CU disponibili al download,10-OCT-24 10.18.36.699000 AM
13001184.0,Normal / HR user updates the answer,18-OCT-24 04.03.06.977000 PM
6474.0,Normal user tries to create new Provvidenza request for a child,03-OCT-24 03.49.07.507000 PM
13001184.0,HR/Normal user tries to update the answer,18-OCT-24 04.04.13.942000 PM
13001994.0,Normal user enters the Provvidenza Figli page,03-OCT-24 03.58.03.833000 PM
,Dettaglio elenco Cedolini e CU disponibili al download,28-OCT-24 10.21.51.957000 AM
,Download PDF dalla sezione Cedolini,28-OCT-24 10.50.31.986000 AM
7762.0,HR/Normal user tries to update the answer,07-OCT-24 09.57.55.982000 AM
,Dettaglio elenco Cedolini e CU disponibili al download,23-OCT-24 05.02.44.709000 PM
6335.0,HR/Normal user tries to update the answer,11-OCT-24 07.56.48.199000 PM
,Dettaglio elenco Cedolini e CU disponibili al download,11-OCT-24 11.14.57.580000 AM
,Download PDF dalla sezione Cedolini,30-OCT-24 10.50.58.116000 AM
5516.0,HR/Normal user tries to update the answer,11-OCT-24 08.31.12.712000 PM
6058.0,Normal user enters the Provvidenza Figli page,07-OCT-24 10.14.06.929000 AM
13002975.0,Normal user tries to create new Provvidenza request for a child,22-OCT-24 08.34.14.303000 AM
5492.0,HR/Normal user tries to update the answer,14-OCT-24 05.24.44.079000 PM
,Dettaglio elenco Cedolini e CU disponibili al download,23-OCT-24 04.58.19.989000 PM
7762.0,Normal user tries to create new Provvidenza request for a child,07-OCT-24 09.57.33.953000 AM
6972.0,HR/Normal user tries to update the answer,14-OCT-24 04.37.15.705000 PM
,Dettaglio elenco Cedolini e CU disponibili al download,08-OCT-24 05.14.15.458000 PM
6924.0,HR/Normal user tries to update the answer,08-OCT-24 05.11.39.073000 PM
5516.0,HR/Normal user tries to update the answer,11-OCT-24 08.31.03.242000 PM
13002446.0,Normal user enters the Provvidenza Figli page,14-OCT-24 04.34.59.002000 PM
13002930.0,Normal user enters the Provvidenza Figli page,13-OCT-24 10.55.54.001000 PM
,Download PDF dalla sezione Cedolini,24-OCT-24 10.54.16.589000 PM
17880.0,Dettaglio elenco Cedolini e CU disponibili al download,14-OCT-24 04.43.50.295000 PM
6924.0,HR/Normal user tries to update the answer,08-OCT-24 05.09.54.362000 PM
5199.0,HR/Normal user tries to update the answer,16-OCT-24 04.39.44.416000 PM
6199.0,Normal user enters the Provvidenza Figli page,10-OCT-24 09.28.48.625000 AM
13002682.0,Recupero dettagliutente per Scelta Welfare,11-OCT-24 11.07.09.492000 AM
5095.0,Normal user enters the Provvidenza Figli page,08-OCT-24 04.44.24.456000 PM
6000.0,Normal user enters the Provvidenza Figli page,04-OCT-24 10.00.22.259000 PM
,Dettaglio elenco Cedolini e CU disponibili al download,24-OCT-24 11.35.46.366000 PM
6972.0,Normal user enters the Provvidenza Figli page,14-OCT-24 04.36.35.793000 PM
,Download PDF dalla sezione Cedolini,25-OCT-24 08.50.51.262000 AM
5587.0,Normal user assign new grade for the child while creating a request,10-OCT-24 10.16.46.897000 AM
16786.0,Download PDF dalla sezione Cedolini,23-OCT-24 03.02.31.313000 PM
5199.0,Normal user update grade for a child,16-OCT-24 04.39.06.551000 PM
6199.0,HR user update the status from Back office,21-OCT-24 11.59.53.308000 AM
,Dettaglio elenco Cedolini e CU disponibili al download,16-OCT-24 04.18.57.638000 PM
,Download PDF dalla sezione Cedolini,25-OCT-24 08.32.45.269000 AM
,Download PDF dalla sezione Cedolini,25-OCT-24 08.17.27.605000 AM
6199.0,Normal user enters the Provvidenza Figli page,21-OCT-24 11.05.29.360000 AM
,Download PDF dalla sezione Cedolini,25-OCT-24 09.28.38.596000 AM
,Dettaglio elenco Cedolini e CU disponibili al download,25-OCT-24 08.53.03.262000 AM
,Download PDF dalla sezione Cedolini,14-OCT-24 10.44.59.401000 AM
,Dettaglio elenco Cedolini e CU disponibili al download,23-OCT-24 02.21.14.733000 PM
,Dettaglio elenco Cedolini e CU disponibili al download,25-OCT-24 08.53.56.866000 AM
13001896.0,Verifica possibilità di accesso a fondo pensione per Scelta Welfare,16-OCT-24 04.56.13.412000 PM
,Dettaglio elenco Cedolini e CU disponibili al download,25-OCT-24 09.29.23.682000 AM
,Download PDF dalla sezione Cedolini,21-OCT-24 12.38.22.270000 PM
8163.0,Download PDF dalla sezione Cedolini,08-OCT-24 05.20.13.228000 PM
,Dettaglio elenco Cedolini e CU disponibili al download,25-OCT-24 09.11.05.918000 AM
7072.0,Dettaglio elenco Cedolini e CU disponibili al download,25-OCT-24 09.40.46.669000 AM
,Download PDF dalla sezione Cedolini,25-OCT-24 08.56.23.203000 AM
,Download PDF dalla sezione Cedolini,23-OCT-24 03.38.35.546000 PM
,Download PDF dalla sezione Cedolini,25-OCT-24 09.35.36.102000 AM
13001313.0,HR/Normal user tries to update the answer,25-OCT-24 09.15.23.136000 AM
,Download PDF dalla sezione Cedolini,29-OCT-24 10.09.47.958000 AM
,Download PDF dalla sezione Cedolini,25-OCT-24 09.27.58.166000 AM
,Download PDF dalla sezione Cedolini,29-OCT-24 06.45.37.132000 PM
,Download PDF dalla sezione Cedolini,25-OCT-24 09.18.40.549000 AM
17064.0,Recupero dettagli utente per invio adesione Fondo Nazionale,25-OCT-24 09.17.47.402000 AM
,Download PDF dalla sezione Cedolini,25-OCT-24 08.56.45.676000 AM
,Dettaglio elenco Cedolini e CU disponibili al download,25-OCT-24 08.48.15.724000 AM
,Dettaglio elenco Cedolini e CU disponibili al download,25-OCT-24 08.46.25.531000 AM
,Download PDF dalla sezione Cedolini,18-OCT-24 10.51.07.990000 AM
,Download PDF dalla sezione Cedolini,25-OCT-24 08.55.23.618000 AM
,Download PDF dalla sezione Cedolini,25-OCT-24 09.03.20.101000 AM
,Download PDF dalla sezione Cedolini,25-OCT-24 09.12.03.555000 AM
,Dettaglio elenco Cedolini e CU disponibili al download,25-OCT-24 08.56.14.906000 AM
6611.0,Recupero dettagli utente per invio adesione Fondo Nazionale,29-OCT-24 09.49.33.100000 AM
,Dettaglio elenco Cedolini e CU disponibili al download,25-OCT-24 09.25.47.529000 AM
,Dettaglio elenco Cedolini e CU disponibili al download,18-OCT-24 10.36.11.053000 AM
,Download PDF dalla sezione Cedolini,07-OCT-24 06.22.30.623000 PM
,Download PDF dalla sezione Cedolini,25-OCT-24 08.38.33.871000 AM
6621.0,Normal user tries to create new Provvidenza request for a child,03-OCT-24 04.22.11.241000 PM
,Download PDF dalla sezione Cedolini,25-OCT-24 09.20.26.732000 AM
5939.0,Normal user tries to create new Provvidenza request for a child,03-OCT-24 04.11.49.432000 PM
,Download PDF dalla sezione Cedolini,25-OCT-24 09.23.49.418000 AM
6820.0,Normal user enters the Provvidenza Figli page,03-OCT-24 04.08.41.053000 PM
,Download PDF dalla sezione Cedolini,25-OCT-24 09.01.45.345000 AM
5630.0,Normal user enters the Provvidenza Figli page,03-OCT-24 04.32.18.242000 PM
6159.0,HR/Normal user tries to update the answer,03-OCT-24 04.09.27.986000 PM
,Dettaglio elenco Cedolini e CU disponibili al download,25-OCT-24 09.43.09.637000 AM
7147.0,Normal user enters the Provvidenza Figli page,03-OCT-24 04.31.27.174000 PM
,Dettaglio elenco Cedolini e CU disponibili al download,25-OCT-24 08.25.14.603000 AM
,Download PDF dalla sezione Cedolini,25-OCT-24 09.29.11.882000 AM
,Download PDF dalla sezione Cedolini,25-OCT-24 09.37.25.239000 AM
7554.0,Normal / HR user updates the answer,03-OCT-24 04.13.19.269000 PM
,Dettaglio elenco Cedolini e CU disponibili al download,11-OCT-24 09.14.03.859000 AM
7870.0,Download PDF dalla sezione Cedolini,25-OCT-24 09.24.20.214000 AM
15635.0,HR/Normal user tries to update the answer,03-OCT-24 04.20.24.856000 PM
,Download PDF dalla sezione Cedolini,25-OCT-24 08.53.59.448000 AM
7173.0,HR/Normal user tries to update the answer,03-OCT-24 04.26.53.579000 PM
5601.0,Normal user enters the Provvidenza Figli page,03-OCT-24 04.13.56.839000 PM
6233.0,HR/Normal user tries to update the answer,03-OCT-24 04.25.28.288000 PM
6922.0,Normal user enters the Provvidenza Figli page,06-OCT-24 10.09.34.704000 AM
6513.0,HR/Normal user tries to update the answer,03-OCT-24 04.28.20.593000 PM
9652.0,HR/Normal user tries to update the answer,03-OCT-24 04.14.53.902000 PM
,Dettaglio elenco Cedolini e CU disponibili al download,15-OCT-24 11.19.35.315000 AM
8055.0,HR/Normal user tries to update the answer,03-OCT-24 04.13.47.785000 PM
,Dettaglio elenco Cedolini e CU disponibili al download,29-OCT-24 10.16.15.501000 AM
5601.0,Normal user enters the Provvidenza Figli page,03-OCT-24 05.24.38.378000 PM
5784.0,Dettaglio elenco Cedolini e CU disponibili al download,28-OCT-24 04.14.41.004000 PM
5923.0,Verifica possibilità di accesso a fondo pensione per Scelta Welfare,29-OCT-24 09.35.08.988000 AM
,Dettaglio elenco Cedolini e CU disponibili al download,21-OCT-24 04.04.37.850000 PM
13000909.0,Recupero dettagliutente per Scelta Welfare,27-OCT-24 06.30.54.893000 PM
5879.0,HR/Normal user tries to update the answer,03-OCT-24 04.24.19.137000 PM
,Download PDF dalla sezione Cedolini,29-OCT-24 06.45.00.203000 PM
5672.0,Verifica possibilità di accesso a fondo pensione per Scelta Welfare,25-OCT-24 09.28.34.666000 AM
13002608.0,HR/Normal user tries to update the answer,03-OCT-24 04.54.42.055000 PM
,Dettaglio elenco Cedolini e CU disponibili al download,21-OCT-24 11.06.51.317000 AM
7375.0,HR/Normal user tries to update the answer,03-OCT-24 05.31.18.551000 PM
15635.0,HR/Normal user tries to update the answer,03-OCT-24 04.20.27.314000 PM
13000909.0,Recupero dettagliutente per Scelta Welfare,27-OCT-24 06.30.25.041000 PM
5494.0,HR/Normal user tries to update the answer,03-OCT-24 05.17.44.613000 PM
7256.0,Normal user enters the Provvidenza Figli page,03-OCT-24 04.58.00.821000 PM
7773.0,Recupero dettagliutente per Scelta Welfare,30-OCT-24 12.09.14.504000 PM
5273.0,Normal user assign new grade for the child while creating a request,03-OCT-24 04.13.32.707000 PM
8622.0,Normal user enters the Provvidenza Figli page,03-OCT-24 04.59.02.908000 PM
7091.0,Normal user tries to create new Provvidenza request for a child,03-OCT-24 05.17.06.106000 PM
6925.0,Normal user tries to create new Provvidenza request for a child,03-OCT-24 04.21.34.918000 PM
6925.0,Dettaglio elenco Cedolini e CU disponibili al download,03-OCT-24 04.25.48.750000 PM
6119.0,HR/Normal user tries to update the answer,03-OCT-24 06.15.20.953000 PM
,Dettaglio elenco Cedolini e CU disponibili al download,11-OCT-24 04.51.03.350000 PM
6075.0,HR/Normal user tries to update the answer,03-OCT-24 04.58.47.868000 PM
7173.0,Normal / HR user updates the answer,03-OCT-24 04.26.44.016000 PM
9545.0,Normal user enters the Provvidenza Figli page,03-OCT-24 06.10.26.815000 PM
16819.0,Verifica possibilità di accesso a fondo pensione per Scelta Welfare,30-OCT-24 12.09.34.630000 PM
,Download PDF dalla sezione Cedolini,29-OCT-24 10.07.58.060000 AM
,Dettaglio elenco Cedolini e CU disponibili al download,14-OCT-24 08.27.59.538000 AM
6159.0,Normal user enters the Provvidenza Figli page,03-OCT-24 04.09.05.207000 PM
5601.0,HR/Normal user tries to update the answer,03-OCT-24 05.20.22.035000 PM
6641.0,HR/Normal user tries to update the answer,03-OCT-24 04.53.28.895000 PM
5197.0,Normal user tries to create new Provvidenza request for a child,03-OCT-24 04.27.53.023000 PM
,Dettaglio elenco Cedolini e CU disponibili al download,28-OCT-24 04.51.52.305000 PM
6551.0,HR/Normal user tries to update the answer,03-OCT-24 06.00.53.986000 PM
6942.0,Normal user enters the Provvidenza Figli page,15-OCT-24 11.17.30.968000 AM
6925.0,Normal user assign new grade for the child while creating a request,03-OCT-24 04.20.20.362000 PM
6665.0,Normal user assign new grade for the child while creating a request,09-OCT-24 10.45.05.367000 AM
6380.0,Normal user enters the Provvidenza Figli page,03-OCT-24 05.10.00.430000 PM
6925.0,Download PDF dalla sezione Cedolini,03-OCT-24 04.22.26.578000 PM
13000028.0,Recupero dettagliutente per Scelta Welfare,24-OCT-24 12.19.00.446000 PM
,Download PDF dalla sezione Cedolini,04-OCT-24 11.47.36.417000 AM
7303.0,HR/Normal user tries to update the answer,03-OCT-24 04.56.15.767000 PM
5701.0,Normal user enters the Provvidenza Figli page,03-OCT-24 04.41.06.019000 PM
13001862.0,HR/Normal user tries to update the answer,03-OCT-24 01.35.56.282000 PM
5827.0,Normal / HR user updates the answer,10-OCT-24 01.12.24.274000 PM
,Dettaglio elenco Cedolini e CU disponibili al download,03-OCT-24 01.34.15.113000 PM
9098.0,Normal user tries to create new Provvidenza request for a child,03-OCT-24 01.25.23.129000 PM
7199.0,Normal user enters the Provvidenza Figli page,03-OCT-24 01.31.05.148000 PM
6382.0,Normal user tries to create new Provvidenza request for a child,03-OCT-24 01.22.48.539000 PM
7386.0,HR/Normal user tries to update the answer,03-OCT-24 01.24.34.463000 PM
6372.0,Normal user assign new grade for the child while creating a request,03-OCT-24 01.27.05.656000 PM
6377.0,Normal user assign new grade for the child while creating a request,04-OCT-24 11.54.26.817000 AM
7513.0,HR/Normal user tries to update the answer,04-OCT-24 11.38.53.861000 AM
6132.0,HR/Normal user tries to update the answer,03-OCT-24 01.20.51.045000 PM
6132.0,HR/Normal user tries to update the answer,03-OCT-24 01.20.55.861000 PM
8309.0,Normal user assign new grade for the child while creating a request,03-OCT-24 01.15.59.088000 PM
6597.0,Normal / HR user updates the answer,03-OCT-24 01.17.09.049000 PM
17789.0,HR/Normal user tries to update the answer,03-OCT-24 01.21.09.118000 PM
6365.0,HR/Normal user tries to update the answer,03-OCT-24 01.16.29.318000 PM
9407.0,HR/Normal user tries to update the answer,03-OCT-24 01.35.41.685000 PM
7256.0,Normal user enters the Provvidenza Figli page,03-OCT-24 04.59.33.273000 PM
6486.0,Normal / HR user updates the answer,03-OCT-24 01.15.43.099000 PM
7629.0,Normal user tries to create new Provvidenza request for a child,03-OCT-24 01.16.32.353000 PM
5927.0,Normal user update grade for a child,03-OCT-24 01.24.57.435000 PM
9359.0,HR/Normal user tries to update the answer,03-OCT-24 01.19.46.513000 PM
6850.0,Normal user enters the Provvidenza Figli page,03-OCT-24 01.27.30.561000 PM
6915.0,HR/Normal user tries to update the answer,03-OCT-24 01.15.58.087000 PM
7207.0,Normal user assign new grade for the child while creating a request,03-OCT-24 01.18.01.627000 PM
7199.0,HR/Normal user tries to update the answer,03-OCT-24 01.31.17.493000 PM
7637.0,HR/Normal user tries to update the answer,03-OCT-24 01.26.12.587000 PM
,Dettaglio elenco Cedolini e CU disponibili al download,30-OCT-24 11.51.44.963000 AM
,Dettaglio elenco Cedolini e CU disponibili al download,31-OCT-24 01.11.17.514000 PM
5993.0,HR/Normal user tries to update the answer,03-OCT-24 01.20.21.099000 PM
8826.0,Normal user assign new grade for the child while creating a request,03-OCT-24 01.29.49.416000 PM
7199.0,Normal user assign new grade for the child while creating a request,03-OCT-24 01.31.07.870000 PM
13001862.0,Normal user assign new grade for the child while creating a request,03-OCT-24 01.34.22.677000 PM
7801.0,HR/Normal user tries to update the answer,04-OCT-24 11.36.04.152000 AM
13000340.0,Normal user enters the Provvidenza Figli page,03-OCT-24 01.18.36.879000 PM
13001627.0,Normal user assign new grade for the child while creating a request,03-OCT-24 01.20.29.207000 PM
6013.0,HR/Normal user tries to update the answer,03-OCT-24 01.19.48.125000 PM
13001081.0,HR/Normal user tries to update the answer,04-OCT-24 12.01.50.164000 PM
6227.0,HR/Normal user tries to update the answer,03-OCT-24 01.18.35.517000 PM
6179.0,HR/Normal user tries to update the answer,03-OCT-24 01.23.43.593000 PM
6206.0,Normal user enters the Provvidenza Figli page,03-OCT-24 01.27.51.036000 PM
9368.0,Normal user enters the Provvidenza Figli page,03-OCT-24 01.32.28.986000 PM
8708.0,Normal user tries to create new Provvidenza request for a child,03-OCT-24 01.20.42.314000 PM
6763.0,HR/Normal user tries to update the answer,03-OCT-24 01.25.28.173000 PM
16895.0,Normal user tries to create new Provvidenza request for a child,03-OCT-24 01.23.11.615000 PM
6894.0,HR/Normal user tries to update the answer,03-OCT-24 01.16.57.319000 PM
6119.0,Normal user enters the Provvidenza Figli page,03-OCT-24 06.20.58.352000 PM
6852.0,HR/Normal user tries to update the answer,03-OCT-24 01.17.48.664000 PM
8061.0,Normal user enters the Provvidenza Figli page,03-OCT-24 01.20.11.995000 PM
6850.0,HR tried to update grade,03-OCT-24 01.27.36.064000 PM
7487.0,Normal user tries to create new Provvidenza request for a child,03-OCT-24 01.26.38.211000 PM
7486.0,Normal / HR user updates the answer,03-OCT-24 01.15.52.504000 PM
5891.0,Normal user assign new grade for the child while creating a request,03-OCT-24 01.16.26.638000 PM
,Dettaglio elenco Cedolini e CU disponibili al download,31-OCT-24 01.43.25.932000 PM
7742.0,HR/Normal user tries to update the answer,03-OCT-24 01.19.42.591000 PM
,Dettaglio elenco Cedolini e CU disponibili al download,03-OCT-24 01.34.55.234000 PM
7081.0,HR/Normal user tries to update the answer,03-OCT-24 01.18.00.702000 PM
7264.0,Recupero dettagliutente per Scelta Welfare,03-OCT-24 01.17.46.521000 PM
,Download PDF dalla sezione Cedolini,03-OCT-24 01.25.15.528000 PM
6841.0,Normal user assign new grade for the child while creating a request,03-OCT-24 06.35.14.685000 PM
9098.0,HR/Normal user tries to update the answer,03-OCT-24 01.25.35.464000 PM
9407.0,HR/Normal user tries to update the answer,03-OCT-24 01.36.29.791000 PM
,Dettaglio elenco Cedolini e CU disponibili al download,03-OCT-24 01.09.45.587000 PM
8309.0,HR/Normal user tries to update the answer,03-OCT-24 01.15.17.107000 PM
5958.0,Normal user enters the Provvidenza Figli page,03-OCT-24 01.17.37.504000 PM
6067.0,Normal user tries to create new Provvidenza request for a child,03-OCT-24 01.19.32.705000 PM
6377.0,HR/Normal user tries to update the answer,04-OCT-24 11.56.04.341000 AM
13002608.0,Normal user enters the Provvidenza Figli page,03-OCT-24 04.53.48.416000 PM
7615.0,Normal / HR user updates the answer,03-OCT-24 01.25.24.414000 PM
7601.0,Normal user tries to create new Provvidenza request for a child,03-OCT-24 01.18.36.019000 PM
8023.0,HR/Normal user tries to update the answer,03-OCT-24 01.18.31.063000 PM
7264.0,Verifica possibilità di accesso a fondo pensione per Scelta Welfare,03-OCT-24 01.17.46.589000 PM
7036.0,HR/Normal user tries to update the answer,03-OCT-24 01.19.25.034000 PM
5562.0,HR/Normal user tries to update the answer,03-OCT-24 01.28.53.721000 PM
13000760.0,Normal user enters the Provvidenza Figli page,03-OCT-24 01.34.59.766000 PM
7199.0,HR/Normal user tries to update the answer,03-OCT-24 01.31.15.173000 PM
17860.0,Recupero dettagli utente per Scelta orario di lavoro,19-OCT-24 06.24.05.211000 PM
7813.0,HR/Normal user tries to update the answer,03-OCT-24 01.16.39.871000 PM
6164.0,Normal user enters the Provvidenza Figli page,03-OCT-24 01.16.55.556000 PM
6839.0,Normal user assign new grade for the child while creating a request,03-OCT-24 01.16.56.336000 PM
8708.0,HR/Normal user tries to update the answer,03-OCT-24 01.21.28.741000 PM
7636.0,Normal user tries to create new Provvidenza request for a child,03-OCT-24 01.22.50.061000 PM
6669.0,HR/Normal user tries to update the answer,03-OCT-24 01.19.48.588000 PM
5868.0,Normal user tries to create new Provvidenza request for a child,03-OCT-24 01.18.25.989000 PM
17720.0,Normal user enters the Provvidenza Figli page,03-OCT-24 01.19.21.921000 PM
6778.0,Normal user enters the Provvidenza Figli page,03-OCT-24 01.31.39.184000 PM
6470.0,Normal user enters the Provvidenza Figli page,03-OCT-24 01.19.41.001000 PM
6556.0,HR/Normal user tries to update the answer,03-OCT-24 01.18.54.758000 PM
6008.0,Normal user enters the Provvidenza Figli page,03-OCT-24 01.18.13.364000 PM
7434.0,Normal user enters the Provvidenza Figli page,03-OCT-24 01.18.00.440000 PM
7283.0,Normal user update grade for a child,03-OCT-24 01.31.16.390000 PM
6992.0,HR/Normal user tries to update the answer,03-OCT-24 01.16.00.447000 PM
9407.0,Normal user enters the Provvidenza Figli page,03-OCT-24 01.36.39.794000 PM
6059.0,HR/Normal user tries to update the answer,03-OCT-24 01.21.26.002000 PM
7752.0,Normal user assign new grade for the child while creating a request,03-OCT-24 01.21.57.941000 PM
9473.0,Normal user tries to create new Provvidenza request for a child,03-OCT-24 01.19.26.681000 PM
17188.0,Normal user enters the Provvidenza Figli page,04-OCT-24 11.43.48.569000 AM
9359.0,HR/Normal user tries to update the answer,03-OCT-24 01.19.14.495000 PM
6470.0,HR/Normal user tries to update the answer,03-OCT-24 01.20.18.553000 PM
5993.0,Normal user tries to create new Provvidenza request for a child,03-OCT-24 01.20.04.138000 PM
8061.0,HR/Normal user tries to update the answer,03-OCT-24 01.19.04.913000 PM
,Dettaglio elenco Cedolini e CU disponibili al download,01-OCT-24 12.34.53.721000 PM
13001767.0,Normal user tries to create new Provvidenza request for a child,03-OCT-24 01.31.02.124000 PM
6013.0,HR/Normal user tries to update the answer,03-OCT-24 01.20.05.566000 PM
7601.0,HR tried to update grade,03-OCT-24 01.21.47.516000 PM
5863.0,HR/Normal user tries to update the answer,03-OCT-24 01.15.05.796000 PM
7128.0,Normal user enters the Provvidenza Figli page,03-OCT-24 01.23.41.267000 PM
9098.0,Normal user assign new grade for the child while creating a request,03-OCT-24 01.25.23.289000 PM
8826.0,HR/Normal user tries to update the answer,03-OCT-24 01.30.21.663000 PM
6457.0,Normal user enters the Provvidenza Figli page,03-OCT-24 01.27.19.578000 PM
7199.0,Normal user enters the Provvidenza Figli page,03-OCT-24 01.28.09.430000 PM
6882.0,Normal / HR user updates the answer,03-OCT-24 01.20.24.430000 PM
7487.0,HR/Normal user tries to update the answer,03-OCT-24 01.27.45.222000 PM
6067.0,HR/Normal user tries to update the answer,03-OCT-24 01.19.53.697000 PM
9474.0,Normal user enters the Provvidenza Figli page,03-OCT-24 01.33.30.581000 PM
,Dettaglio elenco Cedolini e CU disponibili al download,03-OCT-24 01.33.41.859000 PM
7386.0,HR/Normal user tries to update the answer,03-OCT-24 01.21.14.982000 PM
6088.0,HR/Normal user tries to update the answer,03-OCT-24 01.17.35.563000 PM
8309.0,HR tried to update grade,03-OCT-24 01.16.04.124000 PM
8708.0,Normal user assign new grade for the child while creating a request,03-OCT-24 01.20.42.442000 PM
6882.0,Normal / HR user updates the answer,03-OCT-24 01.20.48.005000 PM
7868.0,Normal user assign new grade for the child while creating a request,03-OCT-24 01.20.17.239000 PM
7207.0,HR/Normal user tries to update the answer,03-OCT-24 01.18.24.257000 PM
7606.0,HR/Normal user tries to update the answer,03-OCT-24 01.27.44.934000 PM
6008.0,HR/Normal user tries to update the answer,03-OCT-24 01.18.25.586000 PM
6182.0,Normal user assign new grade for the child while creating a request,03-OCT-24 01.27.02.266000 PM
7207.0,Normal user tries to create new Provvidenza request for a child,03-OCT-24 01.18.00.967000 PM
6802.0,Normal user enters the Provvidenza Figli page,03-OCT-24 01.18.33.959000 PM
7752.0,HR/Normal user tries to update the answer,03-OCT-24 01.22.23.361000 PM
15870.0,Normal user update grade for a child,03-OCT-24 01.18.18.636000 PM
7487.0,HR/Normal user tries to update the answer,03-OCT-24 01.27.43.340000 PM
7813.0,HR/Normal user tries to update the answer,03-OCT-24 01.17.51.961000 PM
7200.0,HR/Normal user tries to update the answer,03-OCT-24 01.26.52.926000 PM
8023.0,Normal user assign new grade for the child while creating a request,03-OCT-24 01.18.10.386000 PM
7081.0,Normal user assign new grade for the child while creating a request,03-OCT-24 01.15.52.012000 PM
5868.0,HR/Normal user tries to update the answer,03-OCT-24 01.19.28.696000 PM
5993.0,HR/Normal user tries to update the answer,03-OCT-24 01.19.11.508000 PM
13000760.0,Normal user enters the Provvidenza Figli page,03-OCT-24 01.36.02.488000 PM
7200.0,Normal user enters the Provvidenza Figli page,03-OCT-24 01.25.18.624000 PM
5562.0,HR/Normal user tries to update the answer,03-OCT-24 01.28.50.028000 PM
7707.0,HR/Normal user tries to update the answer,03-OCT-24 01.21.17.490000 PM
7371.0,Normal user enters the Provvidenza Figli page,18-OCT-24 03.20.34.820000 PM
6870.0,Normal user enters the Provvidenza Figli page,03-OCT-24 01.23.04.740000 PM
17789.0,HR/Normal user tries to update the answer,03-OCT-24 01.20.57.494000 PM
,Dettaglio elenco Cedolini e CU disponibili al download,29-OCT-24 08.23.56.673000 AM
,Download PDF dalla sezione Cedolini,06-OCT-24 10.08.08.015000 AM
8826.0,HR/Normal user tries to update the answer,03-OCT-24 01.30.15.023000 PM
17789.0,HR/Normal user tries to update the answer,03-OCT-24 01.22.01.970000 PM
6195.0,Normal user assign new grade for the child while creating a request,03-OCT-24 01.21.54.155000 PM
8023.0,Dettaglio elenco Cedolini e CU disponibili al download,03-OCT-24 01.17.56.608000 PM
5580.0,Normal user enters the Provvidenza Figli page,03-OCT-24 01.17.51.998000 PM
7487.0,Normal user tries to create new Provvidenza request for a child,03-OCT-24 01.27.40.773000 PM
7836.0,HR/Normal user tries to update the answer,03-OCT-24 01.23.48.295000 PM
,Dettaglio elenco Cedolini e CU disponibili al download,29-OCT-24 08.20.59.263000 AM
,Dettaglio elenco Cedolini e CU disponibili al download,24-OCT-24 02.52.30.459000 PM
6199.0,Normal user enters the Provvidenza Figli page,18-OCT-24 02.54.28.673000 PM
7477.0,HR/Normal user tries to update the answer,08-OCT-24 09.28.03.697000 AM
10871.0,Normal user enters the Provvidenza Figli page,16-OCT-24 08.05.51.212000 AM
5604.0,HR/Normal user tries to update the answer,03-OCT-24 01.27.04.712000 PM
6806.0,HR/Normal user tries to update the answer,03-OCT-24 01.27.15.924000 PM
6396.0,HR/Normal user tries to update the answer,08-OCT-24 08.59.07.686000 AM
7371.0,Normal user assign new grade for the child while creating a request,18-OCT-24 03.18.41.267000 PM
13002985.0,Normal user enters the Provvidenza Figli page,26-OCT-24 04.21.14.732000 PM
13002972.0,Verifica possibilità di accesso a fondo pensione per Scelta Welfare,15-OCT-24 12.35.10.471000 PM
,Dettaglio elenco Cedolini e CU disponibili al download,17-OCT-24 09.50.21.718000 AM
18654.0,Dettaglio elenco Cedolini e CU disponibili al download,30-OCT-24 09.15.30.286000 AM
13002935.0,Verifica possibilità di accesso a fondo pensione per Scelta Welfare,30-OCT-24 09.44.26.435000 AM
18139.0,Normal user enters the Provvidenza Figli page,03-OCT-24 02.40.57.289000 PM
16385.0,Normal user enters the Provvidenza Figli page,03-OCT-24 02.40.58.374000 PM
7437.0,Normal user enters the Provvidenza Figli page,03-OCT-24 02.39.18.698000 PM
5501.0,Normal user enters the Provvidenza Figli page,03-OCT-24 02.45.58.504000 PM
5290.0,HR/Normal user tries to update the answer,03-OCT-24 02.54.18.580000 PM
5477.0,HR/Normal user tries to update the answer,03-OCT-24 02.52.16.342000 PM
,Dettaglio elenco Cedolini e CU disponibili al download,01-OCT-24 12.51.59.868000 PM
5776.0,HR/Normal user tries to update the answer,07-OCT-24 11.55.20.666000 PM
6229.0,Normal user enters the Provvidenza Figli page,08-OCT-24 09.28.36.443000 AM
6788.0,Normal user enters the Provvidenza Figli page,03-OCT-24 03.05.56.126000 PM
7141.0,Normal user enters the Provvidenza Figli page,03-OCT-24 02.57.33.529000 PM
6170.0,Normal user tries to create new Provvidenza request for a child,03-OCT-24 02.38.31.884000 PM
10678.0,HR/Normal user tries to update the answer,03-OCT-24 02.45.18.239000 PM
7115.0,HR/Normal user tries to update the answer,03-OCT-24 03.08.01.699000 PM
16010.0,HR/Normal user tries to update the answer,03-OCT-24 03.09.09.917000 PM
16385.0,Normal user tries to create new Provvidenza request for a child,03-OCT-24 02.41.08.046000 PM
7165.0,Normal user enters the Provvidenza Figli page,03-OCT-24 02.47.03.330000 PM
7302.0,HR tried to update grade,03-OCT-24 02.39.24.690000 PM
18139.0,HR/Normal user tries to update the answer,03-OCT-24 02.40.17.393000 PM
6199.0,Normal user enters the Provvidenza Figli page,18-OCT-24 02.52.04.126000 PM
13002413.0,Normal user assign new grade for the child while creating a request,03-OCT-24 03.00.46.694000 PM
7615.0,HR/Normal user tries to update the answer,03-OCT-24 02.43.19.433000 PM
6790.0,HR/Normal user tries to update the answer,03-OCT-24 02.50.56.165000 PM
7221.0,Normal user assign new grade for the child while creating a request,03-OCT-24 02.42.36.712000 PM
7448.0,Normal user enters the Provvidenza Figli page,03-OCT-24 02.57.06.110000 PM
5779.0,HR/Normal user tries to update the answer,03-OCT-24 02.51.02.630000 PM
13001783.0,Normal user assign new grade for the child while creating a request,03-OCT-24 03.03.12.989000 PM
7221.0,HR/Normal user tries to update the answer,03-OCT-24 02.42.42.949000 PM
5290.0,Normal user tries to create new Provvidenza request for a child,03-OCT-24 02.54.14.284000 PM
5842.0,Normal user tries to create new Provvidenza request for a child,03-OCT-24 03.01.29.188000 PM
5535.0,Normal user enters the Provvidenza Figli page,03-OCT-24 03.03.21.719000 PM
6718.0,Normal user enters the Provvidenza Figli page,03-OCT-24 03.01.35.237000 PM
6788.0,HR/Normal user tries to update the answer,03-OCT-24 03.05.33.434000 PM
7109.0,HR/Normal user tries to update the answer,03-OCT-24 03.02.00.775000 PM
10057.0,HR/Normal user tries to update the answer,03-OCT-24 02.43.17.907000 PM
7448.0,Normal user tries to create new Provvidenza request for a child,03-OCT-24 02.55.50.744000 PM
5776.0,HR/Normal user tries to update the answer,07-OCT-24 11.55.38.575000 PM
6469.0,HR/Normal user tries to update the answer,03-OCT-24 02.47.22.396000 PM
5643.0,HR/Normal user tries to update the answer,03-OCT-24 02.51.58.823000 PM
13002179.0,HR/Normal user tries to update the answer,03-OCT-24 02.48.11.758000 PM
8372.0,Normal user tries to create new Provvidenza request for a child,03-OCT-24 02.41.30.731000 PM
13002580.0,Normal user enters the Provvidenza Figli page,03-OCT-24 03.09.28.370000 PM
7109.0,HR/Normal user tries to update the answer,03-OCT-24 03.01.55.948000 PM
,Download PDF dalla sezione Cedolini,30-OCT-24 09.40.00.972000 AM
7355.0,HR/Normal user tries to update the answer,03-OCT-24 03.10.05.894000 PM
,Dettaglio elenco Cedolini e CU disponibili al download,03-OCT-24 02.56.07.166000 PM
,Dettaglio elenco Cedolini e CU disponibili al download,30-OCT-24 09.22.17.504000 AM
5708.0,Normal user tries to create new Provvidenza request for a child,03-OCT-24 02.51.48.094000 PM
,Download PDF dalla sezione Cedolini,17-OCT-24 09.50.24.219000 AM
5451.0,Normal user enters the Provvidenza Figli page,03-OCT-24 03.03.08.380000 PM
7109.0,Normal / HR user updates the answer,03-OCT-24 03.03.33.928000 PM
6281.0,Normal user tries to create new Provvidenza request for a child,03-OCT-24 03.01.26.439000 PM
7425.0,HR/Normal user tries to update the answer,03-OCT-24 02.38.05.181000 PM
7319.0,Normal user enters the Provvidenza Figli page,03-OCT-24 03.07.05.948000 PM
6519.0,Normal user tries to create new Provvidenza request for a child,03-OCT-24 02.48.06.651000 PM
6631.0,HR/Normal user tries to update the answer,03-OCT-24 02.54.01.986000 PM
6727.0,HR/Normal user tries to update the answer,03-OCT-24 03.01.19.942000 PM
10057.0,HR tried to update grade,03-OCT-24 02.42.45.678000 PM
18139.0,HR/Normal user tries to update the answer,03-OCT-24 02.40.13.043000 PM
6790.0,Normal user enters the Provvidenza Figli page,03-OCT-24 02.49.17.011000 PM
6386.0,Normal user enters the Provvidenza Figli page,03-OCT-24 02.53.44.985000 PM
6599.0,HR/Normal user tries to update the answer,03-OCT-24 02.48.32.668000 PM
13002833.0,Normal user tries to create new Provvidenza request for a child,03-OCT-24 02.52.55.421000 PM
6601.0,Normal user tries to create new Provvidenza request for a child,03-OCT-24 02.51.43.547000 PM
6281.0,HR/Normal user tries to update the answer,03-OCT-24 03.01.01.122000 PM
9438.0,HR/Normal user tries to update the answer,03-OCT-24 03.02.54.264000 PM
7042.0,HR/Normal user tries to update the answer,03-OCT-24 03.16.51.640000 PM
5718.0,HR/Normal user tries to update the answer,03-OCT-24 03.16.22.670000 PM
6249.0,HR/Normal user tries to update the answer,03-OCT-24 03.18.49.896000 PM
5718.0,HR/Normal user tries to update the answer,03-OCT-24 03.15.45.630000 PM
5629.0,HR/Normal user tries to update the answer,03-OCT-24 03.09.10.630000 PM
7575.0,HR/Normal user tries to update the answer,03-OCT-24 02.56.20.535000 PM
10678.0,Normal user tries to create new Provvidenza request for a child,03-OCT-24 02.45.14.152000 PM
5611.0,Normal user enters the Provvidenza Figli page,03-OCT-24 02.57.24.486000 PM
7652.0,HR/Normal user tries to update the answer,03-OCT-24 03.00.00.520000 PM
6718.0,Normal user tries to create new Provvidenza request for a child,03-OCT-24 03.00.18.668000 PM
6469.0,HR/Normal user tries to update the answer,03-OCT-24 02.47.39.281000 PM
5718.0,HR/Normal user tries to update the answer,03-OCT-24 03.16.09.125000 PM
6788.0,Normal user enters the Provvidenza Figli page,03-OCT-24 03.03.32.888000 PM
10678.0,Normal / HR user updates the answer,03-OCT-24 02.45.24.546000 PM
,Dettaglio elenco Cedolini e CU disponibili al download,09-OCT-24 02.45.39.951000 PM
9208.0,HR/Normal user tries to update the answer,03-OCT-24 02.44.21.503000 PM
6601.0,Normal user assign new grade for the child while creating a request,03-OCT-24 02.50.29.095000 PM
13000105.0,Normal user tries to create new Provvidenza request for a child,03-OCT-24 02.56.13.965000 PM
,Dettaglio elenco Cedolini e CU disponibili al download,03-OCT-24 03.01.35.173000 PM
17098.0,Normal user enters the Provvidenza Figli page,03-OCT-24 03.02.22.346000 PM
7146.0,HR/Normal user tries to update the answer,03-OCT-24 02.46.29.080000 PM
7615.0,HR/Normal user tries to update the answer,03-OCT-24 02.43.33.961000 PM
13002128.0,Normal user enters the Provvidenza Figli page,03-OCT-24 02.57.01.367000 PM
5611.0,Normal user assign new grade for the child while creating a request,03-OCT-24 02.55.39.145000 PM
6103.0,HR/Normal user tries to update the answer,03-OCT-24 03.09.35.572000 PM
7109.0,Normal / HR user updates the answer,03-OCT-24 03.02.53.939000 PM
6245.0,HR/Normal user tries to update the answer,03-OCT-24 02.55.52.674000 PM
13002128.0,HR tried to update grade,03-OCT-24 02.54.08.809000 PM
6225.0,HR/Normal user tries to update the answer,03-OCT-24 03.08.36.948000 PM
7287.0,HR/Normal user tries to update the answer,03-OCT-24 02.48.04.537000 PM
6601.0,Normal user enters the Provvidenza Figli page,03-OCT-24 02.49.10.611000 PM
7575.0,Normal user update grade for a child,03-OCT-24 02.57.00.169000 PM
7355.0,HR/Normal user tries to update the answer,03-OCT-24 03.09.25.810000 PM
5576.0,Normal user tries to create new Provvidenza request for a child,03-OCT-24 02.58.46.240000 PM
6340.0,HR/Normal user tries to update the answer,03-OCT-24 02.55.04.127000 PM
5938.0,HR/Normal user tries to update the answer,03-OCT-24 03.17.06.331000 PM
6652.0,HR/Normal user tries to update the answer,03-OCT-24 03.04.44.768000 PM
5535.0,HR/Normal user tries to update the answer,03-OCT-24 03.01.58.328000 PM
5961.0,Normal user enters the Provvidenza Figli page,03-OCT-24 03.06.29.924000 PM
17098.0,HR/Normal user tries to update the answer,03-OCT-24 03.04.22.055000 PM
6880.0,HR tried to update grade,03-OCT-24 03.19.02.721000 PM
7439.0,Normal user enters the Provvidenza Figli page,03-OCT-24 03.13.22.309000 PM
7052.0,Normal user tries to create new Provvidenza request for a child,03-OCT-24 02.49.13.433000 PM
7803.0,HR/Normal user tries to update the answer,03-OCT-24 03.13.42.405000 PM
5629.0,Normal user tries to create new Provvidenza request for a child,03-OCT-24 03.09.26.985000 PM
13002834.0,HR/Normal user tries to update the answer,03-OCT-24 03.02.36.731000 PM
5404.0,Normal user assign new grade for the child while creating a request,03-OCT-24 03.18.11.653000 PM
7266.0,HR/Normal user tries to update the answer,06-OCT-24 05.19.21.739000 PM
19442.0,Download PDF dalla sezione Cedolini,09-OCT-24 02.23.59.721000 PM
,Download PDF dalla sezione Cedolini,09-OCT-24 02.49.53.632000 PM
5319.0,Normal user assign new grade for the child while creating a request,14-OCT-24 01.00.52.260000 PM
,Download PDF dalla sezione Cedolini,24-OCT-24 07.44.35.810000 PM
,Download PDF dalla sezione Cedolini,31-OCT-24 06.09.45.928000 PM
,Download PDF dalla sezione Cedolini,24-OCT-24 08.06.59.647000 PM
,Download PDF dalla sezione Cedolini,09-OCT-24 07.13.11.349000 PM
5825.0,HR/Normal user tries to update the answer,04-OCT-24 02.47.08.987000 PM
5925.0,Normal user enters the Provvidenza Figli page,09-OCT-24 06.19.33.755000 PM
6790.0,Normal user enters the Provvidenza Figli page,03-OCT-24 02.51.28.696000 PM
,Dettaglio elenco Cedolini e CU disponibili al download,30-OCT-24 01.58.04.792000 PM
,Download PDF dalla sezione Cedolini,07-OCT-24 12.15.31.770000 AM
,Dettaglio elenco Cedolini e CU disponibili al download,31-OCT-24 05.56.26.324000 PM
,Dettaglio elenco Cedolini e CU disponibili al download,21-OCT-24 04.42.57.271000 PM
6555.0,Normal user enters the Provvidenza Figli page,31-OCT-24 06.32.59.873000 PM
13001831.0,HR/Normal user tries to update the answer,21-OCT-24 08.51.18.516000 AM
7224.0,HR/Normal user tries to update the answer,03-OCT-24 02.41.35.477000 PM
,Download PDF dalla sezione Cedolini,21-OCT-24 08.48.55.555000 AM
18554.0,HR/Normal user tries to update the answer,03-OCT-24 03.27.38.953000 PM
6000.0,Normal user assign new grade for the child while creating a request,04-OCT-24 10.00.25.777000 PM
,Dettaglio elenco Cedolini e CU disponibili al download,21-OCT-24 08.19.14.040000 AM
9208.0,Normal user tries to create new Provvidenza request for a child,03-OCT-24 02.41.30.746000 PM
14619.0,HR/Normal user tries to update the answer,04-OCT-24 09.18.02.763000 PM
,Download PDF dalla sezione Cedolini,28-OCT-24 12.51.04.097000 PM
,Download PDF dalla sezione Cedolini,28-OCT-24 01.31.08.579000 PM
5972.0,HR/Normal user tries to update the answer,03-OCT-24 09.55.05.139000 PM
16074.0,HR/Normal user tries to update the answer,03-OCT-24 02.49.27.506000 PM
,Download PDF dalla sezione Cedolini,29-OCT-24 11.27.02.050000 AM
6000.0,HR/Normal user tries to update the answer,04-OCT-24 09.59.56.188000 PM
13001109.0,Recupero dettagliutente per Scelta Welfare,03-OCT-24 10.16.53.201000 PM
7684.0,Normal user enters the Provvidenza Figli page,21-OCT-24 08.58.23.852000 AM
15600.0,Normal / HR user updates the answer,03-OCT-24 10.08.15.238000 PM
7684.0,HR/Normal user tries to update the answer,21-OCT-24 08.58.00.449000 AM
,Download PDF dalla sezione Cedolini,21-OCT-24 08.50.39.930000 AM
5366.0,HR/Normal user tries to update the answer,21-OCT-24 01.13.03.194000 PM
,Dettaglio elenco Cedolini e CU disponibili al download,31-OCT-24 10.23.52.712000 AM
5535.0,Normal user enters the Provvidenza Figli page,03-OCT-24 03.04.08.563000 PM
,Dettaglio elenco Cedolini e CU disponibili al download,30-OCT-24 09.04.25.809000 AM
5984.0,HR/Normal user tries to update the answer,03-OCT-24 03.17.12.400000 PM
6385.0,Normal user tries to create new Provvidenza request for a child,29-OCT-24 11.38.04.818000 AM
5339.0,Normal user assign new grade for the child while creating a request,07-OCT-24 06.37.35.475000 PM
6037.0,HR/Normal user tries to update the answer,08-OCT-24 05.36.11.797000 PM
6003.0,Normal user tries to create new Provvidenza request for a child,03-OCT-24 10.43.46.012000 PM
,Dettaglio elenco Cedolini e CU disponibili al download,31-OCT-24 10.57.02.026000 AM
13001767.0,Normal user enters the Provvidenza Figli page,07-OCT-24 07.25.19.020000 AM
6003.0,HR/Normal user tries to update the answer,03-OCT-24 10.44.54.405000 PM
6820.0,Download PDF dalla sezione Cedolini,28-OCT-24 06.22.06.892000 PM
,Download PDF dalla sezione Cedolini,31-OCT-24 10.09.23.697000 AM
,Download PDF dalla sezione Cedolini,28-OCT-24 05.25.11.247000 PM
9555.0,Recupero dettagliutente per Scelta Welfare,09-OCT-24 10.24.32.680000 AM
,Dettaglio elenco Cedolini e CU disponibili al download,24-OCT-24 07.15.55.595000 PM
,Download PDF dalla sezione Cedolini,21-OCT-24 08.56.55.517000 AM
6143.0,Normal user enters the Provvidenza Figli page,22-OCT-24 09.52.37.102000 AM
7684.0,Verifica possibilità di accesso a fondo pensione per Scelta Welfare,21-OCT-24 09.01.04.270000 AM
5366.0,Normal user tries to create new Provvidenza request for a child,21-OCT-24 01.13.12.593000 PM
7684.0,Recupero dettagliutente per Scelta Welfare,21-OCT-24 09.00.18.603000 AM
7358.0,Dettaglio elenco Cedolini e CU disponibili al download,31-OCT-24 10.52.30.281000 AM
13002305.0,Recupero dettagli utente per invio adesione Fondo Nazionale,11-OCT-24 11.13.35.344000 AM
5552.0,Normal user assign new grade for the child while creating a request,21-OCT-24 10.05.52.024000 AM
8099.0,Recupero dettagli utente per invio adesione Fondo Nazionale,31-OCT-24 11.08.14.725000 AM
13002885.0,Recupero dettagli utente per Scelta orario di lavoro,11-OCT-24 03.46.54.060000 PM
6665.0,HR/Normal user tries to update the answer,09-OCT-24 10.46.07.099000 AM
6199.0,Normal user enters the Provvidenza Figli page,09-OCT-24 11.04.34.436000 AM
,Download PDF dalla sezione Cedolini,17-OCT-24 12.39.16.170000 PM
,Dettaglio elenco Cedolini e CU disponibili al download,21-OCT-24 10.48.33.088000 AM
,A valid user enters the MIFID page details of the user would be logged,31-OCT-24 10.38.30.507000 AM
,Dettaglio elenco Cedolini e CU disponibili al download,03-OCT-24 04.36.32.483000 PM
8136.0,Normal user enters the Provvidenza Figli page,03-OCT-24 04.35.05.519000 PM
13001928.0,HR/Normal user tries to update the answer,03-OCT-24 04.34.52.253000 PM
,Dettaglio elenco Cedolini e CU disponibili al download,03-OCT-24 04.26.05.020000 PM
6641.0,HR/Normal user tries to update the answer,03-OCT-24 04.53.00.161000 PM
9652.0,HR/Normal user tries to update the answer,03-OCT-24 04.15.10.535000 PM
13002973.0,Normal user enters the Provvidenza Figli page,21-OCT-24 01.26.32.272000 PM
5812.0,HR/Normal user tries to update the answer,03-OCT-24 04.27.13.597000 PM
15872.0,Normal user update grade for a child,09-OCT-24 09.59.25.501000 AM
6665.0,Normal user tries to create new Provvidenza request for a child,09-OCT-24 10.45.58.083000 AM
13002305.0,Verifica possibilità di accesso a fondo pensione per Scelta Welfare,11-OCT-24 11.11.34.153000 AM
8730.0,Normal user assign new grade for the child while creating a request,18-OCT-24 02.09.53.512000 PM
5197.0,Normal user enters the Provvidenza Figli page,03-OCT-24 04.28.20.861000 PM
16429.0,Download PDF dalla sezione Cedolini,03-OCT-24 04.41.11.946000 PM
,Download PDF dalla sezione Cedolini,21-OCT-24 10.40.49.010000 AM
,Dettaglio elenco Cedolini e CU disponibili al download,23-OCT-24 12.09.56.117000 PM
8136.0,Normal user assign new grade for the child while creating a request,03-OCT-24 04.36.00.277000 PM
6665.0,Normal user assign new grade for the child while creating a request,09-OCT-24 10.45.58.163000 AM
7726.0,HR/Normal user tries to update the answer,03-OCT-24 04.33.55.838000 PM
7170.0,Normal / HR user updates the answer,03-OCT-24 04.12.21.899000 PM
8023.0,Download PDF dalla sezione Cedolini,09-OCT-24 10.13.08.697000 AM
6199.0,Normal user enters the Provvidenza Figli page,11-OCT-24 03.52.46.399000 PM
6860.0,HR tried to update grade,07-OCT-24 08.21.22.382000 PM
5552.0,HR/Normal user tries to update the answer,21-OCT-24 10.01.58.115000 AM
13002608.0,HR/Normal user tries to update the answer,03-OCT-24 04.54.46.522000 PM
7269.0,Normal user tries to create new Provvidenza request for a child,03-OCT-24 04.19.35.305000 PM
13002925.0,Recupero dettagliutente per Scelta Welfare,03-OCT-24 04.34.01.509000 PM
7147.0,HR/Normal user tries to update the answer,03-OCT-24 04.30.54.696000 PM
13002608.0,HR tried to update grade,03-OCT-24 04.54.32.012000 PM
7763.0,Download PDF dalla sezione Cedolini,23-OCT-24 01.28.02.313000 PM
6621.0,Normal user tries to create new Provvidenza request for a child,03-OCT-24 04.23.49.109000 PM
5273.0,HR tried to update grade,03-OCT-24 04.13.42.205000 PM
5197.0,Normal user tries to create new Provvidenza request for a child,03-OCT-24 04.26.56.143000 PM
6199.0,Normal user enters the Provvidenza Figli page,09-OCT-24 10.58.58.125000 AM
,Dettaglio elenco Cedolini e CU disponibili al download,03-OCT-24 04.25.21.175000 PM
5701.0,Normal user assign new grade for the child while creating a request,03-OCT-24 04.41.10.479000 PM
7071.0,HR/Normal user tries to update the answer,03-OCT-24 04.25.41.006000 PM
7269.0,Normal user assign new grade for the child while creating a request,03-OCT-24 04.19.35.458000 PM
,Download PDF dalla sezione Cedolini,30-OCT-24 09.48.04.521000 PM
7071.0,Normal user tries to create new Provvidenza request for a child,03-OCT-24 04.25.28.076000 PM
,Dettaglio elenco Cedolini e CU disponibili al download,30-OCT-24 09.48.00.622000 PM
5197.0,HR/Normal user tries to update the answer,03-OCT-24 04.27.09.411000 PM
,Download PDF dalla sezione Cedolini,26-OCT-24 02.39.35.417000 PM
,Download PDF dalla sezione Cedolini,25-OCT-24 05.45.08.614000 PM
,Download PDF dalla sezione Cedolini,26-OCT-24 06.11.48.558000 PM
7361.0,HR/Normal user tries to update the answer,16-OCT-24 11.55.14.788000 AM
13002975.0,Verifica possibilità di accesso a fondo pensione per Scelta Welfare,14-OCT-24 11.56.01.578000 AM
6942.0,Normal user enters the Provvidenza Figli page,15-OCT-24 11.19.13.419000 AM
,Dettaglio elenco Cedolini e CU disponibili al download,17-OCT-24 12.14.01.419000 PM
,Download PDF dalla sezione Cedolini,14-OCT-24 11.47.39.043000 AM
6169.0,HR/Normal user tries to update the answer,04-OCT-24 05.46.53.808000 PM
5987.0,HR user tries to load Funzioni Batch,14-OCT-24 12.12.14.653000 PM
5601.0,HR/Normal user tries to update the answer,03-OCT-24 05.19.18.042000 PM
,Dettaglio elenco Cedolini e CU disponibili al download,25-OCT-24 06.01.20.242000 PM
6855.0,Normal user enters the Provvidenza Figli page,03-OCT-24 05.44.01.457000 PM
6855.0,HR/Normal user tries to update the answer,03-OCT-24 05.43.09.022000 PM
5494.0,Normal user enters the Provvidenza Figli page,03-OCT-24 05.20.44.476000 PM
7375.0,Normal user enters the Provvidenza Figli page,03-OCT-24 05.33.50.409000 PM
13002446.0,Recupero dettagliutente per Scelta Welfare,14-OCT-24 04.29.36.140000 PM
,Dettaglio elenco Cedolini e CU disponibili al download,24-OCT-24 11.59.47.477000 AM
6681.0,Download PDF dalla sezione Cedolini,14-OCT-24 04.04.26.883000 PM
,Download PDF dalla sezione Cedolini,31-OCT-24 01.11.19.702000 PM
6942.0,HR/Normal user tries to update the answer,15-OCT-24 11.17.47.358000 AM
7900.0,Normal user enters the Provvidenza Figli page,14-OCT-24 03.07.36.461000 PM
5358.0,HR/Normal user tries to update the answer,08-OCT-24 04.15.22.929000 PM
5358.0,HR/Normal user tries to update the answer,08-OCT-24 04.16.20.862000 PM
5601.0,HR/Normal user tries to update the answer,03-OCT-24 05.20.26.224000 PM
9966.0,HR/Normal user tries to update the answer,03-OCT-24 05.43.57.609000 PM
,Download PDF dalla sezione Cedolini,25-OCT-24 07.00.59.215000 PM
6828.0,HR/Normal user tries to update the answer,03-OCT-24 05.31.31.966000 PM
7313.0,Normal user enters the Provvidenza Figli page,08-OCT-24 08.52.59.945000 AM
6942.0,HR/Normal user tries to update the answer,15-OCT-24 11.16.50.345000 AM
5516.0,HR/Normal user tries to update the answer,11-OCT-24 08.30.51.744000 PM
16796.0,Normal user enters the Provvidenza Figli page,17-OCT-24 11.41.15.375000 AM
5817.0,Normal user enters the Provvidenza Figli page,03-OCT-24 05.49.09.265000 PM
8015.0,Normal user assign new grade for the child while creating a request,03-OCT-24 05.27.35.384000 PM
7096.0,Verifica possibilità di accesso a fondo pensione per Scelta Welfare,25-OCT-24 06.35.16.093000 PM
,Dettaglio elenco Cedolini e CU disponibili al download,08-OCT-24 04.44.09.740000 PM
8163.0,HR/Normal user tries to update the answer,08-OCT-24 05.09.45.284000 PM
6037.0,Normal user assign new grade for the child while creating a request,08-OCT-24 05.36.20.223000 PM
,Dettaglio elenco Cedolini e CU disponibili al download,02-OCT-24 12.31.49.219000 PM
6924.0,Normal user enters the Provvidenza Figli page,08-OCT-24 05.09.40.225000 PM
5817.0,Normal user enters the Provvidenza Figli page,03-OCT-24 05.51.16.062000 PM
8163.0,HR/Normal user tries to update the answer,08-OCT-24 05.09.58.854000 PM
13002975.0,HR/Normal user tries to update the answer,22-OCT-24 08.34.19.098000 AM
6924.0,Normal user enters the Provvidenza Figli page,08-OCT-24 05.11.34.399000 PM
11253.0,Normal user enters the Provvidenza Figli page,04-OCT-24 05.00.51.790000 PM
6713.0,Normal user enters the Provvidenza Figli page,04-OCT-24 05.07.36.409000 PM
7941.0,Normal / HR user updates the answer,04-OCT-24 05.01.47.295000 PM
6924.0,Normal user enters the Provvidenza Figli page,08-OCT-24 05.14.19.200000 PM
6199.0,Normal user enters the Provvidenza Figli page,08-OCT-24 05.11.11.952000 PM
,Dettaglio elenco Cedolini e CU disponibili al download,22-OCT-24 08.28.43.083000 AM
5712.0,Normal user enters the Provvidenza Figli page,03-OCT-24 05.32.03.510000 PM
5358.0,Normal user enters the Provvidenza Figli page,08-OCT-24 04.17.08.230000 PM
6161.0,Normal user tries to create new Provvidenza request for a child,04-OCT-24 05.25.57.588000 PM
,Download PDF dalla sezione Cedolini,23-OCT-24 10.33.30.610000 AM
6188.0,Normal user assign new grade for the child while creating a request,04-OCT-24 05.21.25.343000 PM
,Dettaglio elenco Cedolini e CU disponibili al download,02-OCT-24 12.25.05.579000 PM
,Download PDF dalla sezione Cedolini,23-OCT-24 10.02.23.144000 AM
8163.0,HR tried to update grade,08-OCT-24 05.09.31.077000 PM
,Dettaglio elenco Cedolini e CU disponibili al download,23-OCT-24 09.46.35.591000 AM
,Download PDF dalla sezione Cedolini,03-OCT-24 11.36.51.109000 AM
13002929.0,Verifica possibilità di accesso a fondo pensione per Scelta Welfare,03-OCT-24 11.23.36.224000 AM
,Dettaglio elenco Cedolini e CU disponibili al download,02-OCT-24 12.07.58.929000 PM
13000120.0,Normal user enters the Provvidenza Figli page,28-OCT-24 04.40.25.284000 PM
,Download PDF dalla sezione Cedolini,23-OCT-24 10.02.13.545000 AM
5533.0,HR/Normal user tries to update the answer,08-OCT-24 05.12.57.524000 PM
,Download PDF dalla sezione Cedolini,03-OCT-24 11.37.31.869000 AM
13000665.0,Recupero dettagli utente per Scelta orario di lavoro,28-OCT-24 04.57.58.640000 PM
6547.0,Recupero dettagliutente per Scelta Welfare,28-OCT-24 04.57.15.915000 PM
,Download PDF dalla sezione Cedolini,23-OCT-24 10.31.55.791000 AM
6037.0,HR/Normal user tries to update the answer,08-OCT-24 05.36.13.559000 PM
,Download PDF dalla sezione Cedolini,23-OCT-24 10.33.31.300000 AM
7953.0,Dettaglio elenco Cedolini e CU disponibili al download,28-OCT-24 04.43.02.111000 PM
7985.0,Dettaglio elenco Cedolini e CU disponibili al download,10-OCT-24 09.38.09.975000 AM
8262.0,Dettaglio elenco Cedolini e CU disponibili al download,28-OCT-24 04.32.34.969000 PM
,Dettaglio elenco Cedolini e CU disponibili al download,28-OCT-24 04.39.55.580000 PM
,Download PDF dalla sezione Cedolini,28-OCT-24 04.33.34.811000 PM
6691.0,Verifica possibilità di accesso a fondo pensione per Scelta Welfare,28-OCT-24 04.27.13.849000 PM
,Download PDF dalla sezione Cedolini,29-OCT-24 01.03.11.710000 PM
18093.0,Recupero dettagliutente per Scelta Welfare,28-OCT-24 04.11.25.504000 PM
,Download PDF dalla sezione Cedolini,28-OCT-24 04.39.27.219000 PM
,Dettaglio elenco Cedolini e CU disponibili al download,01-OCT-24 08.54.53.236000 AM
,Download PDF dalla sezione Cedolini,23-OCT-24 10.36.26.235000 AM
7864.0,Recupero dettagliutente per Scelta Welfare,28-OCT-24 04.13.35.716000 PM
13001387.0,Recupero dettagli utente per invio adesione Fondo Nazionale,28-OCT-24 04.11.37.657000 PM
,Dettaglio elenco Cedolini e CU disponibili al download,29-OCT-24 12.42.00.373000 PM
,Download PDF dalla sezione Cedolini,23-OCT-24 10.33.11.058000 AM
13002973.0,Recupero dettagli utente per Scelta orario di lavoro,28-OCT-24 04.16.04.946000 PM
7978.0,Dettaglio elenco Cedolini e CU disponibili al download,28-OCT-24 04.47.53.116000 PM
,Download PDF dalla sezione Cedolini,23-OCT-24 10.33.08.425000 AM
,Download PDF dalla sezione Cedolini,25-OCT-24 11.59.21.549000 AM
,Download PDF dalla sezione Cedolini,28-OCT-24 05.13.27.164000 PM
7725.0,Dettaglio elenco Cedolini e CU disponibili al download,28-OCT-24 05.13.34.254000 PM
,Dettaglio elenco Cedolini e CU disponibili al download,03-OCT-24 01.51.31.233000 AM
,Download PDF dalla sezione Cedolini,23-OCT-24 10.32.09.359000 AM
,Dettaglio elenco Cedolini e CU disponibili al download,25-OCT-24 12.12.36.395000 PM
,Dettaglio elenco Cedolini e CU disponibili al download,29-OCT-24 01.16.37.346000 PM
8090.0,Dettaglio elenco Cedolini e CU disponibili al download,28-OCT-24 04.41.18.467000 PM
,Download PDF dalla sezione Cedolini,01-OCT-24 09.39.48.628000 AM
5487.0,Normal user assign new grade for the child while creating a request,09-OCT-24 08.57.40.066000 AM
,Dettaglio elenco Cedolini e CU disponibili al download,28-OCT-24 04.40.33.397000 PM
5533.0,Dettaglio elenco Cedolini e CU disponibili al download,09-OCT-24 09.29.53.219000 AM
,Dettaglio elenco Cedolini e CU disponibili al download,01-OCT-24 09.22.18.242000 AM
,Download PDF dalla sezione Cedolini,07-OCT-24 02.28.26.214000 PM
5809.0,Normal user tries to create new Provvidenza request for a child,14-OCT-24 09.00.35.245000 AM
18291.0,HR/Normal user tries to update the answer,09-OCT-24 06.40.49.347000 AM
,Dettaglio elenco Cedolini e CU disponibili al download,24-OCT-24 08.11.32.597000 PM
16983.0,Recupero dettagli utente per Scelta orario di lavoro,21-OCT-24 02.58.23.232000 PM
,Download PDF dalla sezione Cedolini,24-OCT-24 06.01.11.748000 PM
7018.0,Dettaglio elenco Cedolini e CU disponibili al download,21-OCT-24 06.26.27.654000 PM
,Dettaglio elenco Cedolini e CU disponibili al download,25-OCT-24 09.19.56.900000 AM
,Download PDF dalla sezione Cedolini,24-OCT-24 05.51.16.144000 PM
,Download PDF dalla sezione Cedolini,25-OCT-24 08.30.13.365000 AM
5448.0,Normal user enters the Provvidenza Figli page,09-OCT-24 09.22.12.245000 AM
,Dettaglio elenco Cedolini e CU disponibili al download,07-OCT-24 02.37.39.313000 PM
,Download PDF dalla sezione Cedolini,23-OCT-24 10.34.04.745000 AM
,Dettaglio elenco Cedolini e CU disponibili al download,28-OCT-24 04.32.29.065000 PM
,Dettaglio elenco Cedolini e CU disponibili al download,01-OCT-24 11.49.36.669000 AM
,Dettaglio elenco Cedolini e CU disponibili al download,25-OCT-24 06.49.33.295000 AM
5432.0,Normal user enters the Provvidenza Figli page,11-OCT-24 08.33.04.479000 AM
,Download PDF dalla sezione Cedolini,25-OCT-24 08.00.04.389000 AM
,Download PDF dalla sezione Cedolini,24-OCT-24 08.13.59.065000 PM
,Download PDF dalla sezione Cedolini,14-OCT-24 09.19.50.770000 AM
,Download PDF dalla sezione Cedolini,25-OCT-24 08.30.39.168000 AM
13002735.0,Verifica possibilità di accesso a fondo pensione per Scelta Welfare,10-OCT-24 05.00.44.357000 PM
13002843.0,Normal user enters the Provvidenza Figli page,30-OCT-24 03.36.08.648000 PM
6199.0,Normal user enters the Provvidenza Figli page,09-OCT-24 09.51.04.067000 AM
,Dettaglio elenco Cedolini e CU disponibili al download,14-OCT-24 09.19.45.943000 AM
,Dettaglio elenco Cedolini e CU disponibili al download,24-OCT-24 08.13.57.399000 PM
,Download PDF dalla sezione Cedolini,07-OCT-24 03.18.10.392000 PM
,Download PDF dalla sezione Cedolini,25-OCT-24 11.18.54.551000 AM
6850.0,HR/Normal user tries to update the answer,03-OCT-24 01.28.10.839000 PM
6980.0,Normal user tries to create new Provvidenza request for a child,03-OCT-24 01.38.39.385000 PM
6082.0,HR/Normal user tries to update the answer,03-OCT-24 01.23.31.352000 PM
6238.0,Dettaglio elenco Cedolini e CU disponibili al download,03-OCT-24 01.26.09.857000 PM
6708.0,Normal user enters the Provvidenza Figli page,03-OCT-24 01.25.55.910000 PM
6956.0,Normal user assign new grade for the child while creating a request,03-OCT-24 01.22.59.103000 PM
9098.0,HR/Normal user tries to update the answer,03-OCT-24 01.25.26.315000 PM
6238.0,Recupero dettagli utente per Scelta orario di lavoro,03-OCT-24 02.09.07.144000 PM
,Dettaglio elenco Cedolini e CU disponibili al download,25-OCT-24 12.44.09.073000 PM
6131.0,HR/Normal user tries to update the answer,03-OCT-24 01.41.22.014000 PM
7165.0,Normal user enters the Provvidenza Figli page,03-OCT-24 02.17.12.453000 PM
5934.0,HR/Normal user tries to update the answer,07-OCT-24 02.13.15.188000 PM
7949.0,Normal user enters the Provvidenza Figli page,03-OCT-24 01.35.11.630000 PM
7263.0,Normal user enters the Provvidenza Figli page,03-OCT-24 01.22.43.150000 PM
6811.0,Normal / HR user updates the answer,03-OCT-24 01.22.52.910000 PM
7487.0,HR/Normal user tries to update the answer,03-OCT-24 01.27.20.734000 PM
6624.0,Normal user enters the Provvidenza Figli page,03-OCT-24 01.33.07.805000 PM
17119.0,HR/Normal user tries to update the answer,03-OCT-24 02.07.53.315000 PM
8042.0,HR/Normal user tries to update the answer,03-OCT-24 02.14.29.692000 PM
,Dettaglio elenco Cedolini e CU disponibili al download,25-OCT-24 08.29.56.084000 AM
8028.0,Normal user enters the Provvidenza Figli page,03-OCT-24 02.29.59.564000 PM
5575.0,Normal user enters the Provvidenza Figli page,03-OCT-24 01.46.10.408000 PM
6763.0,Normal user assign new grade for the child while creating a request,03-OCT-24 01.26.08.750000 PM
,Dettaglio elenco Cedolini e CU disponibili al download,25-OCT-24 08.14.50.450000 AM
,Download PDF dalla sezione Cedolini,25-OCT-24 11.51.48.506000 AM
,Dettaglio elenco Cedolini e CU disponibili al download,25-OCT-24 11.39.05.595000 AM
5755.0,Normal user assign new grade for the child while creating a request,03-OCT-24 01.28.11.155000 PM
6450.0,Normal user assign new grade for the child while creating a request,03-OCT-24 01.26.18.511000 PM
,Dettaglio elenco Cedolini e CU disponibili al download,25-OCT-24 12.12.01.020000 PM
6763.0,Normal user tries to create new Provvidenza request for a child,03-OCT-24 01.24.56.061000 PM
6243.0,Download PDF dalla sezione Cedolini,03-OCT-24 02.15.52.612000 PM
5755.0,Dettaglio elenco Cedolini e CU disponibili al download,03-OCT-24 01.29.47.964000 PM
5562.0,HR/Normal user tries to update the answer,03-OCT-24 01.28.55.894000 PM
5689.0,HR/Normal user tries to update the answer,03-OCT-24 02.15.05.804000 PM
7487.0,Normal user enters the Provvidenza Figli page,03-OCT-24 01.27.38.371000 PM
6527.0,Normal user enters the Provvidenza Figli page,03-OCT-24 02.09.32.931000 PM
,Dettaglio elenco Cedolini e CU disponibili al download,14-OCT-24 08.39.09.054000 AM
7615.0,HR/Normal user tries to update the answer,03-OCT-24 01.25.03.353000 PM
9846.0,HR/Normal user tries to update the answer,03-OCT-24 02.25.43.840000 PM
7116.0,HR/Normal user tries to update the answer,03-OCT-24 01.23.12.889000 PM
7487.0,Normal user assign new grade for the child while creating a request,03-OCT-24 01.26.38.313000 PM
6844.0,Normal user enters the Provvidenza Figli page,03-OCT-24 01.31.25.977000 PM
7002.0,HR/Normal user tries to update the answer,03-OCT-24 01.32.13.536000 PM
7124.0,HR/Normal user tries to update the answer,03-OCT-24 01.23.29.588000 PM
5622.0,HR/Normal user tries to update the answer,17-OCT-24 08.12.41.549000 AM
5622.0,Normal user enters the Provvidenza Figli page,17-OCT-24 08.13.08.094000 AM
7595.0,HR/Normal user tries to update the answer,03-OCT-24 02.14.58.332000 PM
6372.0,HR/Normal user tries to update the answer,03-OCT-24 01.26.36.505000 PM
,Dettaglio elenco Cedolini e CU disponibili al download,08-OCT-24 10.23.23.743000 AM
8042.0,HR/Normal user tries to update the answer,03-OCT-24 02.14.34.606000 PM
9407.0,Normal user assign new grade for the child while creating a request,03-OCT-24 01.36.20.262000 PM
6956.0,Normal user enters the Provvidenza Figli page,03-OCT-24 01.23.18.223000 PM
16786.0,Normal user enters the Provvidenza Figli page,03-OCT-24 01.47.56.642000 PM
13001767.0,Normal user tries to create new Provvidenza request for a child,03-OCT-24 01.29.49.901000 PM
6980.0,Normal user enters the Provvidenza Figli page,03-OCT-24 01.38.35.631000 PM
6450.0,Normal user enters the Provvidenza Figli page,03-OCT-24 01.26.01.073000 PM
6527.0,HR/Normal user tries to update the answer,03-OCT-24 02.10.21.598000 PM
9497.0,HR/Normal user tries to update the answer,03-OCT-24 02.12.06.683000 PM
6736.0,HR/Normal user tries to update the answer,03-OCT-24 02.07.56.075000 PM
7662.0,Recupero dettagliutente per Scelta Welfare,03-OCT-24 02.02.08.717000 PM
8040.0,Normal user assign new grade for the child while creating a request,03-OCT-24 01.55.09.875000 PM
13001862.0,HR/Normal user tries to update the answer,03-OCT-24 01.34.54.021000 PM
6380.0,Normal user enters the Provvidenza Figli page,03-OCT-24 01.51.52.858000 PM
8042.0,Normal user enters the Provvidenza Figli page,03-OCT-24 02.14.40.410000 PM
6531.0,HR/Normal user tries to update the answer,03-OCT-24 02.34.54.311000 PM
13000322.0,HR/Normal user tries to update the answer,03-OCT-24 01.43.11.364000 PM
5607.0,HR/Normal user tries to update the answer,08-OCT-24 10.09.09.309000 AM
8028.0,Normal user update grade for a child,03-OCT-24 02.30.30.229000 PM
6104.0,HR/Normal user tries to update the answer,03-OCT-24 02.26.56.774000 PM
5847.0,HR/Normal user tries to update the answer,03-OCT-24 01.24.46.024000 PM
7425.0,Normal user enters the Provvidenza Figli page,03-OCT-24 02.37.37.398000 PM
5527.0,Normal / HR user updates the answer,08-OCT-24 10.12.39.492000 AM
6850.0,HR/Normal user tries to update the answer,03-OCT-24 01.27.40.256000 PM
5854.0,Normal user assign new grade for the child while creating a request,03-OCT-24 01.28.30.386000 PM
8866.0,Normal user tries to create new Provvidenza request for a child,03-OCT-24 02.01.17.966000 PM
6081.0,Normal user enters the Provvidenza Figli page,03-OCT-24 02.32.11.103000 PM
8263.0,Normal user enters the Provvidenza Figli page,03-OCT-24 01.23.03.765000 PM
8516.0,Normal user enters the Provvidenza Figli page,03-OCT-24 02.23.34.946000 PM
5659.0,Normal user tries to create new Provvidenza request for a child,03-OCT-24 02.20.23.863000 PM
8049.0,Normal user assign new grade for the child while creating a request,03-OCT-24 02.31.12.604000 PM
5659.0,HR/Normal user tries to update the answer,03-OCT-24 02.19.20.723000 PM
5854.0,Normal user enters the Provvidenza Figli page,03-OCT-24 01.28.16.526000 PM
6006.0,HR/Normal user tries to update the answer,03-OCT-24 01.46.41.005000 PM
7199.0,Normal user tries to create new Provvidenza request for a child,03-OCT-24 01.31.07.784000 PM
,Download PDF dalla sezione Cedolini,25-OCT-24 11.59.26.707000 AM
8042.0,Normal user assign new grade for the child while creating a request,03-OCT-24 01.32.13.116000 PM
6998.0,Normal user enters the Provvidenza Figli page,03-OCT-24 02.06.00.886000 PM
,Download PDF dalla sezione Cedolini,25-OCT-24 11.20.33.715000 AM
5672.0,Normal user update grade for a child,03-OCT-24 02.36.41.200000 PM
5775.0,Normal user tries to create new Provvidenza request for a child,03-OCT-24 02.20.49.218000 PM
6238.0,HR/Normal user tries to update the answer,03-OCT-24 02.06.28.725000 PM
6582.0,HR/Normal user tries to update the answer,03-OCT-24 02.03.29.418000 PM
8042.0,HR/Normal user tries to update the answer,03-OCT-24 02.13.53.317000 PM
5977.0,Normal user enters the Provvidenza Figli page,03-OCT-24 01.33.18.805000 PM
6081.0,HR/Normal user tries to update the answer,03-OCT-24 02.31.54.849000 PM
6926.0,Normal user assign new grade for the child while creating a request,03-OCT-24 01.50.25.570000 PM
6154.0,HR/Normal user tries to update the answer,03-OCT-24 02.34.36.087000 PM
6554.0,Normal user tries to create new Provvidenza request for a child,03-OCT-24 02.05.27.374000 PM
5855.0,Normal user enters the Provvidenza Figli page,03-OCT-24 02.10.55.782000 PM
7932.0,Normal user enters the Provvidenza Figli page,03-OCT-24 01.45.27.076000 PM
6016.0,HR/Normal user tries to update the answer,03-OCT-24 02.01.10.385000 PM
5884.0,Dettaglio elenco Cedolini e CU disponibili al download,03-OCT-24 02.13.31.292000 PM
6531.0,HR/Normal user tries to update the answer,03-OCT-24 02.33.25.170000 PM
6815.0,Normal user assign new grade for the child while creating a request,03-OCT-24 02.25.51.588000 PM
5657.0,HR/Normal user tries to update the answer,03-OCT-24 02.20.52.560000 PM
6850.0,Normal user enters the Provvidenza Figli page,03-OCT-24 01.27.56.002000 PM
,Dettaglio elenco Cedolini e CU disponibili al download,30-OCT-24 04.02.54.793000 PM
5704.0,Normal user assign new grade for the child while creating a request,03-OCT-24 01.28.28.844000 PM
5227.0,HR/Normal user tries to update the answer,03-OCT-24 01.26.42.715000 PM
5736.0,Normal user enters the Provvidenza Figli page,03-OCT-24 02.25.24.410000 PM
6970.0,Normal user assign new grade for the child while creating a request,03-OCT-24 02.23.03.349000 PM
7926.0,Normal user enters the Provvidenza Figli page,03-OCT-24 02.35.49.666000 PM
5369.0,HR/Normal user tries to update the answer,03-OCT-24 01.58.25.471000 PM
5607.0,HR/Normal user tries to update the answer,08-OCT-24 10.06.55.405000 AM
9097.0,Normal user tries to create new Provvidenza request for a child,03-OCT-24 01.58.09.973000 PM
6554.0,HR/Normal user tries to update the answer,03-OCT-24 02.05.32.651000 PM
7331.0,HR/Normal user tries to update the answer,03-OCT-24 02.06.02.044000 PM
6131.0,Normal user tries to create new Provvidenza request for a child,03-OCT-24 01.41.08.810000 PM
7170.0,Normal user tries to create new Provvidenza request for a child,03-OCT-24 04.12.01.047000 PM
8042.0,Normal / HR user updates the answer,03-OCT-24 02.13.50.687000 PM
6582.0,Normal user assign new grade for the child while creating a request,03-OCT-24 02.04.30.534000 PM
6817.0,HR/Normal user tries to update the answer,03-OCT-24 02.04.15.998000 PM
5753.0,HR/Normal user tries to update the answer,03-OCT-24 02.11.12.738000 PM
5975.0,Normal user enters the Provvidenza Figli page,03-OCT-24 01.57.40.598000 PM
5840.0,HR/Normal user tries to update the answer,03-OCT-24 02.14.29.406000 PM
7283.0,Normal user enters the Provvidenza Figli page,03-OCT-24 01.32.17.513000 PM
5875.0,HR/Normal user tries to update the answer,03-OCT-24 01.47.34.581000 PM
,Download PDF dalla sezione Cedolini,17-OCT-24 05.48.32.658000 PM
7606.0,HR/Normal user tries to update the answer,03-OCT-24 01.27.18.771000 PM
7034.0,Normal user assign new grade for the child while creating a request,03-OCT-24 02.06.51.076000 PM
7690.0,Normal / HR user updates the answer,03-OCT-24 01.34.36.348000 PM
9474.0,HR/Normal user tries to update the answer,03-OCT-24 01.35.08.367000 PM
17474.0,Normal user assign new grade for the child while creating a request,03-OCT-24 02.26.41.154000 PM
6135.0,HR tried to update grade,03-OCT-24 02.34.00.248000 PM
7268.0,Normal user assign new grade for the child while creating a request,03-OCT-24 02.03.09.302000 PM
7600.0,Normal user enters the Provvidenza Figli page,03-OCT-24 01.48.18.812000 PM
8042.0,Normal user assign new grade for the child while creating a request,03-OCT-24 02.14.23.444000 PM
7782.0,Normal user tries to create new Provvidenza request for a child,03-OCT-24 02.13.14.513000 PM
,Dettaglio elenco Cedolini e CU disponibili al download,03-OCT-24 02.11.04.767000 PM
,Dettaglio elenco Cedolini e CU disponibili al download,15-OCT-24 05.38.30.541000 PM
6179.0,HR/Normal user tries to update the answer,03-OCT-24 01.24.48.805000 PM
7237.0,Normal user enters the Provvidenza Figli page,03-OCT-24 01.46.08.553000 PM
17474.0,Normal / HR user updates the answer,03-OCT-24 02.30.29.713000 PM
5619.0,HR/Normal user tries to update the answer,03-OCT-24 02.30.30.418000 PM
17324.0,HR tried to update grade,03-OCT-24 02.15.07.679000 PM
6113.0,Normal user assign new grade for the child while creating a request,03-OCT-24 02.25.10.090000 PM
6104.0,Normal user tries to create new Provvidenza request for a child,03-OCT-24 02.26.39.633000 PM
5854.0,Normal user enters the Provvidenza Figli page,03-OCT-24 01.34.19.634000 PM
6009.0,HR/Normal user tries to update the answer,03-OCT-24 02.36.04.008000 PM
,Dettaglio elenco Cedolini e CU disponibili al download,25-OCT-24 11.18.52.882000 AM
6850.0,HR/Normal user tries to update the answer,03-OCT-24 01.27.13.272000 PM
9098.0,Normal user tries to create new Provvidenza request for a child,03-OCT-24 01.23.46.044000 PM
6050.0,Verifica possibilità di accesso a fondo pensione per Scelta Welfare,15-OCT-24 09.13.37.616000 AM
5366.0,HR/Normal user tries to update the answer,21-OCT-24 01.12.36.481000 PM
6582.0,Normal user enters the Provvidenza Figli page,03-OCT-24 02.02.01.528000 PM
9368.0,Normal user tries to create new Provvidenza request for a child,03-OCT-24 01.32.33.772000 PM
6764.0,Normal user assign new grade for the child while creating a request,03-OCT-24 01.22.39.714000 PM
6815.0,Normal user enters the Provvidenza Figli page,03-OCT-24 02.26.56.216000 PM
5689.0,HR/Normal user tries to update the answer,03-OCT-24 02.16.08.417000 PM
8098.0,Normal user assign new grade for the child while creating a request,03-OCT-24 04.46.49.993000 PM
9368.0,HR/Normal user tries to update the answer,03-OCT-24 01.33.13.435000 PM
16805.0,HR/Normal user tries to update the answer,03-OCT-24 01.41.19.457000 PM
6068.0,Normal user enters the Provvidenza Figli page,03-OCT-24 01.23.15.933000 PM
5369.0,HR/Normal user tries to update the answer,03-OCT-24 01.57.34.826000 PM
7689.0,HR tried to update grade,03-OCT-24 02.31.38.958000 PM
5254.0,HR/Normal user tries to update the answer,03-OCT-24 01.25.39.573000 PM
13002733.0,Normal user enters the Provvidenza Figli page,03-OCT-24 02.31.59.649000 PM
6016.0,HR/Normal user tries to update the answer,03-OCT-24 02.01.17.216000 PM
13002975.0,Recupero dettagliutente per Scelta Welfare,17-OCT-24 08.09.23.435000 AM
5802.0,HR/Normal user tries to update the answer,03-OCT-24 01.22.43.478000 PM
7836.0,Normal user assign new grade for the child while creating a request,03-OCT-24 01.24.16.142000 PM
13000760.0,HR/Normal user tries to update the answer,03-OCT-24 01.35.30.717000 PM
6151.0,HR/Normal user tries to update the answer,25-OCT-24 11.53.10.067000 AM
5802.0,HR/Normal user tries to update the answer,03-OCT-24 01.23.30.780000 PM
5622.0,Normal user tries to create new Provvidenza request for a child,17-OCT-24 08.12.35.383000 AM
16786.0,Normal user tries to create new Provvidenza request for a child,03-OCT-24 01.50.13.787000 PM
7123.0,HR/Normal user tries to update the answer,03-OCT-24 01.54.26.235000 PM
6393.0,Normal user enters the Provvidenza Figli page,03-OCT-24 01.58.36.446000 PM
6151.0,Normal user assign new grade for the child while creating a request,25-OCT-24 11.51.27.574000 AM
18381.0,Normal user enters the Provvidenza Figli page,25-OCT-24 12.14.19.377000 PM
16895.0,HR/Normal user tries to update the answer,03-OCT-24 01.23.24.354000 PM
9497.0,HR/Normal user tries to update the answer,03-OCT-24 02.12.15.072000 PM
6709.0,Normal / HR user updates the answer,03-OCT-24 02.00.23.610000 PM
6151.0,HR/Normal user tries to update the answer,25-OCT-24 11.52.32.357000 AM
7828.0,Normal user assign new grade for the child while creating a request,03-OCT-24 02.19.45.663000 PM
16805.0,HR/Normal user tries to update the answer,03-OCT-24 01.40.59.266000 PM
5834.0,HR/Normal user tries to update the answer,03-OCT-24 01.32.35.876000 PM
6778.0,Normal user enters the Provvidenza Figli page,03-OCT-24 01.33.48.325000 PM
7034.0,HR/Normal user tries to update the answer,03-OCT-24 02.09.30.714000 PM
6998.0,Normal user tries to create new Provvidenza request for a child,03-OCT-24 02.02.57.539000 PM
5854.0,Normal user enters the Provvidenza Figli page,03-OCT-24 01.31.33.369000 PM
7733.0,Normal user enters the Provvidenza Figli page,03-OCT-24 02.36.12.815000 PM
13002717.0,Normal user enters the Provvidenza Figli page,03-OCT-24 01.46.16.231000 PM
6389.0,HR/Normal user tries to update the answer,08-OCT-24 10.36.59.218000 AM
5957.0,HR/Normal user tries to update the answer,03-OCT-24 01.37.24.820000 PM
7949.0,Normal / HR user updates the answer,03-OCT-24 01.34.36.236000 PM
10644.0,Normal user tries to create new Provvidenza request for a child,03-OCT-24 02.30.07.890000 PM
,Dettaglio elenco Cedolini e CU disponibili al download,29-OCT-24 06.44.57.485000 PM
13001231.0,HR/Normal user tries to update the answer,03-OCT-24 01.40.09.280000 PM
7637.0,HR/Normal user tries to update the answer,03-OCT-24 01.24.52.343000 PM
5409.0,HR/Normal user tries to update the answer,03-OCT-24 01.59.47.745000 PM
5336.0,HR/Normal user tries to update the answer,03-OCT-24 02.35.56.419000 PM
5657.0,HR/Normal user tries to update the answer,03-OCT-24 02.18.47.797000 PM
5834.0,HR/Normal user tries to update the answer,03-OCT-24 01.32.27.217000 PM
,Dettaglio elenco Cedolini e CU disponibili al download,22-OCT-24 01.42.20.801000 PM
,Download PDF dalla sezione Cedolini,08-OCT-24 03.11.41.300000 PM
6258.0,HR/Normal user tries to update the answer,03-OCT-24 01.23.18.270000 PM
13001053.0,Normal user tries to create new Provvidenza request for a child,03-OCT-24 01.42.55.001000 PM
6154.0,HR/Normal user tries to update the answer,03-OCT-24 02.34.09.574000 PM
,Dettaglio elenco Cedolini e CU disponibili al download,25-OCT-24 12.43.13.854000 PM
13002840.0,Normal user tries to create new Provvidenza request for a child,08-OCT-24 03.05.33.125000 PM
6238.0,Dettaglio elenco Cedolini e CU disponibili al download,03-OCT-24 02.02.03.280000 PM
7675.0,Normal user tries to create new Provvidenza request for a child,03-OCT-24 01.59.45.313000 PM
5527.0,HR/Normal user tries to update the answer,08-OCT-24 10.12.34.475000 AM
5840.0,Normal user enters the Provvidenza Figli page,03-OCT-24 02.19.50.359000 PM
5840.0,Normal user enters the Provvidenza Figli page,03-OCT-24 02.19.26.063000 PM
6154.0,HR/Normal user tries to update the answer,03-OCT-24 02.33.58.928000 PM
6887.0,Normal user tries to create new Provvidenza request for a child,08-OCT-24 02.57.53.910000 PM
13000712.0,Verifica possibilità di accesso a fondo pensione per Scelta Welfare,18-OCT-24 02.12.21.380000 PM
5657.0,Normal / HR user updates the answer,03-OCT-24 02.18.41.764000 PM
5616.0,Normal user tries to create new Provvidenza request for a child,03-OCT-24 02.33.45.720000 PM
,Dettaglio elenco Cedolini e CU disponibili al download,01-OCT-24 09.31.54.448000 AM
11511.0,Recupero dettagli utente per Scelta orario di lavoro,08-OCT-24 11.28.13.540000 AM
11253.0,Normal user enters the Provvidenza Figli page,08-OCT-24 02.38.50.341000 PM
13002973.0,Recupero dettagliutente per Scelta Welfare,21-OCT-24 01.05.39.362000 PM
,Download PDF dalla sezione Cedolini,25-OCT-24 11.52.39.605000 AM
,Dettaglio elenco Cedolini e CU disponibili al download,04-OCT-24 11.48.33.469000 AM
5448.0,Normal user tries to create new Provvidenza request for a child,09-OCT-24 08.40.41.608000 AM
5448.0,HR/Normal user tries to update the answer,09-OCT-24 08.41.09.191000 AM
6394.0,Normal user enters the Provvidenza Figli page,08-OCT-24 03.42.25.471000 PM
,Dettaglio elenco Cedolini e CU disponibili al download,09-OCT-24 08.54.08.139000 AM
5222.0,Normal user tries to create new Provvidenza request for a child,22-OCT-24 06.04.55.427000 AM
5139.0,HR/Normal user tries to update the answer,04-OCT-24 11.20.23.471000 AM
18173.0,Normal user enters the Provvidenza Figli page,12-OCT-24 12.48.37.631000 PM
6374.0,Normal user enters the Provvidenza Figli page,08-OCT-24 11.34.15.531000 AM
,Dettaglio elenco Cedolini e CU disponibili al download,09-OCT-24 08.45.21.331000 AM
,Dettaglio elenco Cedolini e CU disponibili al download,01-OCT-24 09.36.55.445000 AM
5494.0,HR/Normal user tries to update the answer,03-OCT-24 05.17.51.594000 PM
7091.0,Normal user assign new grade for the child while creating a request,03-OCT-24 05.17.06.233000 PM
6071.0,HR/Normal user tries to update the answer,03-OCT-24 05.18.17.725000 PM
6560.0,HR/Normal user tries to update the answer,03-OCT-24 01.15.45.423000 PM
,Dettaglio elenco Cedolini e CU disponibili al download,08-OCT-24 03.24.50.871000 PM
,Download PDF dalla sezione Cedolini,18-OCT-24 02.39.03.371000 PM
8047.0,Dettaglio elenco Cedolini e CU disponibili al download,31-OCT-24 01.37.34.230000 PM
6335.0,Normal user tries to create new Provvidenza request for a child,11-OCT-24 07.58.07.114000 PM
15870.0,Normal user enters the Provvidenza Figli page,03-OCT-24 01.17.22.673000 PM
,Dettaglio elenco Cedolini e CU disponibili al download,01-OCT-24 03.07.46.289000 PM
6130.0,Dettaglio elenco Cedolini e CU disponibili al download,08-OCT-24 11.41.25.853000 AM
8023.0,HR/Normal user tries to update the answer,03-OCT-24 01.18.18.890000 PM
7386.0,Normal user assign new grade for the child while creating a request,03-OCT-24 01.20.37.517000 PM
6164.0,HR/Normal user tries to update the answer,03-OCT-24 01.16.42.110000 PM
8826.0,HR tried to update grade,03-OCT-24 01.30.56.821000 PM
,Download PDF dalla sezione Cedolini,27-OCT-24 06.47.08.035000 PM
7036.0,Normal user enters the Provvidenza Figli page,03-OCT-24 01.21.24.450000 PM
7296.0,HR/Normal user tries to update the answer,03-OCT-24 01.15.54.127000 PM
5666.0,Normal user enters the Provvidenza Figli page,03-OCT-24 01.15.59.695000 PM
5462.0,Normal / HR user updates the answer,03-OCT-24 01.18.38.831000 PM
6008.0,HR/Normal user tries to update the answer,03-OCT-24 01.17.55.980000 PM
5847.0,Normal user assign new grade for the child while creating a request,03-OCT-24 01.24.35.478000 PM
7836.0,HR/Normal user tries to update the answer,03-OCT-24 01.24.35.688000 PM
6199.0,Normal user enters the Provvidenza Figli page,09-OCT-24 09.17.33.927000 AM
6566.0,HR/Normal user tries to update the answer,03-OCT-24 05.12.31.894000 PM
6852.0,HR/Normal user tries to update the answer,03-OCT-24 01.17.10.048000 PM
6922.0,HR/Normal user tries to update the answer,06-OCT-24 10.09.08.071000 AM
6199.0,Normal user enters the Provvidenza Figli page,09-OCT-24 03.22.40.771000 PM
,Download PDF dalla sezione Cedolini,08-OCT-24 11.05.36.914000 AM
16672.0,Normal user enters the Provvidenza Figli page,09-OCT-24 03.21.03.144000 PM
6713.0,Dettaglio elenco Cedolini e CU disponibili al download,04-OCT-24 05.08.22.934000 PM
,Download PDF dalla sezione Cedolini,29-OCT-24 11.40.37.306000 AM
18260.0,Normal / HR user updates the answer,04-OCT-24 05.52.09.171000 PM
,Download PDF dalla sezione Cedolini,29-OCT-24 12.04.53.179000 PM
8324.0,Dettaglio elenco Cedolini e CU disponibili al download,02-OCT-24 07.25.59.112000 PM
6134.0,Normal user tries to create new Provvidenza request for a child,09-OCT-24 04.16.43.696000 PM
6199.0,Normal user enters the Provvidenza Figli page,09-OCT-24 03.56.24.300000 PM
17242.0,Verifica possibilità di accesso a fondo pensione per Scelta Welfare,29-OCT-24 12.00.15.232000 PM
6169.0,Normal user enters the Provvidenza Figli page,04-OCT-24 05.47.21.663000 PM
8730.0,HR/Normal user tries to update the answer,18-OCT-24 02.10.20.370000 PM
,Dettaglio elenco Cedolini e CU disponibili al download,30-OCT-24 11.45.10.896000 AM
16672.0,HR/Normal user tries to update the answer,09-OCT-24 03.26.43.053000 PM
6733.0,Normal user enters the Provvidenza Figli page,09-OCT-24 03.29.12.048000 PM
,Download PDF dalla sezione Cedolini,30-OCT-24 11.51.47.487000 AM
13000916.0,HR/Normal user tries to update the answer,08-OCT-24 09.49.10.840000 AM
,Dettaglio elenco Cedolini e CU disponibili al download,24-OCT-24 04.28.09.454000 PM
,Download PDF dalla sezione Cedolini,24-OCT-24 04.59.07.525000 PM
,Download PDF dalla sezione Cedolini,24-OCT-24 04.22.51.213000 PM
7098.0,HR/Normal user tries to update the answer,11-OCT-24 09.15.24.630000 AM
5272.0,HR/Normal user tries to update the answer,07-OCT-24 04.22.53.603000 PM
6161.0,HR/Normal user tries to update the answer,04-OCT-24 05.27.26.598000 PM
,Dettaglio elenco Cedolini e CU disponibili al download,07-OCT-24 04.40.31.033000 PM
,Download PDF dalla sezione Cedolini,24-OCT-24 04.59.35.042000 PM
5985.0,Dettaglio elenco Cedolini e CU disponibili al download,22-OCT-24 09.33.24.746000 PM
6479.0,Normal user enters the Provvidenza Figli page,11-OCT-24 09.14.19.374000 AM
7325.0,Normal user enters the Provvidenza Figli page,04-OCT-24 01.03.10.290000 PM
,Dettaglio elenco Cedolini e CU disponibili al download,30-OCT-24 02.20.01.572000 PM
7012.0,Normal user enters the Provvidenza Figli page,04-OCT-24 01.27.30.025000 PM
7998.0,HR/Normal user tries to update the answer,03-OCT-24 05.04.54.110000 PM
7703.0,Normal user assign new grade for the child while creating a request,04-OCT-24 12.42.44.223000 PM
,Dettaglio elenco Cedolini e CU disponibili al download,04-OCT-24 12.34.44.364000 PM
5213.0,HR/Normal user tries to update the answer,03-OCT-24 05.02.36.774000 PM
5849.0,HR/Normal user tries to update the answer,03-OCT-24 07.21.20.610000 PM
7311.0,Normal user tries to create new Provvidenza request for a child,03-OCT-24 07.12.04.586000 PM
14621.0,HR/Normal user tries to update the answer,04-OCT-24 12.30.59.405000 PM
13000916.0,Normal user enters the Provvidenza Figli page,08-OCT-24 09.49.43.146000 AM
6843.0,HR/Normal user tries to update the answer,04-OCT-24 12.22.03.828000 PM
8324.0,Download PDF dalla sezione Cedolini,02-OCT-24 07.26.50.970000 PM
7012.0,HR/Normal user tries to update the answer,04-OCT-24 01.26.45.835000 PM
6380.0,Normal user enters the Provvidenza Figli page,03-OCT-24 05.09.41.822000 PM
13002692.0,Recupero dettagli utente per invio adesione Fondo Nazionale,04-OCT-24 12.45.28.856000 PM
6558.0,Normal user assign new grade for the child while creating a request,03-OCT-24 05.10.09.616000 PM
,Download PDF dalla sezione Cedolini,29-OCT-24 03.49.20.674000 PM
,Download PDF dalla sezione Cedolini,17-OCT-24 02.53.17.372000 PM
6076.0,Dettaglio elenco Cedolini e CU disponibili al download,02-OCT-24 09.15.11.091000 AM
,Dettaglio elenco Cedolini e CU disponibili al download,29-OCT-24 03.51.09.720000 PM
13002608.0,Normal user enters the Provvidenza Figli page,03-OCT-24 05.06.23.723000 PM
7703.0,Normal user enters the Provvidenza Figli page,04-OCT-24 12.42.13.098000 PM
5905.0,HR/Normal user tries to update the answer,04-OCT-24 12.35.45.857000 PM
16786.0,Normal user enters the Provvidenza Figli page,11-OCT-24 08.51.18.470000 AM
16385.0,Normal user enters the Provvidenza Figli page,03-OCT-24 02.51.30.799000 PM
6558.0,HR/Normal user tries to update the answer,03-OCT-24 05.09.52.594000 PM
6181.0,HR/Normal user tries to update the answer,11-OCT-24 12.24.21.583000 PM
5643.0,HR/Normal user tries to update the answer,03-OCT-24 02.51.50.096000 PM
6484.0,HR/Normal user tries to update the answer,08-OCT-24 08.14.58.164000 PM
6558.0,Normal user tries to create new Provvidenza request for a child,03-OCT-24 05.10.09.512000 PM
6817.0,Recupero dettagliutente per Scelta Welfare,29-OCT-24 02.58.48.792000 PM
,Download PDF dalla sezione Cedolini,11-OCT-24 12.01.15.590000 PM
13002972.0,Verifica possibilità di accesso a fondo pensione per Scelta Welfare,15-OCT-24 02.21.59.286000 PM
6219.0,Normal user enters the Provvidenza Figli page,04-OCT-24 12.51.03.600000 PM
,Dettaglio elenco Cedolini e CU disponibili al download,29-OCT-24 03.22.20.180000 PM
7311.0,Normal user enters the Provvidenza Figli page,03-OCT-24 07.12.21.634000 PM
13002832.0,Recupero dettagli utente per Scelta orario di lavoro,04-OCT-24 12.59.43.766000 PM
,Dettaglio elenco Cedolini e CU disponibili al download,30-OCT-24 02.10.58.662000 PM
,Download PDF dalla sezione Cedolini,04-OCT-24 12.51.17.997000 PM
13002288.0,Recupero dettagliutente per Scelta Welfare,15-OCT-24 03.29.07.996000 PM
6558.0,HR/Normal user tries to update the answer,03-OCT-24 05.10.30.050000 PM
7311.0,Normal user update grade for a child,03-OCT-24 07.16.52.788000 PM
6380.0,Normal user update grade for a child,03-OCT-24 05.09.46.299000 PM
7302.0,HR/Normal user tries to update the answer,03-OCT-24 02.39.49.115000 PM
13002834.0,Normal user enters the Provvidenza Figli page,11-OCT-24 12.05.46.399000 PM
,Download PDF dalla sezione Cedolini,28-OCT-24 09.18.01.098000 AM
6482.0,Normal / HR user updates the answer,10-OCT-24 08.52.55.229000 AM
7810.0,HR/Normal user tries to update the answer,04-OCT-24 10.17.28.992000 AM
,Dettaglio elenco Cedolini e CU disponibili al download,28-OCT-24 09.17.59.187000 AM
6718.0,HR/Normal user tries to update the answer,03-OCT-24 03.01.51.531000 PM
13000173.0,Download PDF dalla sezione Cedolini,10-OCT-24 08.43.15.574000 AM
5096.0,Normal user assign new grade for the child while creating a request,03-OCT-24 02.55.35.384000 PM
,Download PDF dalla sezione Cedolini,28-OCT-24 08.39.23.273000 AM
5982.0,Recupero dettagliutente per Scelta Welfare,28-OCT-24 02.32.53.616000 PM
,Download PDF dalla sezione Cedolini,28-OCT-24 08.56.17.243000 AM
,Dettaglio elenco Cedolini e CU disponibili al download,10-OCT-24 09.03.48.705000 AM
13002845.0,Recupero dettagli utente per invio adesione Fondo Nazionale,04-OCT-24 10.11.28.920000 AM
,Download PDF dalla sezione Cedolini,28-OCT-24 09.14.35.308000 AM
,Dettaglio elenco Cedolini e CU disponibili al download,02-OCT-24 04.27.51.462000 PM
7703.0,HR/Normal user tries to update the answer,04-OCT-24 12.43.19.811000 PM
7314.0,HR/Normal user tries to update the answer,10-OCT-24 08.52.56.089000 AM
7588.0,Normal user enters the Provvidenza Figli page,03-OCT-24 02.58.02.019000 PM
14647.0,Normal user tries to create new Provvidenza request for a child,04-OCT-24 10.15.58.968000 AM
5238.0,Normal user enters the Provvidenza Figli page,04-OCT-24 10.12.01.601000 AM
7107.0,HR/Normal user tries to update the answer,04-OCT-24 11.03.21.389000 AM
7272.0,Normal user enters the Provvidenza Figli page,03-OCT-24 03.11.53.157000 PM
13002179.0,HR/Normal user tries to update the answer,03-OCT-24 02.48.37.874000 PM
6181.0,Normal user assign new grade for the child while creating a request,11-OCT-24 12.23.28.215000 PM
6652.0,HR/Normal user tries to update the answer,03-OCT-24 03.04.57.485000 PM
7073.0,Normal user enters the Provvidenza Figli page,04-OCT-24 11.09.32.165000 AM
,Dettaglio elenco Cedolini e CU disponibili al download,28-OCT-24 08.52.25.470000 AM
6610.0,HR/Normal user tries to update the answer,03-OCT-24 03.09.12.494000 PM
6121.0,HR/Normal user tries to update the answer,03-OCT-24 03.10.41.842000 PM
,Dettaglio elenco Cedolini e CU disponibili al download,02-OCT-24 04.44.12.007000 PM
10095.0,Recupero dettagliutente per Scelta Welfare,04-OCT-24 10.09.07.921000 AM
5139.0,HR/Normal user tries to update the answer,04-OCT-24 11.19.18.657000 AM
13000695.0,HR/Normal user tries to update the answer,03-OCT-24 02.38.33.093000 PM
,Dettaglio elenco Cedolini e CU disponibili al download,28-OCT-24 09.13.12.473000 AM
,Dettaglio elenco Cedolini e CU disponibili al download,23-OCT-24 02.28.43.776000 PM
,Dettaglio elenco Cedolini e CU disponibili al download,02-OCT-24 04.54.45.217000 PM
,Dettaglio elenco Cedolini e CU disponibili al download,01-OCT-24 09.20.41.633000 AM
8062.0,HR tried to update grade,04-OCT-24 10.14.10.436000 AM
7319.0,Normal user enters the Provvidenza Figli page,03-OCT-24 03.08.20.272000 PM
6482.0,HR/Normal user tries to update the answer,10-OCT-24 08.52.35.245000 AM
8062.0,Normal user enters the Provvidenza Figli page,04-OCT-24 10.16.22.157000 AM
5354.0,HR/Normal user tries to update the answer,04-OCT-24 11.01.25.348000 AM
,Download PDF dalla sezione Cedolini,28-OCT-24 09.13.14.052000 AM
6363.0,Normal user enters the Provvidenza Figli page,04-OCT-24 10.39.53.984000 AM
,Dettaglio elenco Cedolini e CU disponibili al download,23-OCT-24 02.29.30.592000 PM
,Dettaglio elenco Cedolini e CU disponibili al download,28-OCT-24 07.03.43.843000 PM
6199.0,Normal user enters the Provvidenza Figli page,28-OCT-24 04.54.44.202000 PM
5663.0,Normal / HR user updates the answer,03-OCT-24 03.08.22.125000 PM
6047.0,HR tried to update grade,10-OCT-24 04.15.27.135000 PM
7564.0,HR/Normal user tries to update the answer,08-OCT-24 06.58.34.973000 AM
,Dettaglio elenco Cedolini e CU disponibili al download,14-OCT-24 11.47.06.277000 AM
,Dettaglio elenco Cedolini e CU disponibili al download,28-OCT-24 05.24.28.100000 PM
,Dettaglio elenco Cedolini e CU disponibili al download,14-OCT-24 12.15.38.605000 PM
6199.0,Normal user enters the Provvidenza Figli page,10-OCT-24 04.54.43.257000 PM
6672.0,Normal user enters the Provvidenza Figli page,04-OCT-24 11.15.28.958000 AM
6039.0,Normal user tries to create new Provvidenza request for a child,09-OCT-24 12.04.55.604000 PM
18173.0,Normal / HR user updates the answer,12-OCT-24 12.30.42.206000 PM
,Download PDF dalla sezione Cedolini,14-OCT-24 11.36.45.877000 AM
13002735.0,Recupero dettagliutente per Scelta Welfare,10-OCT-24 05.00.43.626000 PM
9737.0,Normal user enters the Provvidenza Figli page,09-OCT-24 11.23.40.588000 AM
6014.0,HR tried to update grade,04-OCT-24 08.17.22.557000 AM
6458.0,Normal user enters the Provvidenza Figli page,09-OCT-24 05.03.06.096000 PM
6972.0,Normal user enters the Provvidenza Figli page,14-OCT-24 04.39.23.787000 PM
7593.0,Normal user update grade for a child,09-OCT-24 11.24.26.229000 AM
13001785.0,HR/Normal user tries to update the answer,28-OCT-24 04.57.12.465000 PM
5944.0,Normal user enters the Provvidenza Figli page,17-OCT-24 05.02.11.136000 PM
5647.0,Normal user assign new grade for the child while creating a request,07-OCT-24 01.00.31.209000 PM
13002130.0,HR/Normal user tries to update the answer,04-OCT-24 10.53.49.542000 AM
,Dettaglio elenco Cedolini e CU disponibili al download,10-OCT-24 04.30.23.101000 PM
6822.0,Normal user enters the Provvidenza Figli page,09-OCT-24 05.01.14.193000 PM
6199.0,Normal user enters the Provvidenza Figli page,17-OCT-24 04.08.05.447000 PM
5901.0,Recupero dettagliutente per Scelta Welfare,21-OCT-24 10.18.19.389000 AM
7978.0,Normal user assign new grade for the child while creating a request,04-OCT-24 08.16.42.492000 AM
,Download PDF dalla sezione Cedolini,28-OCT-24 06.08.57.833000 PM
7312.0,Normal user tries to create new Provvidenza request for a child,04-OCT-24 08.18.07.811000 AM
8464.0,Normal user tries to create new Provvidenza request for a child,14-OCT-24 04.56.13.458000 PM
,Download PDF dalla sezione Cedolini,23-OCT-24 02.34.11.847000 PM
,Dettaglio elenco Cedolini e CU disponibili al download,30-OCT-24 09.40.58.967000 PM
6489.0,Normal user enters the Provvidenza Figli page,04-OCT-24 08.35.11.517000 AM
11236.0,Normal user enters the Provvidenza Figli page,04-OCT-24 08.30.55.670000 AM
5492.0,HR/Normal user tries to update the answer,14-OCT-24 05.25.08.678000 PM
5802.0,Normal user enters the Provvidenza Figli page,28-OCT-24 09.30.18.905000 AM
6908.0,Normal user tries to create new Provvidenza request for a child,04-OCT-24 08.31.04.166000 AM
6376.0,Normal user enters the Provvidenza Figli page,04-OCT-24 07.30.44.163000 AM
6199.0,Normal user enters the Provvidenza Figli page,09-OCT-24 05.14.41.125000 PM
5378.0,HR/Normal user tries to update the answer,09-OCT-24 05.37.37.995000 PM
,Download PDF dalla sezione Cedolini,28-OCT-24 08.40.55.371000 AM
6199.0,Normal user enters the Provvidenza Figli page,09-OCT-24 05.29.37.456000 PM
7978.0,Normal user enters the Provvidenza Figli page,04-OCT-24 08.17.25.988000 AM
,Download PDF dalla sezione Cedolini,21-OCT-24 10.22.38.850000 AM
,Dettaglio elenco Cedolini e CU disponibili al download,09-OCT-24 12.19.27.980000 PM
,Dettaglio elenco Cedolini e CU disponibili al download,28-OCT-24 09.05.00.781000 AM
,Download PDF dalla sezione Cedolini,25-OCT-24 08.40.09.613000 AM
8454.0,HR/Normal user tries to update the answer,04-OCT-24 07.40.12.133000 AM
,A valid user enters the MIFID page details of the user would be logged,31-OCT-24 09.16.41.544000 AM
,Download PDF dalla sezione Cedolini,28-OCT-24 09.04.52.476000 AM
,Download PDF dalla sezione Cedolini,25-OCT-24 08.35.45.576000 AM
,Download PDF dalla sezione Cedolini,30-OCT-24 09.45.42.994000 PM
,Dettaglio elenco Cedolini e CU disponibili al download,28-OCT-24 05.27.51.054000 PM
,Dettaglio elenco Cedolini e CU disponibili al download,25-OCT-24 08.55.21.182000 AM
,Dettaglio elenco Cedolini e CU disponibili al download,25-OCT-24 08.55.01.970000 AM
7088.0,HR/Normal user tries to update the answer,04-OCT-24 08.23.35.427000 AM
,Download PDF dalla sezione Cedolini,21-OCT-24 10.31.51.240000 AM
9528.0,Verifica possibilità di accesso a fondo pensione per Scelta Welfare,31-OCT-24 08.53.02.755000 AM
5982.0,Normal user enters the Provvidenza Figli page,04-OCT-24 08.39.03.904000 AM
7401.0,HR/Normal user tries to update the answer,04-OCT-24 08.47.03.970000 AM
14634.0,Normal user assign new grade for the child while creating a request,09-OCT-24 06.02.37.942000 PM
7398.0,HR tried to update grade,09-OCT-24 05.52.57.325000 PM
6199.0,Normal user enters the Provvidenza Figli page,16-OCT-24 04.00.14.074000 PM
,Download PDF dalla sezione Cedolini,28-OCT-24 09.09.27.946000 AM
5299.0,HR/Normal user tries to update the answer,04-OCT-24 08.41.53.765000 AM
7063.0,HR/Normal user tries to update the answer,04-OCT-24 08.59.41.808000 AM
5240.0,Normal user enters the Provvidenza Figli page,04-OCT-24 08.55.42.245000 AM
6489.0,HR/Normal user tries to update the answer,04-OCT-24 08.38.35.803000 AM
,Dettaglio elenco Cedolini e CU disponibili al download,25-OCT-24 09.04.08.803000 AM
13002928.0,Recupero dettagliutente per Scelta Welfare,04-OCT-24 09.04.56.503000 AM
13002928.0,Verifica possibilità di accesso a fondo pensione per Scelta Welfare,04-OCT-24 09.04.56.509000 AM
9077.0,HR tried to update grade,04-OCT-24 08.55.57.578000 AM
13000159.0,HR/Normal user tries to update the answer,04-OCT-24 08.42.41.718000 AM
,Dettaglio elenco Cedolini e CU disponibili al download,04-OCT-24 09.09.42.661000 AM
,Dettaglio elenco Cedolini e CU disponibili al download,24-OCT-24 02.03.08.642000 PM
7377.0,HR/Normal user tries to update the answer,05-OCT-24 04.14.28.562000 PM
7265.0,Normal user tries to create new Provvidenza request for a child,04-OCT-24 09.24.21.811000 AM
6002.0,HR/Normal user tries to update the answer,04-OCT-24 09.16.21.198000 AM
,Dettaglio elenco Cedolini e CU disponibili al download,16-OCT-24 03.21.41.382000 PM
8085.0,HR/Normal user tries to update the answer,04-OCT-24 09.10.55.872000 AM
6908.0,Normal user enters the Provvidenza Figli page,04-OCT-24 08.31.47.929000 AM
,Download PDF dalla sezione Cedolini,25-OCT-24 08.45.51.395000 AM
8314.0,Normal user assign new grade for the child while creating a request,04-OCT-24 09.18.52.910000 AM
8314.0,HR/Normal user tries to update the answer,04-OCT-24 09.21.58.992000 AM
5199.0,Normal user tries to create new Provvidenza request for a child,16-OCT-24 03.21.43.495000 PM
5853.0,Normal user enters the Provvidenza Figli page,04-OCT-24 09.09.06.183000 AM
,Download PDF dalla sezione Cedolini,25-OCT-24 09.13.23.885000 AM
,Download PDF dalla sezione Cedolini,25-OCT-24 09.19.38.488000 AM
,Download PDF dalla sezione Cedolini,25-OCT-24 09.19.52.626000 AM
7068.0,Download PDF dalla sezione Cedolini,04-OCT-24 09.07.39.894000 AM
,Download PDF dalla sezione Cedolini,25-OCT-24 08.37.59.229000 AM
,Download PDF dalla sezione Cedolini,25-OCT-24 08.47.18.585000 AM
7401.0,Normal user enters the Provvidenza Figli page,04-OCT-24 08.47.09.654000 AM
13002342.0,HR/Normal user tries to update the answer,04-OCT-24 08.33.06.479000 AM
7763.0,HR/Normal user tries to update the answer,25-OCT-24 09.04.30.568000 AM
7377.0,HR/Normal user tries to update the answer,05-OCT-24 04.13.33.305000 PM
7984.0,Normal user enters the Provvidenza Figli page,04-OCT-24 09.03.52.039000 AM
5987.0,HR/Normal user tries to update the answer,04-OCT-24 09.01.45.099000 AM
6089.0,HR/Normal user tries to update the answer,04-OCT-24 08.46.40.492000 AM
6146.0,Normal user tries to create new Provvidenza request for a child,05-OCT-24 05.30.31.275000 PM
,Download PDF dalla sezione Cedolini,25-OCT-24 09.46.42.973000 AM
6489.0,HR/Normal user tries to update the answer,04-OCT-24 08.38.32.876000 AM
7377.0,HR tried to update grade,05-OCT-24 04.14.20.935000 PM
6915.0,Normal user enters the Provvidenza Figli page,04-OCT-24 08.52.26.131000 AM
,Dettaglio elenco Cedolini e CU disponibili al download,31-OCT-24 12.09.18.269000 PM
5864.0,HR/Normal user tries to update the answer,10-OCT-24 06.29.29.580000 PM
14431.0,HR tried to update grade,04-OCT-24 09.18.13.668000 AM
5803.0,Normal user enters the Provvidenza Figli page,04-OCT-24 08.56.36.612000 AM
10864.0,Normal user update grade for a child,04-OCT-24 09.01.07.142000 AM
13001831.0,Normal user update grade for a child,21-OCT-24 08.50.52.902000 AM
13002169.0,Normal user assign new grade for the child while creating a request,04-OCT-24 09.21.27.443000 AM
,Dettaglio elenco Cedolini e CU disponibili al download,29-OCT-24 11.36.49.073000 AM
7265.0,HR/Normal user tries to update the answer,04-OCT-24 09.24.34.002000 AM
5524.0,HR/Normal user tries to update the answer,14-OCT-24 09.10.03.201000 AM
6078.0,HR/Normal user tries to update the answer,04-OCT-24 09.37.35.991000 AM
,Download PDF dalla sezione Cedolini,25-OCT-24 09.37.06.623000 AM
6078.0,Normal user enters the Provvidenza Figli page,04-OCT-24 09.37.48.002000 AM
7265.0,HR/Normal user tries to update the answer,04-OCT-24 09.24.43.130000 AM
13002926.0,Verifica possibilità di accesso a fondo pensione per Scelta Welfare,04-OCT-24 08.38.23.898000 AM
13002927.0,Recupero dettagli utente per Scelta orario di lavoro,04-OCT-24 08.42.49.748000 AM
,Dettaglio elenco Cedolini e CU disponibili al download,04-OCT-24 09.31.42.987000 AM
6595.0,Normal user assign new grade for the child while creating a request,04-OCT-24 09.14.06.818000 AM
,Download PDF dalla sezione Cedolini,25-OCT-24 08.40.18.300000 AM
,Dettaglio elenco Cedolini e CU disponibili al download,31-OCT-24 11.08.06.063000 AM
13002169.0,Normal user enters the Provvidenza Figli page,04-OCT-24 09.22.07.241000 AM
6915.0,Normal user enters the Provvidenza Figli page,04-OCT-24 08.52.43.369000 AM
7607.0,HR/Normal user tries to update the answer,04-OCT-24 09.51.59.316000 AM
,Dettaglio elenco Cedolini e CU disponibili al download,14-OCT-24 09.22.57.301000 AM
13002733.0,Normal user enters the Provvidenza Figli page,01-OCT-24 08.29.24.074000 AM
7068.0,Normal user assign new grade for the child while creating a request,04-OCT-24 08.55.09.413000 AM
,Download PDF dalla sezione Cedolini,25-OCT-24 09.11.07.735000 AM
7763.0,Dettaglio elenco Cedolini e CU disponibili al download,23-OCT-24 01.28.00.327000 PM
,Download PDF dalla sezione Cedolini,24-OCT-24 12.10.55.440000 PM
,Dettaglio elenco Cedolini e CU disponibili al download,25-OCT-24 10.20.26.571000 PM
,Dettaglio elenco Cedolini e CU disponibili al download,25-OCT-24 09.10.49.528000 AM
13002928.0,Verifica possibilità di accesso a fondo pensione per Scelta Welfare,04-OCT-24 08.52.13.265000 AM
8260.0,Recupero dettagli utente per invio adesione Fondo Nazionale,01-OCT-24 08.42.42.638000 AM
,Download PDF dalla sezione Cedolini,16-OCT-24 05.39.14.041000 PM
,Download PDF dalla sezione Cedolini,27-OCT-24 09.14.35.190000 AM
,Download PDF dalla sezione Cedolini,29-OCT-24 01.55.52.754000 PM
,Dettaglio elenco Cedolini e CU disponibili al download,04-OCT-24 09.36.50.697000 AM
,Download PDF dalla sezione Cedolini,25-OCT-24 09.49.52.021000 AM
6632.0,HR/Normal user tries to update the answer,10-OCT-24 05.49.06.840000 PM
6632.0,HR/Normal user tries to update the answer,10-OCT-24 05.49.49.404000 PM
6146.0,HR/Normal user tries to update the answer,05-OCT-24 05.31.53.785000 PM
7068.0,Download PDF dalla sezione Cedolini,04-OCT-24 09.01.54.742000 AM
7401.0,Normal user tries to create new Provvidenza request for a child,04-OCT-24 08.46.03.401000 AM
7377.0,Normal user tries to create new Provvidenza request for a child,05-OCT-24 04.14.16.449000 PM
18291.0,Download PDF dalla sezione Cedolini,04-OCT-24 09.23.39.481000 AM
6359.0,HR/Normal user tries to update the answer,04-OCT-24 09.25.56.677000 AM
5783.0,HR/Normal user tries to update the answer,03-OCT-24 11.47.49.140000 PM
6489.0,Normal user enters the Provvidenza Figli page,04-OCT-24 08.39.41.942000 AM
,Dettaglio elenco Cedolini e CU disponibili al download,16-OCT-24 09.12.28.721000 AM
6159.0,Download PDF dalla sezione Cedolini,23-OCT-24 10.48.09.781000 AM
,Dettaglio elenco Cedolini e CU disponibili al download,16-OCT-24 04.52.03.156000 PM
5319.0,Normal user enters the Provvidenza Figli page,18-OCT-24 12.01.13.484000 PM
5982.0,HR tried to update grade,04-OCT-24 08.40.30.828000 AM
10864.0,HR/Normal user tries to update the answer,04-OCT-24 07.54.35.103000 AM
19449.0,Download PDF dalla sezione Cedolini,14-OCT-24 10.24.40.168000 AM
6376.0,HR/Normal user tries to update the answer,04-OCT-24 07.29.40.665000 AM
,Dettaglio elenco Cedolini e CU disponibili al download,04-OCT-24 07.27.38.781000 AM
6908.0,HR/Normal user tries to update the answer,04-OCT-24 08.31.58.582000 AM
13002926.0,Recupero dettagliutente per Scelta Welfare,04-OCT-24 08.39.57.894000 AM
8189.0,Normal user tries to create new Provvidenza request for a child,10-OCT-24 02.46.01.201000 PM
6085.0,Normal user tries to create new Provvidenza request for a child,04-OCT-24 08.09.28.972000 AM
6162.0,HR/Normal user tries to update the answer,04-OCT-24 08.06.47.214000 AM
18134.0,HR/Normal user tries to update the answer,08-OCT-24 03.33.15.623000 PM
5646.0,HR/Normal user tries to update the answer,04-OCT-24 08.13.05.078000 AM
5358.0,HR/Normal user tries to update the answer,08-OCT-24 04.16.25.523000 PM
6869.0,Normal user enters the Provvidenza Figli page,04-OCT-24 08.08.26.188000 AM
,Dettaglio elenco Cedolini e CU disponibili al download,08-OCT-24 10.10.19.091000 AM
7088.0,HR/Normal user tries to update the answer,04-OCT-24 08.23.46.519000 AM
,Download PDF dalla sezione Cedolini,04-OCT-24 02.49.12.965000 PM
13001727.0,HR/Normal user tries to update the answer,08-OCT-24 09.28.04.447000 AM
13001727.0,HR/Normal user tries to update the answer,08-OCT-24 09.27.25.467000 AM
,Download PDF dalla sezione Cedolini,16-OCT-24 09.23.58.365000 AM
7231.0,HR/Normal user tries to update the answer,08-OCT-24 09.20.19.866000 AM
7035.0,HR/Normal user tries to update the answer,08-OCT-24 09.25.48.263000 AM
,Download PDF dalla sezione Cedolini,25-OCT-24 05.09.19.232000 PM
,Download PDF dalla sezione Cedolini,25-OCT-24 04.57.58.361000 PM
10864.0,Normal user enters the Provvidenza Figli page,04-OCT-24 07.57.00.742000 AM
7312.0,HR/Normal user tries to update the answer,04-OCT-24 08.20.57.528000 AM
10864.0,Normal / HR user updates the answer,04-OCT-24 07.56.19.256000 AM
5607.0,Normal user enters the Provvidenza Figli page,08-OCT-24 09.56.17.229000 AM
,Dettaglio elenco Cedolini e CU disponibili al download,25-OCT-24 05.05.13.173000 PM
,Download PDF dalla sezione Cedolini,08-OCT-24 10.23.27.005000 AM
6085.0,HR/Normal user tries to update the answer,04-OCT-24 08.09.39.352000 AM
7477.0,Normal user enters the Provvidenza Figli page,08-OCT-24 09.28.27.828000 AM
6734.0,HR/Normal user tries to update the answer,04-OCT-24 08.40.04.995000 AM
19481.0,Normal user assign new grade for the child while creating a request,04-OCT-24 02.54.56.751000 PM
6704.0,HR/Normal user tries to update the answer,04-OCT-24 08.16.02.966000 AM
13002840.0,Normal user assign new grade for the child while creating a request,08-OCT-24 03.05.33.226000 PM
5982.0,Normal / HR user updates the answer,04-OCT-24 08.39.50.799000 AM
5488.0,HR/Normal user tries to update the answer,04-OCT-24 08.44.20.659000 AM
,Download PDF dalla sezione Cedolini,25-OCT-24 04.33.50.334000 PM
7427.0,HR/Normal user tries to update the answer,04-OCT-24 02.36.34.097000 PM
6908.0,HR/Normal user tries to update the answer,04-OCT-24 08.31.54.938000 AM
19481.0,Normal user tries to create new Provvidenza request for a child,04-OCT-24 02.53.49.750000 PM
7743.0,HR/Normal user tries to update the answer,08-OCT-24 10.33.22.153000 AM
13002985.0,Recupero dettagli utente per invio adesione Fondo Nazionale,25-OCT-24 03.52.57.815000 PM
6085.0,Normal / HR user updates the answer,04-OCT-24 08.09.47.457000 AM
7312.0,HR/Normal user tries to update the answer,04-OCT-24 08.21.15.844000 AM
7312.0,Dettaglio elenco Cedolini e CU disponibili al download,25-OCT-24 05.08.33.101000 PM
5913.0,Normal user tries to create new Provvidenza request for a child,08-OCT-24 09.57.28.504000 AM
6489.0,HR/Normal user tries to update the answer,04-OCT-24 08.36.04.686000 AM
13002970.0,Recupero dettagli utente per Scelta orario di lavoro,17-OCT-24 11.25.32.516000 AM
6194.0,Normal user tries to create new Provvidenza request for a child,04-OCT-24 08.42.34.051000 AM
18134.0,HR/Normal user tries to update the answer,08-OCT-24 03.33.10.791000 PM
13002184.0,Normal user update grade for a child,04-OCT-24 02.11.36.152000 PM
5488.0,Normal user enters the Provvidenza Figli page,04-OCT-24 08.43.51.362000 AM
13002840.0,HR/Normal user tries to update the answer,08-OCT-24 03.02.56.590000 PM
18134.0,HR/Normal user tries to update the answer,08-OCT-24 03.33.33.466000 PM
15308.0,Normal user enters the Provvidenza Figli page,04-OCT-24 03.20.33.479000 PM
,Dettaglio elenco Cedolini e CU disponibili al download,13-OCT-24 10.55.08.518000 PM
6900.0,HR/Normal user tries to update the answer,04-OCT-24 03.40.15.746000 PM
,Download PDF dalla sezione Cedolini,04-OCT-24 08.30.25.571000 AM
6900.0,HR/Normal user tries to update the answer,04-OCT-24 03.39.30.549000 PM
7631.0,HR/Normal user tries to update the answer,05-OCT-24 10.51.42.060000 AM
6913.0,Dettaglio elenco Cedolini e CU disponibili al download,29-OCT-24 03.38.45.655000 PM
7616.0,Normal user tries to create new Provvidenza request for a child,04-OCT-24 02.19.37.208000 PM
,Dettaglio elenco Cedolini e CU disponibili al download,29-OCT-24 03.29.44.040000 PM
8285.0,Recupero dettagli utente per Scelta orario di lavoro,29-OCT-24 04.19.10.388000 PM
9888.0,Verifica possibilità di accesso a fondo pensione per Scelta Welfare,04-OCT-24 03.22.26.007000 PM
,Download PDF dalla sezione Cedolini,04-OCT-24 03.33.23.259000 PM
7149.0,Normal user enters the Provvidenza Figli page,04-OCT-24 03.12.41.757000 PM
,Download PDF dalla sezione Cedolini,04-OCT-24 03.33.23.685000 PM
,Dettaglio elenco Cedolini e CU disponibili al download,29-OCT-24 03.51.54.106000 PM
,Download PDF dalla sezione Cedolini,04-OCT-24 03.50.43.863000 PM
18000.0,HR/Normal user tries to update the answer,09-OCT-24 11.09.34.330000 AM
7231.0,HR/Normal user tries to update the answer,08-OCT-24 09.20.13.475000 AM
7149.0,Normal / HR user updates the answer,04-OCT-24 03.15.34.894000 PM
7427.0,Normal user enters the Provvidenza Figli page,04-OCT-24 02.36.57.902000 PM
15319.0,Normal user enters the Provvidenza Figli page,04-OCT-24 03.15.50.556000 PM
,Download PDF dalla sezione Cedolini,29-OCT-24 04.05.02.249000 PM
15308.0,Normal user enters the Provvidenza Figli page,04-OCT-24 03.20.02.855000 PM
,Dettaglio elenco Cedolini e CU disponibili al download,31-OCT-24 03.41.09.401000 PM
7554.0,Normal / HR user updates the answer,03-OCT-24 04.12.14.771000 PM
,Dettaglio elenco Cedolini e CU disponibili al download,29-OCT-24 03.45.48.204000 PM
6482.0,Normal user enters the Provvidenza Figli page,04-OCT-24 04.03.04.197000 PM
7071.0,Normal user tries to create new Provvidenza request for a child,03-OCT-24 04.24.33.223000 PM
,Download PDF dalla sezione Cedolini,29-OCT-24 04.05.11.994000 PM
,Download PDF dalla sezione Cedolini,31-OCT-24 03.41.11.699000 PM
6900.0,HR/Normal user tries to update the answer,04-OCT-24 03.40.12.914000 PM
8077.0,Normal user assign new grade for the child while creating a request,07-OCT-24 09.08.38.750000 AM
,Dettaglio elenco Cedolini e CU disponibili al download,21-OCT-24 10.40.46.372000 AM
13000055.0,Recupero dettagliutente per Scelta Welfare,31-OCT-24 01.07.35.261000 PM
6723.0,Dettaglio elenco Cedolini e CU disponibili al download,26-OCT-24 10.35.00.736000 AM
7071.0,Normal user tries to create new Provvidenza request for a child,03-OCT-24 04.25.05.703000 PM
,Download PDF dalla sezione Cedolini,07-OCT-24 09.03.18.015000 AM
6482.0,Normal user enters the Provvidenza Figli page,04-OCT-24 03.59.38.011000 PM
15308.0,HR/Normal user tries to update the answer,04-OCT-24 03.20.18.560000 PM
5874.0,HR/Normal user tries to update the answer,07-OCT-24 09.41.42.733000 AM
5262.0,Normal user assign new grade for the child while creating a request,04-OCT-24 04.17.03.852000 PM
7149.0,HR/Normal user tries to update the answer,04-OCT-24 03.16.02.873000 PM
5848.0,HR/Normal user tries to update the answer,04-OCT-24 01.39.24.297000 PM
7628.0,Normal user tries to create new Provvidenza request for a child,07-OCT-24 09.05.41.256000 AM
,A valid user enters the MIFID page details of the user would be logged,31-OCT-24 08.26.40.184000 AM
4977.0,Verifica possibilità di accesso a fondo pensione per Scelta Welfare,23-OCT-24 04.34.20.123000 PM
6639.0,Verifica possibilità di accesso a fondo pensione per Scelta Welfare,31-OCT-24 04.55.06.153000 PM
8226.0,HR/Normal user tries to update the answer,07-OCT-24 09.00.58.166000 AM
5899.0,Normal user tries to create new Provvidenza request for a child,14-OCT-24 02.13.54.078000 PM
6723.0,Normal user enters the Provvidenza Figli page,26-OCT-24 10.35.41.299000 AM
7361.0,Normal user enters the Provvidenza Figli page,16-OCT-24 11.55.00.703000 AM
13002935.0,HR/Normal user tries to update the answer,04-OCT-24 01.54.36.466000 PM
7123.0,HR/Normal user tries to update the answer,03-OCT-24 01.55.44.202000 PM
6632.0,Normal user enters the Provvidenza Figli page,10-OCT-24 05.48.48.735000 PM
7605.0,Normal user enters the Provvidenza Figli page,04-OCT-24 01.42.12.741000 PM
7885.0,HR/Normal user tries to update the answer,07-OCT-24 10.05.57.983000 AM
13002717.0,HR/Normal user tries to update the answer,03-OCT-24 01.47.27.570000 PM
7718.0,HR/Normal user tries to update the answer,03-OCT-24 02.12.48.518000 PM
13001231.0,HR/Normal user tries to update the answer,03-OCT-24 01.39.07.202000 PM
5994.0,Normal / HR user updates the answer,03-OCT-24 01.43.36.292000 PM
13001231.0,Normal user enters the Provvidenza Figli page,03-OCT-24 01.39.54.121000 PM
17648.0,Normal user enters the Provvidenza Figli page,03-OCT-24 01.51.55.744000 PM
17324.0,Normal user tries to create new Provvidenza request for a child,03-OCT-24 02.15.03.791000 PM
17324.0,HR/Normal user tries to update the answer,03-OCT-24 02.14.43.346000 PM
6582.0,HR/Normal user tries to update the answer,03-OCT-24 02.03.20.741000 PM
13000105.0,Normal user assign new grade for the child while creating a request,03-OCT-24 02.45.51.232000 PM
6113.0,HR/Normal user tries to update the answer,03-OCT-24 02.25.14.235000 PM
7123.0,Normal user assign new grade for the child while creating a request,03-OCT-24 01.53.59.385000 PM
6632.0,HR/Normal user tries to update the answer,10-OCT-24 05.49.14.960000 PM
5657.0,HR/Normal user tries to update the answer,03-OCT-24 02.19.21.165000 PM
7876.0,Normal user assign new grade for the child while creating a request,03-OCT-24 01.50.48.870000 PM
8277.0,HR/Normal user tries to update the answer,03-OCT-24 02.38.58.570000 PM
5639.0,Download PDF dalla sezione Cedolini,03-OCT-24 02.14.29.245000 PM
,Dettaglio elenco Cedolini e CU disponibili al download,11-OCT-24 11.18.21.516000 PM
6970.0,Recupero dettagli utente per Scelta orario di lavoro,03-OCT-24 02.30.55.541000 PM
6238.0,Normal user tries to create new Provvidenza request for a child,03-OCT-24 02.03.42.401000 PM
8866.0,HR/Normal user tries to update the answer,03-OCT-24 02.01.40.982000 PM
5995.0,Normal user enters the Provvidenza Figli page,03-OCT-24 02.33.49.650000 PM
6238.0,HR/Normal user tries to update the answer,03-OCT-24 02.06.25.339000 PM
5686.0,HR/Normal user tries to update the answer,03-OCT-24 02.50.25.028000 PM
13000214.0,Normal user assign new grade for the child while creating a request,10-OCT-24 05.57.37.203000 PM
5840.0,HR/Normal user tries to update the answer,03-OCT-24 02.19.04.609000 PM
7611.0,Normal user assign new grade for the child while creating a request,04-OCT-24 01.50.30.917000 PM
5740.0,Normal user tries to create new Provvidenza request for a child,03-OCT-24 02.06.21.970000 PM
7146.0,HR/Normal user tries to update the answer,03-OCT-24 02.45.52.851000 PM
7040.0,HR/Normal user tries to update the answer,03-OCT-24 02.06.32.073000 PM
6631.0,Normal user assign new grade for the child while creating a request,03-OCT-24 02.53.54.537000 PM
6709.0,Normal user tries to create new Provvidenza request for a child,03-OCT-24 02.00.16.377000 PM
7212.0,Normal user enters the Provvidenza Figli page,10-OCT-24 12.44.23.910000 PM
6725.0,Verifica possibilità di accesso a fondo pensione per Scelta Welfare,16-OCT-24 11.48.07.567000 AM
6712.0,Normal user enters the Provvidenza Figli page,03-OCT-24 02.20.43.443000 PM
11399.0,Normal user enters the Provvidenza Figli page,03-OCT-24 02.22.53.901000 PM
5409.0,HR/Normal user tries to update the answer,03-OCT-24 01.58.55.009000 PM
7262.0,HR/Normal user tries to update the answer,04-OCT-24 02.42.43.700000 PM
8330.0,HR/Normal user tries to update the answer,03-OCT-24 02.21.10.638000 PM
5369.0,HR/Normal user tries to update the answer,03-OCT-24 01.58.33.508000 PM
7304.0,HR/Normal user tries to update the answer,03-OCT-24 02.52.28.875000 PM
6167.0,HR/Normal user tries to update the answer,03-OCT-24 02.52.55.400000 PM
5409.0,Recupero dettagliutente per Scelta Welfare,03-OCT-24 02.00.18.587000 PM
6016.0,Normal user enters the Provvidenza Figli page,03-OCT-24 02.00.19.142000 PM
7615.0,Normal user tries to create new Provvidenza request for a child,03-OCT-24 02.43.14.411000 PM
5600.0,HR/Normal user tries to update the answer,03-OCT-24 02.38.36.397000 PM
8226.0,Normal user enters the Provvidenza Figli page,07-OCT-24 09.00.12.515000 AM
5764.0,Normal user tries to create new Provvidenza request for a child,03-OCT-24 01.57.31.324000 PM
5840.0,Normal user tries to create new Provvidenza request for a child,03-OCT-24 02.14.15.963000 PM
13002833.0,HR/Normal user tries to update the answer,03-OCT-24 02.53.08.761000 PM
6617.0,Normal user assign new grade for the child while creating a request,03-OCT-24 02.36.18.519000 PM
6527.0,Normal user enters the Provvidenza Figli page,03-OCT-24 02.11.11.224000 PM
7040.0,HR/Normal user tries to update the answer,03-OCT-24 02.05.03.874000 PM
13002935.0,Normal user enters the Provvidenza Figli page,03-OCT-24 02.38.54.440000 PM
9403.0,Normal / HR user updates the answer,03-OCT-24 01.39.20.913000 PM
8228.0,Normal user tries to create new Provvidenza request for a child,03-OCT-24 02.39.03.602000 PM
5686.0,HR/Normal user tries to update the answer,03-OCT-24 02.50.04.863000 PM
5429.0,Normal user enters the Provvidenza Figli page,03-OCT-24 02.22.54.989000 PM
6794.0,HR/Normal user tries to update the answer,03-OCT-24 01.47.35.996000 PM
6794.0,HR/Normal user tries to update the answer,03-OCT-24 01.47.21.989000 PM
7662.0,Normal user enters the Provvidenza Figli page,03-OCT-24 02.01.42.177000 PM
6469.0,Normal user enters the Provvidenza Figli page,03-OCT-24 02.47.44.996000 PM
6386.0,Normal user tries to create new Provvidenza request for a child,03-OCT-24 02.52.28.727000 PM
5361.0,Normal user enters the Provvidenza Figli page,09-OCT-24 01.07.20.183000 PM
9117.0,Recupero dettagli utente per invio adesione Fondo Nazionale,09-OCT-24 12.36.32.369000 PM
8330.0,HR/Normal user tries to update the answer,03-OCT-24 02.25.29.243000 PM
6154.0,Normal user assign new grade for the child while creating a request,03-OCT-24 02.34.22.674000 PM
8077.0,HR/Normal user tries to update the answer,07-OCT-24 09.08.42.739000 AM
6246.0,HR/Normal user tries to update the answer,03-OCT-24 01.53.48.215000 PM
6854.0,Normal user assign new grade for the child while creating a request,03-OCT-24 02.15.04.856000 PM
6926.0,HR/Normal user tries to update the answer,03-OCT-24 01.49.51.773000 PM
6582.0,HR/Normal user tries to update the answer,03-OCT-24 02.04.37.577000 PM
5290.0,HR/Normal user tries to update the answer,03-OCT-24 02.53.42.315000 PM
13002833.0,HR/Normal user tries to update the answer,03-OCT-24 02.53.53.641000 PM
6881.0,HR/Normal user tries to update the answer,03-OCT-24 01.56.13.423000 PM
7052.0,Normal user assign new grade for the child while creating a request,03-OCT-24 02.48.42.532000 PM
6553.0,HR/Normal user tries to update the answer,03-OCT-24 02.37.04.144000 PM
6980.0,HR/Normal user tries to update the answer,03-OCT-24 01.38.16.785000 PM
,Dettaglio elenco Cedolini e CU disponibili al download,10-OCT-24 10.37.10.579000 AM
6243.0,HR/Normal user tries to update the answer,03-OCT-24 02.11.18.028000 PM
7662.0,Normal user tries to create new Provvidenza request for a child,03-OCT-24 02.00.41.722000 PM
9543.0,HR/Normal user tries to update the answer,03-OCT-24 01.40.35.983000 PM
7436.0,Normal user assign new grade for the child while creating a request,03-OCT-24 02.15.39.284000 PM
5570.0,Normal user assign new grade for the child while creating a request,14-OCT-24 03.47.30.324000 PM
7123.0,HR/Normal user tries to update the answer,03-OCT-24 01.54.30.407000 PM
9403.0,Normal user enters the Provvidenza Figli page,03-OCT-24 01.43.57.828000 PM
7099.0,HR/Normal user tries to update the answer,03-OCT-24 01.56.40.397000 PM
7436.0,Normal user tries to create new Provvidenza request for a child,03-OCT-24 02.15.39.164000 PM
13000695.0,Normal user enters the Provvidenza Figli page,03-OCT-24 02.36.42.763000 PM
9223.0,Normal user tries to create new Provvidenza request for a child,03-OCT-24 02.05.57.910000 PM
7828.0,HR/Normal user tries to update the answer,03-OCT-24 02.21.33.079000 PM
5361.0,HR/Normal user tries to update the answer,09-OCT-24 01.07.13.078000 PM
5978.0,Normal user tries to create new Provvidenza request for a child,03-OCT-24 02.08.27.972000 PM
8287.0,HR/Normal user tries to update the answer,03-OCT-24 02.33.41.319000 PM
17648.0,Normal user enters the Provvidenza Figli page,03-OCT-24 02.05.08.184000 PM
8330.0,Normal / HR user updates the answer,03-OCT-24 02.21.23.279000 PM
7304.0,HR/Normal user tries to update the answer,03-OCT-24 02.52.19.707000 PM
6827.0,Dettaglio elenco Cedolini e CU disponibili al download,03-OCT-24 02.07.06.914000 PM
9223.0,HR/Normal user tries to update the answer,03-OCT-24 02.04.59.443000 PM
7828.0,HR/Normal user tries to update the answer,03-OCT-24 02.21.21.748000 PM
7146.0,Normal user enters the Provvidenza Figli page,03-OCT-24 02.46.17.662000 PM
6386.0,Normal user assign new grade for the child while creating a request,03-OCT-24 02.52.28.895000 PM
6469.0,Normal user enters the Provvidenza Figli page,03-OCT-24 02.46.38.405000 PM
5185.0,Normal user tries to create new Provvidenza request for a child,03-OCT-24 02.19.41.991000 PM
6150.0,Normal user assign new grade for the child while creating a request,03-OCT-24 02.21.14.580000 PM
7819.0,Normal user tries to create new Provvidenza request for a child,03-OCT-24 01.47.25.211000 PM
6469.0,HR/Normal user tries to update the answer,03-OCT-24 02.47.24.438000 PM
13000881.0,HR/Normal user tries to update the answer,04-OCT-24 01.53.37.223000 PM
6340.0,Normal user assign new grade for the child while creating a request,03-OCT-24 02.53.51.846000 PM
6190.0,Dettaglio elenco Cedolini e CU disponibili al download,28-OCT-24 02.54.43.920000 PM
8287.0,HR/Normal user tries to update the answer,03-OCT-24 02.33.23.300000 PM
6080.0,Normal user assign new grade for the child while creating a request,03-OCT-24 02.32.08.170000 PM
6553.0,HR/Normal user tries to update the answer,03-OCT-24 02.37.56.514000 PM
6807.0,Normal user assign new grade for the child while creating a request,03-OCT-24 02.49.28.251000 PM
7287.0,Normal / HR user updates the answer,03-OCT-24 02.48.23.233000 PM
13002733.0,HR/Normal user tries to update the answer,03-OCT-24 02.31.32.028000 PM
7193.0,HR/Normal user tries to update the answer,03-OCT-24 02.36.32.738000 PM
6631.0,Normal user assign new grade for the child while creating a request,03-OCT-24 02.53.23.536000 PM
,Download PDF dalla sezione Cedolini,10-OCT-24 05.38.29.218000 PM
13002733.0,Normal user tries to create new Provvidenza request for a child,03-OCT-24 02.31.11.625000 PM
13002733.0,Normal / HR user updates the answer,03-OCT-24 02.31.45.586000 PM
,Dettaglio elenco Cedolini e CU disponibili al download,28-OCT-24 03.33.48.463000 PM
13002928.0,Verifica possibilità di accesso a fondo pensione per Scelta Welfare,04-OCT-24 08.46.37.743000 AM
5294.0,HR/Normal user tries to update the answer,03-OCT-24 02.34.21.064000 PM
8028.0,HR/Normal user tries to update the answer,03-OCT-24 02.31.46.297000 PM
6854.0,HR/Normal user tries to update the answer,03-OCT-24 02.15.27.111000 PM
5639.0,HR/Normal user tries to update the answer,03-OCT-24 02.13.51.557000 PM
13000322.0,Normal user enters the Provvidenza Figli page,03-OCT-24 01.42.25.737000 PM
5753.0,Normal user enters the Provvidenza Figli page,03-OCT-24 02.11.22.558000 PM
16385.0,HR/Normal user tries to update the answer,03-OCT-24 02.41.11.211000 PM
8372.0,Normal user enters the Provvidenza Figli page,03-OCT-24 02.42.56.384000 PM
7136.0,Normal user assign new grade for the child while creating a request,03-OCT-24 02.51.02.016000 PM
7212.0,Dettaglio elenco Cedolini e CU disponibili al download,10-OCT-24 12.24.45.082000 PM
6654.0,Normal user enters the Provvidenza Figli page,04-OCT-24 08.58.06.968000 AM
8277.0,HR/Normal user tries to update the answer,03-OCT-24 02.38.51.032000 PM
6583.0,HR/Normal user tries to update the answer,03-OCT-24 02.39.39.182000 PM
5429.0,HR/Normal user tries to update the answer,03-OCT-24 02.24.08.653000 PM
6866.0,HR/Normal user tries to update the answer,21-OCT-24 04.21.47.146000 PM
6952.0,Normal user assign new grade for the child while creating a request,03-OCT-24 02.04.24.285000 PM
6135.0,HR/Normal user tries to update the answer,03-OCT-24 02.34.35.538000 PM
6866.0,Normal user enters the Provvidenza Figli page,21-OCT-24 04.22.05.712000 PM
8277.0,Normal user update grade for a child,03-OCT-24 02.40.07.936000 PM
5864.0,Normal user enters the Provvidenza Figli page,10-OCT-24 06.25.51.051000 PM
13001231.0,HR/Normal user tries to update the answer,03-OCT-24 01.39.28.128000 PM
7989.0,HR/Normal user tries to update the answer,03-OCT-24 02.28.49.368000 PM
9077.0,Normal user assign new grade for the child while creating a request,04-OCT-24 08.55.52.462000 AM
18260.0,HR/Normal user tries to update the answer,04-OCT-24 05.50.45.137000 PM
18260.0,HR/Normal user tries to update the answer,04-OCT-24 05.50.40.617000 PM
13002928.0,Recupero dettagli utente per Scelta orario di lavoro,04-OCT-24 09.05.39.715000 AM
5994.0,HR/Normal user tries to update the answer,03-OCT-24 01.41.50.594000 PM
5286.0,Dettaglio elenco Cedolini e CU disponibili al download,28-OCT-24 03.10.06.880000 PM
6866.0,HR/Normal user tries to update the answer,21-OCT-24 04.21.42.119000 PM
6131.0,Normal user enters the Provvidenza Figli page,03-OCT-24 01.43.17.504000 PM
7068.0,HR/Normal user tries to update the answer,04-OCT-24 08.55.15.857000 AM
5853.0,HR/Normal user tries to update the answer,04-OCT-24 09.08.20.512000 AM
13002733.0,Normal user assign new grade for the child while creating a request,03-OCT-24 02.31.11.750000 PM
7267.0,HR/Normal user tries to update the answer,04-OCT-24 09.01.09.397000 AM
13002978.0,HR/Normal user tries to update the answer,28-OCT-24 03.22.42.902000 PM
7427.0,Normal user assign new grade for the child while creating a request,04-OCT-24 02.35.53.798000 PM
15452.0,HR/Normal user tries to update the answer,04-OCT-24 09.01.03.512000 AM
13002609.0,Recupero dettagliutente per Scelta Welfare,09-OCT-24 12.43.33.631000 PM
5240.0,Normal user enters the Provvidenza Figli page,04-OCT-24 08.53.19.047000 AM
7600.0,Normal user enters the Provvidenza Figli page,03-OCT-24 01.47.56.551000 PM
17731.0,Normal user assign new grade for the child while creating a request,14-OCT-24 03.50.01.046000 PM
6180.0,HR/Normal user tries to update the answer,04-OCT-24 08.57.08.754000 AM
7430.0,Normal user enters the Provvidenza Figli page,03-OCT-24 02.44.49.627000 PM
13000565.0,Normal / HR user updates the answer,04-OCT-24 09.35.11.353000 AM
9223.0,Download PDF dalla sezione Cedolini,03-OCT-24 02.09.04.491000 PM
5332.0,HR/Normal user tries to update the answer,03-OCT-24 02.32.15.046000 PM
19217.0,HR/Normal user tries to update the answer,03-OCT-24 02.28.49.625000 PM
7224.0,Normal user enters the Provvidenza Figli page,03-OCT-24 02.44.03.651000 PM
7096.0,Verifica possibilità di accesso a fondo pensione per Scelta Welfare,10-OCT-24 11.03.06.302000 AM
7984.0,Normal user tries to create new Provvidenza request for a child,04-OCT-24 09.01.47.630000 AM
6815.0,HR/Normal user tries to update the answer,03-OCT-24 02.27.11.190000 PM
14431.0,HR/Normal user tries to update the answer,04-OCT-24 09.18.34.013000 AM
6150.0,Normal user tries to create new Provvidenza request for a child,03-OCT-24 02.21.44.420000 PM
9497.0,Normal user tries to create new Provvidenza request for a child,03-OCT-24 02.11.51.109000 PM
7720.0,HR/Normal user tries to update the answer,04-OCT-24 09.12.55.526000 AM
6113.0,HR/Normal user tries to update the answer,03-OCT-24 02.25.28.143000 PM
9093.0,Normal user enters the Provvidenza Figli page,04-OCT-24 09.34.23.449000 AM
6595.0,Normal user enters the Provvidenza Figli page,04-OCT-24 09.14.22.095000 AM
6680.0,HR/Normal user tries to update the answer,04-OCT-24 09.50.38.233000 AM
6359.0,HR/Normal user tries to update the answer,04-OCT-24 09.25.53.781000 AM
5708.0,Normal user enters the Provvidenza Figli page,03-OCT-24 02.51.41.000000 PM
5768.0,Normal user tries to create new Provvidenza request for a child,04-OCT-24 10.02.32.402000 AM
15452.0,HR/Normal user tries to update the answer,04-OCT-24 09.00.12.843000 AM
5768.0,HR/Normal user tries to update the answer,04-OCT-24 10.00.40.408000 AM
7926.0,Normal user assign new grade for the child while creating a request,03-OCT-24 02.35.54.324000 PM
,Dettaglio elenco Cedolini e CU disponibili al download,03-OCT-24 02.11.42.231000 PM
,Dettaglio elenco Cedolini e CU disponibili al download,31-OCT-24 02.54.14.827000 PM
,Dettaglio elenco Cedolini e CU disponibili al download,09-OCT-24 03.19.37.095000 PM
7267.0,Normal user tries to create new Provvidenza request for a child,04-OCT-24 09.00.23.831000 AM
10678.0,Normal user enters the Provvidenza Figli page,03-OCT-24 02.45.10.929000 PM
8314.0,Normal user tries to create new Provvidenza request for a child,04-OCT-24 09.21.44.615000 AM
5725.0,Normal user tries to create new Provvidenza request for a child,03-OCT-24 02.02.07.443000 PM
9097.0,Normal user enters the Provvidenza Figli page,03-OCT-24 01.58.22.197000 PM
5361.0,HR/Normal user tries to update the answer,09-OCT-24 01.07.29.789000 PM
7068.0,Download PDF dalla sezione Cedolini,04-OCT-24 08.59.45.647000 AM
5672.0,HR/Normal user tries to update the answer,03-OCT-24 02.36.16.574000 PM
6818.0,Dettaglio elenco Cedolini e CU disponibili al download,03-OCT-24 02.25.12.096000 PM
6910.0,HR/Normal user tries to update the answer,09-OCT-24 12.38.35.597000 PM
7067.0,HR/Normal user tries to update the answer,04-OCT-24 08.57.14.364000 AM
7067.0,HR/Normal user tries to update the answer,04-OCT-24 08.57.06.499000 AM
5869.0,HR/Normal user tries to update the answer,03-OCT-24 02.32.17.597000 PM
,Dettaglio elenco Cedolini e CU disponibili al download,03-OCT-24 02.27.22.870000 PM
7430.0,HR/Normal user tries to update the answer,03-OCT-24 02.45.22.618000 PM
7615.0,Normal user enters the Provvidenza Figli page,03-OCT-24 02.43.07.583000 PM
6906.0,Normal user assign new grade for the child while creating a request,04-OCT-24 08.49.34.396000 AM
,Download PDF dalla sezione Cedolini,09-OCT-24 12.48.32.956000 PM
6528.0,Normal user enters the Provvidenza Figli page,03-OCT-24 02.27.13.705000 PM
5589.0,HR/Normal user tries to update the answer,03-OCT-24 02.28.23.493000 PM
5240.0,HR/Normal user tries to update the answer,04-OCT-24 08.55.28.483000 AM
6378.0,HR/Normal user tries to update the answer,03-OCT-24 02.43.53.905000 PM
,Download PDF dalla sezione Cedolini,04-OCT-24 09.04.28.237000 AM
13002978.0,Normal user enters the Provvidenza Figli page,28-OCT-24 03.22.54.606000 PM
,Download PDF dalla sezione Cedolini,28-OCT-24 03.46.46.362000 PM
,Download PDF dalla sezione Cedolini,31-OCT-24 02.31.59.889000 PM
7063.0,Normal user assign new grade for the child while creating a request,04-OCT-24 09.04.56.035000 AM
7607.0,HR/Normal user tries to update the answer,04-OCT-24 09.52.07.947000 AM
5488.0,HR/Normal user tries to update the answer,04-OCT-24 08.54.07.479000 AM
13002973.0,Recupero dettagli utente per Scelta orario di lavoro,18-OCT-24 04.32.25.031000 PM
7059.0,Normal user enters the Provvidenza Figli page,04-OCT-24 09.16.38.214000 AM
8260.0,HR/Normal user tries to update the answer,04-OCT-24 09.18.34.115000 AM
,Dettaglio elenco Cedolini e CU disponibili al download,09-OCT-24 04.25.31.363000 PM
7265.0,HR/Normal user tries to update the answer,04-OCT-24 09.24.37.002000 AM
6095.0,Normal user assign new grade for the child while creating a request,04-OCT-24 09.38.02.102000 AM
7068.0,Download PDF dalla sezione Cedolini,04-OCT-24 08.58.14.745000 AM
15452.0,Normal user assign new grade for the child while creating a request,04-OCT-24 08.59.14.174000 AM
7528.0,Dettaglio elenco Cedolini e CU disponibili al download,28-OCT-24 03.04.13.072000 PM
,Dettaglio elenco Cedolini e CU disponibili al download,14-OCT-24 04.24.57.193000 PM
,Dettaglio elenco Cedolini e CU disponibili al download,28-OCT-24 01.00.34.356000 PM
18618.0,Recupero dettagliutente per Scelta Welfare,28-OCT-24 01.31.28.506000 PM
,Dettaglio elenco Cedolini e CU disponibili al download,21-OCT-24 04.20.56.105000 PM
13002926.0,Recupero dettagli utente per Scelta orario di lavoro,04-OCT-24 08.47.34.721000 AM
,Dettaglio elenco Cedolini e CU disponibili al download,28-OCT-24 12.57.41.235000 PM
6089.0,HR/Normal user tries to update the answer,04-OCT-24 08.48.16.255000 AM
5445.0,HR/Normal user tries to update the answer,09-OCT-24 03.23.56.485000 PM
5601.0,HR/Normal user tries to update the answer,03-OCT-24 05.20.31.718000 PM
,Dettaglio elenco Cedolini e CU disponibili al download,24-OCT-24 09.18.57.765000 AM
16940.0,HR/Normal user tries to update the answer,04-OCT-24 04.53.28.053000 PM
7506.0,HR/Normal user tries to update the answer,06-OCT-24 08.11.59.457000 PM
,Download PDF dalla sezione Cedolini,24-OCT-24 06.04.53.273000 PM
,Download PDF dalla sezione Cedolini,24-OCT-24 09.32.53.986000 AM
,Dettaglio elenco Cedolini e CU disponibili al download,28-OCT-24 01.52.31.811000 PM
,Dettaglio elenco Cedolini e CU disponibili al download,07-OCT-24 10.23.00.729000 AM
7941.0,Normal user tries to create new Provvidenza request for a child,04-OCT-24 05.01.37.135000 PM
,Download PDF dalla sezione Cedolini,29-OCT-24 04.42.30.318000 PM
9093.0,HR/Normal user tries to update the answer,04-OCT-24 09.34.31.720000 AM
6089.0,HR/Normal user tries to update the answer,04-OCT-24 08.48.19.186000 AM
6422.0,Normal user enters the Provvidenza Figli page,09-OCT-24 04.24.15.260000 PM
9659.0,Recupero dettagliutente per Scelta Welfare,29-OCT-24 05.09.33.099000 PM
,Dettaglio elenco Cedolini e CU disponibili al download,24-OCT-24 09.37.07.074000 AM
,Dettaglio elenco Cedolini e CU disponibili al download,07-OCT-24 11.11.17.610000 AM
,Download PDF dalla sezione Cedolini,24-OCT-24 05.46.42.620000 PM
,Download PDF dalla sezione Cedolini,24-OCT-24 09.14.09.286000 AM
6058.0,Normal user enters the Provvidenza Figli page,06-OCT-24 06.54.31.729000 PM
6058.0,HR/Normal user tries to update the answer,07-OCT-24 10.19.44.611000 AM
6422.0,HR/Normal user tries to update the answer,09-OCT-24 04.24.32.314000 PM
6396.0,HR/Normal user tries to update the answer,08-OCT-24 08.58.41.836000 AM
,Dettaglio elenco Cedolini e CU disponibili al download,14-OCT-24 02.46.46.628000 PM
7114.0,Verifica possibilità di accesso a fondo pensione per Scelta Welfare,29-OCT-24 05.12.44.592000 PM
,Dettaglio elenco Cedolini e CU disponibili al download,24-OCT-24 10.04.06.302000 AM
16321.0,Normal user enters the Provvidenza Figli page,07-OCT-24 10.46.33.294000 AM
5831.0,Normal user enters the Provvidenza Figli page,06-OCT-24 07.57.32.085000 PM
,Dettaglio elenco Cedolini e CU disponibili al download,03-OCT-24 11.37.51.093000 AM
7072.0,Download PDF dalla sezione Cedolini,29-OCT-24 04.44.51.182000 PM
,Download PDF dalla sezione Cedolini,14-OCT-24 08.39.04.279000 PM
13002268.0,Recupero dettagli utente per Scelta orario di lavoro,14-OCT-24 08.38.35.252000 PM
5690.0,Normal user tries to create new Provvidenza request for a child,08-OCT-24 12.41.25.447000 PM
,Dettaglio elenco Cedolini e CU disponibili al download,24-OCT-24 06.24.38.640000 PM
5095.0,Recupero dettagliutente per Scelta Welfare,01-OCT-24 02.49.46.416000 PM
15649.0,Normal user tries to create new Provvidenza request for a child,24-OCT-24 09.58.15.716000 AM
8438.0,HR/Normal user tries to update the answer,05-OCT-24 07.33.56.229000 PM
13002985.0,Verifica possibilità di accesso a fondo pensione per Scelta Welfare,23-OCT-24 10.02.24.814000 AM
,Dettaglio elenco Cedolini e CU disponibili al download,24-OCT-24 10.58.32.411000 AM
8245.0,HR/Normal user tries to update the answer,07-OCT-24 10.46.19.297000 AM
7843.0,HR/Normal user tries to update the answer,07-OCT-24 10.46.22.446000 AM
5849.0,Normal user enters the Provvidenza Figli page,10-OCT-24 04.02.55.787000 PM
,Download PDF dalla sezione Cedolini,28-OCT-24 12.32.24.719000 PM
13002723.0,Recupero dettagliutente per Scelta Welfare,10-OCT-24 01.58.45.430000 PM
,Dettaglio elenco Cedolini e CU disponibili al download,28-OCT-24 07.26.34.522000 PM
5878.0,HR/Normal user tries to update the answer,17-OCT-24 10.24.34.137000 AM
,Dettaglio elenco Cedolini e CU disponibili al download,08-OCT-24 12.47.51.258000 PM
5690.0,Normal user tries to create new Provvidenza request for a child,08-OCT-24 12.39.30.502000 PM
7674.0,Verifica possibilità di accesso a fondo pensione per Scelta Welfare,28-OCT-24 04.28.20.423000 PM
5827.0,HR/Normal user tries to update the answer,10-OCT-24 01.12.56.604000 PM
5827.0,Normal user assign new grade for the child while creating a request,10-OCT-24 01.12.47.448000 PM
,Dettaglio elenco Cedolini e CU disponibili al download,17-OCT-24 02.23.39.264000 PM
16786.0,Dettaglio elenco Cedolini e CU disponibili al download,17-OCT-24 09.59.23.604000 AM
,Dettaglio elenco Cedolini e CU disponibili al download,17-OCT-24 10.26.59.579000 AM
,Dettaglio elenco Cedolini e CU disponibili al download,24-OCT-24 11.05.17.233000 AM
13002974.0,Recupero dettagli utente per Scelta orario di lavoro,17-OCT-24 02.32.42.305000 PM
5849.0,Verifica possibilità di accesso a fondo pensione per Scelta Welfare,30-OCT-24 04.16.24.087000 PM
6355.0,HR/Normal user tries to update the answer,10-OCT-24 03.56.19.363000 PM
,Dettaglio elenco Cedolini e CU disponibili al download,30-OCT-24 04.49.19.824000 PM
,Dettaglio elenco Cedolini e CU disponibili al download,17-OCT-24 02.53.00.881000 PM
,Download PDF dalla sezione Cedolini,30-OCT-24 05.17.51.492000 PM
,Dettaglio elenco Cedolini e CU disponibili al download,28-OCT-24 04.09.49.831000 PM
,Dettaglio elenco Cedolini e CU disponibili al download,18-OCT-24 10.27.49.694000 AM
,Download PDF dalla sezione Cedolini,18-OCT-24 10.28.21.285000 AM
5878.0,HR/Normal user tries to update the answer,17-OCT-24 10.24.58.637000 AM
15798.0,Download PDF dalla sezione Cedolini,28-OCT-24 04.33.20.994000 PM
5955.0,Normal user enters the Provvidenza Figli page,30-OCT-24 04.45.48.223000 PM
,Download PDF dalla sezione Cedolini,30-OCT-24 04.23.42.043000 PM
5878.0,HR/Normal user tries to update the answer,17-OCT-24 10.24.14.865000 AM
8226.0,HR/Normal user tries to update the answer,07-OCT-24 09.02.08.090000 AM
,Download PDF dalla sezione Cedolini,18-OCT-24 10.59.23.791000 AM
13002974.0,Recupero dettagli utente per Scelta orario di lavoro,17-OCT-24 10.42.26.931000 AM
,Download PDF dalla sezione Cedolini,17-OCT-24 09.48.11.781000 AM
16714.0,Verifica possibilità di accesso a fondo pensione per Scelta Welfare,29-OCT-24 06.00.20.193000 PM
8166.0,Normal user enters the Provvidenza Figli page,07-OCT-24 08.15.13.080000 AM
6199.0,Normal user enters the Provvidenza Figli page,16-OCT-24 06.54.15.206000 PM
7832.0,HR/Normal user tries to update the answer,03-OCT-24 06.18.30.604000 PM
6905.0,Normal user enters the Provvidenza Figli page,07-OCT-24 08.51.30.862000 AM
5780.0,Normal user enters the Provvidenza Figli page,07-OCT-24 08.19.08.618000 AM
7628.0,Normal / HR user updates the answer,07-OCT-24 09.05.54.937000 AM
6905.0,Normal user assign new grade for the child while creating a request,07-OCT-24 08.52.18.756000 AM
8708.0,Verifica possibilità di accesso a fondo pensione per Scelta Welfare,29-OCT-24 10.45.30.609000 AM
8220.0,Recupero dettagliutente per Scelta Welfare,28-OCT-24 03.21.59.004000 PM
,Dettaglio elenco Cedolini e CU disponibili al download,29-OCT-24 10.42.19.115000 AM
13002224.0,Verifica possibilità di accesso a fondo pensione per Scelta Welfare,07-OCT-24 11.49.25.561000 AM
5827.0,HR/Normal user tries to update the answer,10-OCT-24 01.13.00.835000 PM
6130.0,Dettaglio elenco Cedolini e CU disponibili al download,08-OCT-24 11.42.12.484000 AM
8166.0,HR/Normal user tries to update the answer,07-OCT-24 08.14.26.398000 AM
5590.0,Normal user assign new grade for the child while creating a request,07-OCT-24 08.28.24.862000 AM
7628.0,Normal user enters the Provvidenza Figli page,07-OCT-24 09.05.18.667000 AM
7653.0,Verifica possibilità di accesso a fondo pensione per Scelta Welfare,28-OCT-24 03.31.15.050000 PM
5555.0,Normal user assign new grade for the child while creating a request,07-OCT-24 12.27.05.041000 PM
19201.0,HR/Normal user tries to update the answer,07-OCT-24 12.23.19.405000 PM
6771.0,Normal user enters the Provvidenza Figli page,07-OCT-24 12.41.55.420000 PM
13001303.0,Normal user assign new grade for the child while creating a request,08-OCT-24 11.20.05.737000 AM
,Dettaglio elenco Cedolini e CU disponibili al download,08-OCT-24 11.21.58.933000 AM
6771.0,Normal user assign new grade for the child while creating a request,07-OCT-24 12.41.58.729000 PM
6374.0,HR/Normal user tries to update the answer,08-OCT-24 11.35.13.404000 AM
6130.0,Dettaglio elenco Cedolini e CU disponibili al download,08-OCT-24 11.42.16.927000 AM
,Dettaglio elenco Cedolini e CU disponibili al download,29-OCT-24 09.49.29.502000 AM
7810.0,Normal user enters the Provvidenza Figli page,04-OCT-24 01.02.44.297000 PM
13002832.0,Recupero dettagliutente per Scelta Welfare,04-OCT-24 01.05.14.454000 PM
6146.0,Normal user enters the Provvidenza Figli page,05-OCT-24 05.28.04.670000 PM
5577.0,HR/Normal user tries to update the answer,04-OCT-24 12.57.38.417000 PM
,Download PDF dalla sezione Cedolini,29-OCT-24 12.58.07.834000 PM
7012.0,HR/Normal user tries to update the answer,04-OCT-24 01.27.40.063000 PM
16671.0,Dettaglio elenco Cedolini e CU disponibili al download,25-OCT-24 04.46.32.374000 PM
6251.0,Recupero dettagliutente per Scelta Welfare,28-OCT-24 03.23.12.236000 PM
,Download PDF dalla sezione Cedolini,25-OCT-24 04.43.09.408000 PM
13002935.0,HR/Normal user tries to update the answer,04-OCT-24 01.54.39.880000 PM
19201.0,HR/Normal user tries to update the answer,07-OCT-24 12.23.01.894000 PM
7012.0,HR/Normal user tries to update the answer,04-OCT-24 01.26.43.299000 PM
,Dettaglio elenco Cedolini e CU disponibili al download,29-OCT-24 09.00.36.684000 AM
5792.0,HR/Normal user tries to update the answer,07-OCT-24 12.47.32.479000 PM
,Dettaglio elenco Cedolini e CU disponibili al download,07-OCT-24 12.35.01.076000 PM
,Download PDF dalla sezione Cedolini,25-OCT-24 09.49.42.688000 AM
,Download PDF dalla sezione Cedolini,25-OCT-24 09.59.06.526000 AM
,Download PDF dalla sezione Cedolini,25-OCT-24 10.29.15.156000 AM
5757.0,Normal user enters the Provvidenza Figli page,07-OCT-24 12.54.28.583000 PM
,Download PDF dalla sezione Cedolini,25-OCT-24 05.02.57.370000 PM
,Dettaglio elenco Cedolini e CU disponibili al download,02-OCT-24 09.31.02.837000 AM
7605.0,Normal user assign new grade for the child while creating a request,04-OCT-24 01.42.29.727000 PM
,Dettaglio elenco Cedolini e CU disponibili al download,07-OCT-24 12.25.07.668000 PM
7377.0,HR tried to update grade,05-OCT-24 04.13.27.629000 PM
6771.0,HR/Normal user tries to update the answer,07-OCT-24 12.42.10.540000 PM
6352.0,Normal user enters the Provvidenza Figli page,04-OCT-24 01.14.10.891000 PM
,Dettaglio elenco Cedolini e CU disponibili al download,25-OCT-24 10.19.44.765000 AM
5945.0,Normal user enters the Provvidenza Figli page,07-OCT-24 12.50.43.260000 PM
7312.0,Download PDF dalla sezione Cedolini,25-OCT-24 05.08.36.802000 PM
5811.0,Normal user enters the Provvidenza Figli page,07-OCT-24 08.44.29.813000 AM
7325.0,HR/Normal user tries to update the answer,04-OCT-24 01.04.17.442000 PM
8088.0,Normal user tries to create new Provvidenza request for a child,25-OCT-24 10.22.29.648000 AM
5781.0,Normal user tries to create new Provvidenza request for a child,04-OCT-24 01.08.30.300000 PM
,Dettaglio elenco Cedolini e CU disponibili al download,29-OCT-24 09.28.45.640000 AM
,Download PDF dalla sezione Cedolini,07-OCT-24 11.35.42.547000 AM
8088.0,Normal user assign new grade for the child while creating a request,25-OCT-24 10.22.29.791000 AM
5792.0,Normal user enters the Provvidenza Figli page,07-OCT-24 12.46.39.023000 PM
7684.0,Normal user assign new grade for the child while creating a request,21-OCT-24 08.58.09.337000 AM
7690.0,Dettaglio elenco Cedolini e CU disponibili al download,29-OCT-24 08.57.53.939000 AM
,Dettaglio elenco Cedolini e CU disponibili al download,25-OCT-24 10.21.02.833000 AM
13001303.0,HR/Normal user tries to update the answer,08-OCT-24 11.19.07.033000 AM
5339.0,Dettaglio elenco Cedolini e CU disponibili al download,29-OCT-24 09.01.00.376000 AM
,Download PDF dalla sezione Cedolini,25-OCT-24 10.04.59.167000 AM
,Download PDF dalla sezione Cedolini,23-OCT-24 10.32.51.369000 AM
6331.0,Normal user tries to create new Provvidenza request for a child,07-OCT-24 12.26.47.214000 PM
,Download PDF dalla sezione Cedolini,23-OCT-24 10.32.28.169000 AM
7605.0,HR/Normal user tries to update the answer,04-OCT-24 01.43.21.189000 PM
,Download PDF dalla sezione Cedolini,25-OCT-24 09.59.32.339000 AM
,Download PDF dalla sezione Cedolini,23-OCT-24 10.33.28.345000 AM
7325.0,Normal / HR user updates the answer,04-OCT-24 01.03.44.008000 PM
,Download PDF dalla sezione Cedolini,25-OCT-24 10.50.00.889000 AM
,Download PDF dalla sezione Cedolini,23-OCT-24 10.36.30.641000 AM
,Download PDF dalla sezione Cedolini,25-OCT-24 11.10.34.206000 AM
13002993.0,Verifica possibilità di accesso a fondo pensione per Scelta Welfare,29-OCT-24 08.59.55.257000 AM
,Download PDF dalla sezione Cedolini,02-OCT-24 09.31.06.702000 AM
,Dettaglio elenco Cedolini e CU disponibili al download,02-OCT-24 10.14.14.462000 AM
,Download PDF dalla sezione Cedolini,25-OCT-24 04.43.07.313000 PM
,Download PDF dalla sezione Cedolini,23-OCT-24 10.33.15.318000 AM
7928.0,Download PDF dalla sezione Cedolini,25-OCT-24 10.18.01.399000 AM
,Dettaglio elenco Cedolini e CU disponibili al download,25-OCT-24 10.13.37.904000 AM
,Download PDF dalla sezione Cedolini,25-OCT-24 01.00.31.535000 PM
,Dettaglio elenco Cedolini e CU disponibili al download,25-OCT-24 01.54.11.958000 PM
,Download PDF dalla sezione Cedolini,25-OCT-24 01.44.12.715000 PM
7843.0,Normal user tries to create new Provvidenza request for a child,07-OCT-24 10.46.53.377000 AM
7843.0,Normal user enters the Provvidenza Figli page,07-OCT-24 10.46.50.856000 AM
5957.0,HR/Normal user tries to update the answer,03-OCT-24 01.37.30.340000 PM
7207.0,Normal user enters the Provvidenza Figli page,03-OCT-24 01.26.29.520000 PM
6806.0,HR/Normal user tries to update the answer,03-OCT-24 01.27.22.780000 PM
6708.0,Normal user enters the Provvidenza Figli page,03-OCT-24 01.29.03.362000 PM
7843.0,Normal user assign new grade for the child while creating a request,07-OCT-24 10.46.05.047000 AM
,Dettaglio elenco Cedolini e CU disponibili al download,02-OCT-24 10.25.12.939000 AM
16321.0,HR/Normal user tries to update the answer,07-OCT-24 10.44.36.839000 AM
,Download PDF dalla sezione Cedolini,25-OCT-24 08.14.52.514000 AM
,Dettaglio elenco Cedolini e CU disponibili al download,07-OCT-24 11.08.30.149000 AM
7216.0,HR/Normal user tries to update the answer,07-OCT-24 11.45.24.325000 AM
13002974.0,Normal user enters the Provvidenza Figli page,17-OCT-24 04.18.43.444000 PM
7792.0,Normal / HR user updates the answer,07-OCT-24 11.53.22.670000 AM
5556.0,Dettaglio elenco Cedolini e CU disponibili al download,07-OCT-24 10.50.04.478000 AM
5459.0,HR/Normal user tries to update the answer,07-OCT-24 11.25.52.576000 AM
5255.0,Normal user assign new grade for the child while creating a request,03-OCT-24 01.24.20.469000 PM
6182.0,Normal user enters the Provvidenza Figli page,03-OCT-24 01.28.24.949000 PM
5604.0,Normal user assign new grade for the child while creating a request,03-OCT-24 01.26.47.618000 PM
6199.0,Normal user enters the Provvidenza Figli page,09-OCT-24 02.35.43.996000 PM
5847.0,HR/Normal user tries to update the answer,03-OCT-24 01.25.21.632000 PM
17324.0,HR/Normal user tries to update the answer,03-OCT-24 02.14.35.386000 PM
13001053.0,HR/Normal user tries to update the answer,03-OCT-24 01.43.22.034000 PM
6206.0,HR/Normal user tries to update the answer,03-OCT-24 01.26.59.824000 PM
5736.0,Normal user tries to create new Provvidenza request for a child,03-OCT-24 02.25.37.282000 PM
6844.0,HR/Normal user tries to update the answer,03-OCT-24 01.31.58.922000 PM
7819.0,HR/Normal user tries to update the answer,03-OCT-24 01.47.42.424000 PM
7047.0,Normal / HR user updates the answer,03-OCT-24 01.28.39.640000 PM
7718.0,Normal user assign new grade for the child while creating a request,03-OCT-24 02.08.48.671000 PM
8866.0,HR/Normal user tries to update the answer,03-OCT-24 02.01.36.104000 PM
,Download PDF dalla sezione Cedolini,25-OCT-24 02.02.40.759000 PM
5369.0,HR/Normal user tries to update the answer,03-OCT-24 01.56.34.743000 PM
9543.0,Normal user enters the Provvidenza Figli page,03-OCT-24 01.38.43.311000 PM
7689.0,HR/Normal user tries to update the answer,03-OCT-24 02.31.42.225000 PM
8438.0,Recupero dettagliutente per Scelta Welfare,05-OCT-24 07.31.35.039000 PM
19442.0,Dettaglio elenco Cedolini e CU disponibili al download,09-OCT-24 02.23.56.713000 PM
6817.0,HR/Normal user tries to update the answer,03-OCT-24 02.04.24.632000 PM
7002.0,HR/Normal user tries to update the answer,03-OCT-24 01.33.06.228000 PM
,Download PDF dalla sezione Cedolini,15-OCT-24 03.52.07.276000 PM
5828.0,HR/Normal user tries to update the answer,07-OCT-24 10.50.29.670000 AM
,Download PDF dalla sezione Cedolini,25-OCT-24 10.50.47.175000 AM
5633.0,Normal user enters the Provvidenza Figli page,04-OCT-24 10.14.44.598000 AM
5869.0,Normal user enters the Provvidenza Figli page,03-OCT-24 02.32.56.751000 PM
8622.0,HR/Normal user tries to update the answer,04-OCT-24 10.18.21.358000 AM
5483.0,HR/Normal user tries to update the answer,04-OCT-24 10.00.33.433000 AM
,Download PDF dalla sezione Cedolini,29-OCT-24 04.43.25.198000 PM
8062.0,HR/Normal user tries to update the answer,04-OCT-24 10.14.39.097000 AM
,Download PDF dalla sezione Cedolini,25-OCT-24 11.20.41.467000 AM
8062.0,HR/Normal user tries to update the answer,04-OCT-24 10.17.44.052000 AM
5746.0,HR/Normal user tries to update the answer,04-OCT-24 10.15.59.853000 AM
5633.0,Normal user assign new grade for the child while creating a request,04-OCT-24 10.13.25.138000 AM
13002479.0,Normal user enters the Provvidenza Figli page,03-OCT-24 02.19.19.837000 PM
5241.0,Normal user enters the Provvidenza Figli page,04-OCT-24 10.42.31.050000 AM
6104.0,Recupero dettagli utente per invio adesione Fondo Nazionale,29-OCT-24 04.35.28.715000 PM
,Dettaglio elenco Cedolini e CU disponibili al download,25-OCT-24 11.33.00.860000 AM
5238.0,Normal user assign new grade for the child while creating a request,04-OCT-24 10.10.18.127000 AM
,Dettaglio elenco Cedolini e CU disponibili al download,23-OCT-24 09.11.25.600000 AM
8438.0,Normal user tries to create new Provvidenza request for a child,05-OCT-24 07.33.13.473000 PM
13002928.0,Recupero dettagliutente per Scelta Welfare,04-OCT-24 10.22.36.776000 AM
7175.0,HR/Normal user tries to update the answer,04-OCT-24 11.16.41.947000 AM
5139.0,Normal user enters the Provvidenza Figli page,04-OCT-24 11.11.06.240000 AM
7468.0,HR/Normal user tries to update the answer,04-OCT-24 10.29.52.009000 AM
7175.0,HR/Normal user tries to update the answer,04-OCT-24 11.16.48.770000 AM
18134.0,Normal user enters the Provvidenza Figli page,08-OCT-24 03.35.46.059000 PM
11399.0,HR/Normal user tries to update the answer,03-OCT-24 02.20.55.050000 PM
6076.0,HR/Normal user tries to update the answer,04-OCT-24 10.02.46.413000 AM
5906.0,HR/Normal user tries to update the answer,04-OCT-24 10.25.38.477000 AM
5354.0,HR/Normal user tries to update the answer,04-OCT-24 11.01.30.183000 AM
7515.0,Normal user enters the Provvidenza Figli page,04-OCT-24 10.28.12.193000 AM
,Dettaglio elenco Cedolini e CU disponibili al download,04-OCT-24 10.54.20.194000 AM
7234.0,HR/Normal user tries to update the answer,04-OCT-24 10.32.21.631000 AM
7468.0,Normal user tries to create new Provvidenza request for a child,04-OCT-24 10.29.46.681000 AM
7662.0,Normal user assign new grade for the child while creating a request,03-OCT-24 02.00.41.899000 PM
5906.0,HR/Normal user tries to update the answer,04-OCT-24 10.26.51.894000 AM
6076.0,Normal user enters the Provvidenza Figli page,04-OCT-24 10.01.45.956000 AM
7175.0,Normal user assign new grade for the child while creating a request,04-OCT-24 11.15.26.032000 AM
6531.0,HR/Normal user tries to update the answer,03-OCT-24 02.33.28.242000 PM
,Download PDF dalla sezione Cedolini,01-OCT-24 09.44.52.617000 AM
18134.0,Normal / HR user updates the answer,08-OCT-24 03.33.16.721000 PM
7492.0,HR/Normal user tries to update the answer,08-OCT-24 11.04.17.317000 AM
11253.0,Normal user update grade for a child,04-OCT-24 05.04.17.907000 PM
6422.0,HR/Normal user tries to update the answer,09-OCT-24 04.22.49.881000 PM
,Download PDF dalla sezione Cedolini,29-OCT-24 03.40.24.213000 PM
,Download PDF dalla sezione Cedolini,29-OCT-24 03.36.48.590000 PM
17597.0,Verifica possibilità di accesso a fondo pensione per Scelta Welfare,28-OCT-24 03.05.07.682000 PM
5238.0,Normal user update grade for a child,04-OCT-24 10.11.13.572000 AM
,Download PDF dalla sezione Cedolini,28-OCT-24 08.20.26.369000 AM
9737.0,Normal user tries to create new Provvidenza request for a child,09-OCT-24 11.23.46.952000 AM
7593.0,Normal user update grade for a child,09-OCT-24 11.23.39.281000 AM
8454.0,HR/Normal user tries to update the answer,04-OCT-24 07.39.56.593000 AM
6733.0,HR/Normal user tries to update the answer,09-OCT-24 12.00.37.386000 PM
7442.0,Dettaglio elenco Cedolini e CU disponibili al download,28-OCT-24 05.03.07.475000 PM
,Download PDF dalla sezione Cedolini,01-OCT-24 09.26.32.302000 AM
8464.0,HR/Normal user tries to update the answer,14-OCT-24 04.57.42.134000 PM
9093.0,Dettaglio elenco Cedolini e CU disponibili al download,04-OCT-24 09.35.43.331000 AM
,Download PDF dalla sezione Cedolini,25-OCT-24 09.37.13.274000 AM
7377.0,Normal user enters the Provvidenza Figli page,05-OCT-24 04.13.13.956000 PM
5327.0,Dettaglio elenco Cedolini e CU disponibili al download,25-OCT-24 09.44.07.068000 AM
13000159.0,Normal user assign new grade for the child while creating a request,04-OCT-24 08.45.15.241000 AM
10864.0,HR/Normal user tries to update the answer,04-OCT-24 08.00.10.866000 AM
6085.0,HR/Normal user tries to update the answer,04-OCT-24 08.09.43.200000 AM
6085.0,Dettaglio elenco Cedolini e CU disponibili al download,04-OCT-24 08.37.44.540000 AM
5982.0,Normal user assign new grade for the child while creating a request,04-OCT-24 08.39.30.385000 AM
5646.0,HR/Normal user tries to update the answer,04-OCT-24 08.13.18.257000 AM
7427.0,HR/Normal user tries to update the answer,04-OCT-24 02.37.30.948000 PM
13002184.0,HR/Normal user tries to update the answer,04-OCT-24 02.12.09.391000 PM
5899.0,Normal user enters the Provvidenza Figli page,14-OCT-24 02.13.05.360000 PM
8077.0,Normal user enters the Provvidenza Figli page,07-OCT-24 09.08.35.793000 AM
6006.0,HR/Normal user tries to update the answer,03-OCT-24 01.46.46.697000 PM
13000214.0,HR/Normal user tries to update the answer,10-OCT-24 05.57.49.932000 PM
6709.0,Normal user enters the Provvidenza Figli page,03-OCT-24 02.00.10.242000 PM
6617.0,Normal user enters the Provvidenza Figli page,03-OCT-24 02.37.07.068000 PM
7600.0,HR/Normal user tries to update the answer,03-OCT-24 01.48.06.879000 PM
5978.0,HR/Normal user tries to update the answer,03-OCT-24 02.08.41.459000 PM
7762.0,HR tried to update grade,07-OCT-24 09.57.39.306000 AM
5995.0,HR/Normal user tries to update the answer,03-OCT-24 02.33.24.010000 PM
5501.0,HR/Normal user tries to update the answer,03-OCT-24 02.45.28.032000 PM
,Dettaglio elenco Cedolini e CU disponibili al download,09-OCT-24 12.23.24.269000 PM
8042.0,HR/Normal user tries to update the answer,03-OCT-24 02.13.55.686000 PM
7146.0,Normal user assign new grade for the child while creating a request,03-OCT-24 02.45.31.292000 PM
,Dettaglio elenco Cedolini e CU disponibili al download,03-OCT-24 02.38.37.303000 PM
14297.0,Normal user tries to create new Provvidenza request for a child,03-OCT-24 02.38.47.057000 PM
7268.0,Normal user enters the Provvidenza Figli page,03-OCT-24 02.03.02.354000 PM
7989.0,Normal user update grade for a child,03-OCT-24 02.28.26.232000 PM
7224.0,Normal user assign new grade for the child while creating a request,03-OCT-24 02.42.22.122000 PM
5953.0,HR/Normal user tries to update the answer,03-OCT-24 02.40.59.694000 PM
5651.0,HR/Normal user tries to update the answer,03-OCT-24 02.47.15.614000 PM
7718.0,HR/Normal user tries to update the answer,03-OCT-24 02.12.52.403000 PM
6815.0,Normal user enters the Provvidenza Figli page,03-OCT-24 02.28.03.325000 PM
5729.0,Normal user tries to create new Provvidenza request for a child,03-OCT-24 02.32.09.698000 PM
7068.0,Normal user enters the Provvidenza Figli page,04-OCT-24 08.55.24.209000 AM
,Dettaglio elenco Cedolini e CU disponibili al download,31-OCT-24 02.48.16.731000 PM
7068.0,Download PDF dalla sezione Cedolini,04-OCT-24 09.05.24.389000 AM
6050.0,Recupero dettagli utente per Scelta orario di lavoro,15-OCT-24 09.15.05.329000 AM
,Dettaglio elenco Cedolini e CU disponibili al download,28-OCT-24 01.31.06.443000 PM
7401.0,Normal user tries to create new Provvidenza request for a child,04-OCT-24 08.46.14.962000 AM
5299.0,Normal / HR user updates the answer,04-OCT-24 08.47.07.595000 AM
6134.0,HR/Normal user tries to update the answer,09-OCT-24 04.17.00.916000 PM
6095.0,HR/Normal user tries to update the answer,04-OCT-24 09.39.25.327000 AM
13002299.0,Verifica possibilità di accesso a fondo pensione per Scelta Welfare,24-OCT-24 09.59.52.725000 AM
,Dettaglio elenco Cedolini e CU disponibili al download,24-OCT-24 09.38.26.622000 AM
5831.0,HR/Normal user tries to update the answer,06-OCT-24 07.58.36.893000 PM
,Dettaglio elenco Cedolini e CU disponibili al download,29-OCT-24 05.31.17.440000 PM
16714.0,Verifica possibilità di accesso a fondo pensione per Scelta Welfare,29-OCT-24 05.59.38.353000 PM
5797.0,Normal user enters the Provvidenza Figli page,08-OCT-24 12.41.00.697000 PM
5797.0,Normal user enters the Provvidenza Figli page,08-OCT-24 12.43.19.718000 PM
6940.0,HR/Normal user tries to update the answer,08-OCT-24 12.02.48.972000 PM
,Dettaglio elenco Cedolini e CU disponibili al download,24-OCT-24 10.48.33.646000 AM
6199.0,HR user tries to load Funzioni Batch,17-OCT-24 10.06.27.181000 AM
5619.0,Normal user enters the Provvidenza Figli page,18-OCT-24 09.59.45.852000 AM
5827.0,Normal user tries to create new Provvidenza request for a child,10-OCT-24 01.10.39.695000 PM
13002972.0,Recupero dettagli utente per invio adesione Fondo Nazionale,17-OCT-24 10.32.01.191000 AM
7832.0,Normal user assign new grade for the child while creating a request,03-OCT-24 06.18.18.126000 PM
13002993.0,Verifica possibilità di accesso a fondo pensione per Scelta Welfare,29-OCT-24 08.56.46.042000 AM
5297.0,Verifica possibilità di accesso a fondo pensione per Scelta Welfare,29-OCT-24 05.32.23.058000 PM
5092.0,Dettaglio elenco Cedolini e CU disponibili al download,29-OCT-24 08.57.53.441000 AM
5581.0,Normal user enters the Provvidenza Figli page,07-OCT-24 08.47.17.177000 AM
7906.0,Recupero dettagliutente per Scelta Welfare,30-OCT-24 04.58.16.750000 PM
8077.0,Normal user enters the Provvidenza Figli page,07-OCT-24 09.09.03.734000 AM
8324.0,Download PDF dalla sezione Cedolini,02-OCT-24 07.28.26.290000 PM
7216.0,HR tried to update grade,07-OCT-24 11.44.22.856000 AM
,Dettaglio elenco Cedolini e CU disponibili al download,25-OCT-24 05.31.52.448000 PM
6331.0,Normal user tries to create new Provvidenza request for a child,07-OCT-24 12.25.55.458000 PM
6771.0,Normal user enters the Provvidenza Figli page,07-OCT-24 12.41.09.780000 PM
5811.0,Dettaglio elenco Cedolini e CU disponibili al download,07-OCT-24 08.43.36.883000 AM
,Download PDF dalla sezione Cedolini,25-OCT-24 05.55.55.986000 PM
,Download PDF dalla sezione Cedolini,25-OCT-24 11.08.40.724000 AM
13002525.0,Recupero dettagli utente per Scelta orario di lavoro,25-OCT-24 10.47.55.746000 AM
,Download PDF dalla sezione Cedolini,27-OCT-24 11.08.27.539000 PM
,Download PDF dalla sezione Cedolini,23-OCT-24 10.33.48.669000 AM
,Download PDF dalla sezione Cedolini,25-OCT-24 09.51.51.248000 AM
,Download PDF dalla sezione Cedolini,25-OCT-24 02.03.22.610000 PM
,Download PDF dalla sezione Cedolini,25-OCT-24 01.50.17.113000 PM
5592.0,HR/Normal user tries to update the answer,17-OCT-24 03.26.30.770000 PM
5459.0,Normal user enters the Provvidenza Figli page,07-OCT-24 11.15.23.272000 AM
7530.0,Normal user enters the Provvidenza Figli page,07-OCT-24 11.12.18.674000 AM
,Dettaglio elenco Cedolini e CU disponibili al download,25-OCT-24 11.22.48.164000 AM
6887.0,HR/Normal user tries to update the answer,08-OCT-24 02.58.01.962000 PM
6199.0,HR user tries to load Funzioni Batch,03-OCT-24 10.39.06.873000 AM
5621.0,Normal user enters the Provvidenza Figli page,30-OCT-24 03.24.43.101000 PM
7262.0,A valid user enters the MIFID page details of the user would be logged,31-OCT-24 08.25.37.594000 AM
,Dettaglio elenco Cedolini e CU disponibili al download,26-OCT-24 09.58.44.808000 AM
,A valid user enters the MIFID page details of the user would be logged,31-OCT-24 08.45.25.180000 AM
6199.0,HR user enters the Change Tipo Provvidenza  configuration,03-OCT-24 10.41.04.412000 AM
,Dettaglio elenco Cedolini e CU disponibili al download,31-OCT-24 09.39.21.821000 AM
8370.0,Normal user tries to create new Provvidenza request for a child,08-OCT-24 01.56.40.166000 PM
,Download PDF dalla sezione Cedolini,08-OCT-24 02.18.59.609000 PM
9901.0,Recupero dettagli utente per Scelta orario di lavoro,01-OCT-24 04.48.53.125000 PM
6199.0,HR user tries to load Funzioni Batch,03-OCT-24 10.43.32.785000 AM
,Download PDF dalla sezione Cedolini,08-OCT-24 02.27.54.458000 PM
9901.0,Recupero dettagli utente per invio adesione Fondo Nazionale,01-OCT-24 04.48.38.184000 PM
5859.0,HR/Normal user tries to update the answer,03-OCT-24 10.49.38.246000 AM
6199.0,HR user enters the Change Tipo Provvidenza  configuration,03-OCT-24 10.43.36.740000 AM
6529.0,Normal user update grade for a child,10-OCT-24 08.32.59.062000 AM
5797.0,HR/Normal user tries to update the answer,08-OCT-24 12.40.37.181000 PM
7868.0,Normal user enters the Provvidenza Figli page,03-OCT-24 01.21.35.139000 PM
6867.0,HR/Normal user tries to update the answer,03-OCT-24 01.19.51.783000 PM
7458.0,HR/Normal user tries to update the answer,03-OCT-24 01.22.08.055000 PM
6109.0,Normal user assign new grade for the child while creating a request,03-OCT-24 01.20.45.962000 PM
6882.0,HR/Normal user tries to update the answer,03-OCT-24 01.22.02.255000 PM
7486.0,Normal user tries to create new Provvidenza request for a child,03-OCT-24 01.15.21.138000 PM
7036.0,HR/Normal user tries to update the answer,03-OCT-24 01.22.03.411000 PM
13001627.0,Normal user enters the Provvidenza Figli page,03-OCT-24 01.20.23.538000 PM
5895.0,HR/Normal user tries to update the answer,03-OCT-24 01.20.48.578000 PM
,Dettaglio elenco Cedolini e CU disponibili al download,30-OCT-24 02.58.55.608000 PM
6224.0,HR/Normal user tries to update the answer,03-OCT-24 01.14.35.694000 PM
6867.0,Normal user tries to create new Provvidenza request for a child,03-OCT-24 01.19.15.680000 PM
6227.0,HR/Normal user tries to update the answer,03-OCT-24 01.18.45.223000 PM
6992.0,HR/Normal user tries to update the answer,03-OCT-24 01.16.05.845000 PM
,Download PDF dalla sezione Cedolini,28-OCT-24 12.48.19.338000 AM
17394.0,Normal user assign new grade for the child while creating a request,03-OCT-24 01.16.19.193000 PM
,Download PDF dalla sezione Cedolini,25-OCT-24 10.27.25.479000 AM
,Download PDF dalla sezione Cedolini,26-OCT-24 11.04.54.905000 AM
6199.0,HR user updates the Tipo provvidenza configuration,03-OCT-24 10.41.58.724000 AM
7707.0,Normal user enters the Provvidenza Figli page,03-OCT-24 01.22.03.309000 PM
17789.0,HR/Normal user tries to update the answer,03-OCT-24 01.21.57.464000 PM
8061.0,Normal user enters the Provvidenza Figli page,03-OCT-24 01.18.37.669000 PM
6560.0,Normal user tries to create new Provvidenza request for a child,03-OCT-24 01.15.18.236000 PM
,Dettaglio elenco Cedolini e CU disponibili al download,25-OCT-24 10.07.50.862000 AM
,Dettaglio elenco Cedolini e CU disponibili al download,29-OCT-24 03.10.51.018000 PM
6811.0,Normal user enters the Provvidenza Figli page,03-OCT-24 01.22.22.531000 PM
,Dettaglio elenco Cedolini e CU disponibili al download,10-OCT-24 09.06.19.242000 AM
7296.0,Normal user enters the Provvidenza Figli page,03-OCT-24 01.16.50.650000 PM
,Dettaglio elenco Cedolini e CU disponibili al download,10-OCT-24 08.50.48.609000 AM
17720.0,Normal user assign new grade for the child while creating a request,03-OCT-24 01.19.33.699000 PM
14669.0,Normal user tries to create new Provvidenza request for a child,03-OCT-24 01.21.56.590000 PM
,Download PDF dalla sezione Cedolini,25-OCT-24 10.27.03.117000 AM
7207.0,HR/Normal user tries to update the answer,03-OCT-24 01.18.17.288000 PM
15870.0,Normal user tries to create new Provvidenza request for a child,03-OCT-24 01.17.26.473000 PM
8309.0,HR/Normal user tries to update the answer,03-OCT-24 01.16.19.189000 PM
8453.0,HR/Normal user tries to update the answer,03-OCT-24 01.18.52.134000 PM
,Dettaglio elenco Cedolini e CU disponibili al download,25-OCT-24 10.23.33.424000 AM
6992.0,Normal user tries to create new Provvidenza request for a child,03-OCT-24 01.15.52.152000 PM
8061.0,Normal user assign new grade for the child while creating a request,03-OCT-24 01.18.40.836000 PM
7016.0,Normal user enters the Provvidenza Figli page,03-OCT-24 01.18.48.074000 PM
6164.0,HR/Normal user tries to update the answer,03-OCT-24 01.15.43.372000 PM
7816.0,HR/Normal user tries to update the answer,03-OCT-24 01.15.09.080000 PM
5721.0,Normal user assign new grade for the child while creating a request,03-OCT-24 01.16.24.625000 PM
5690.0,Normal user assign new grade for the child while creating a request,08-OCT-24 12.41.25.579000 PM
6597.0,Normal user enters the Provvidenza Figli page,03-OCT-24 01.16.38.530000 PM
7434.0,HR/Normal user tries to update the answer,03-OCT-24 01.17.28.695000 PM
6132.0,HR/Normal user tries to update the answer,03-OCT-24 01.20.53.107000 PM
6915.0,HR/Normal user tries to update the answer,03-OCT-24 01.16.32.982000 PM
5462.0,HR/Normal user tries to update the answer,03-OCT-24 01.18.23.837000 PM
6088.0,Normal user tries to create new Provvidenza request for a child,03-OCT-24 01.16.24.611000 PM
,Dettaglio elenco Cedolini e CU disponibili al download,25-OCT-24 10.46.41.705000 AM
6088.0,Normal / HR user updates the answer,03-OCT-24 01.18.21.991000 PM
6164.0,Normal user tries to create new Provvidenza request for a child,03-OCT-24 01.15.38.321000 PM
5761.0,HR/Normal user tries to update the answer,03-OCT-24 01.17.47.084000 PM
9359.0,HR/Normal user tries to update the answer,03-OCT-24 01.18.56.080000 PM
7116.0,HR tried to update grade,03-OCT-24 01.22.31.151000 PM
6438.0,HR/Normal user tries to update the answer,03-OCT-24 01.15.49.065000 PM
5725.0,Normal user enters the Provvidenza Figli page,03-OCT-24 01.18.34.968000 PM
13001434.0,Normal user enters the Provvidenza Figli page,03-OCT-24 01.20.08.489000 PM
17789.0,Normal user enters the Provvidenza Figli page,03-OCT-24 01.21.45.292000 PM
6097.0,Normal user assign new grade for the child while creating a request,03-OCT-24 01.17.09.170000 PM
13000340.0,HR/Normal user tries to update the answer,03-OCT-24 01.16.57.655000 PM
,Dettaglio elenco Cedolini e CU disponibili al download,25-OCT-24 10.37.22.003000 AM
7124.0,Normal user tries to create new Provvidenza request for a child,03-OCT-24 01.18.51.279000 PM
13001627.0,Normal user enters the Provvidenza Figli page,03-OCT-24 01.20.48.279000 PM
6482.0,Normal user enters the Provvidenza Figli page,10-OCT-24 08.51.50.260000 AM
6132.0,Normal user assign new grade for the child while creating a request,03-OCT-24 01.20.47.386000 PM
,Download PDF dalla sezione Cedolini,25-OCT-24 10.28.51.668000 AM
5462.0,HR/Normal user tries to update the answer,03-OCT-24 01.18.36.277000 PM
6839.0,Normal user tries to create new Provvidenza request for a child,03-OCT-24 01.16.56.169000 PM
6852.0,Normal user enters the Provvidenza Figli page,03-OCT-24 01.21.22.479000 PM
8263.0,Normal user tries to create new Provvidenza request for a child,03-OCT-24 01.20.24.620000 PM
,Dettaglio elenco Cedolini e CU disponibili al download,03-OCT-24 01.21.13.139000 PM
8453.0,HR tried to update grade,03-OCT-24 01.18.33.092000 PM
,Download PDF dalla sezione Cedolini,25-OCT-24 10.23.35.011000 AM
7081.0,Normal user tries to create new Provvidenza request for a child,03-OCT-24 01.17.31.456000 PM
7458.0,HR/Normal user tries to update the answer,03-OCT-24 01.22.24.878000 PM
,Dettaglio elenco Cedolini e CU disponibili al download,03-OCT-24 01.21.44.597000 PM
5690.0,HR/Normal user tries to update the answer,08-OCT-24 12.41.35.052000 PM
5710.0,Normal user enters the Provvidenza Figli page,03-OCT-24 01.16.22.943000 PM
6068.0,HR/Normal user tries to update the answer,03-OCT-24 01.22.30.049000 PM
6470.0,Normal user assign new grade for the child while creating a request,03-OCT-24 01.20.12.892000 PM
7151.0,Normal user enters the Provvidenza Figli page,03-OCT-24 01.16.25.036000 PM
,Download PDF dalla sezione Cedolini,25-OCT-24 10.06.59.454000 AM
6068.0,HR/Normal user tries to update the answer,03-OCT-24 01.22.18.041000 PM
7081.0,HR/Normal user tries to update the answer,03-OCT-24 01.17.56.804000 PM
7629.0,HR tried to update grade,03-OCT-24 01.16.35.458000 PM
7124.0,HR/Normal user tries to update the answer,03-OCT-24 01.22.27.724000 PM
8453.0,Normal user tries to create new Provvidenza request for a child,03-OCT-24 01.18.29.210000 PM
6556.0,Normal user assign new grade for the child while creating a request,03-OCT-24 01.16.42.929000 PM
6595.0,Dettaglio elenco Cedolini e CU disponibili al download,30-OCT-24 09.50.53.320000 AM
6811.0,Normal user assign new grade for the child while creating a request,03-OCT-24 01.22.36.395000 PM
5847.0,Normal user tries to create new Provvidenza request for a child,03-OCT-24 01.22.23.585000 PM
,Dettaglio elenco Cedolini e CU disponibili al download,08-OCT-24 12.49.45.040000 PM
7601.0,HR/Normal user tries to update the answer,03-OCT-24 01.21.51.641000 PM
5868.0,HR/Normal user tries to update the answer,03-OCT-24 01.19.39.688000 PM
15870.0,Normal user enters the Provvidenza Figli page,03-OCT-24 01.19.34.621000 PM
7813.0,Normal user assign new grade for the child while creating a request,03-OCT-24 01.17.36.924000 PM
5687.0,Normal user enters the Provvidenza Figli page,03-OCT-24 01.18.46.138000 PM
6227.0,Normal user tries to create new Provvidenza request for a child,03-OCT-24 01.18.12.319000 PM
,Download PDF dalla sezione Cedolini,30-OCT-24 10.25.21.607000 AM
7044.0,Normal user enters the Provvidenza Figli page,03-OCT-24 07.35.42.501000 PM
6669.0,HR/Normal user tries to update the answer,03-OCT-24 01.20.17.819000 PM
7486.0,HR/Normal user tries to update the answer,03-OCT-24 01.15.38.039000 PM
7044.0,Normal user assign new grade for the child while creating a request,03-OCT-24 07.36.37.844000 PM
8309.0,HR/Normal user tries to update the answer,03-OCT-24 01.16.36.643000 PM
5893.0,HR/Normal user tries to update the answer,03-OCT-24 01.16.56.816000 PM
7434.0,Normal user tries to create new Provvidenza request for a child,03-OCT-24 01.17.21.035000 PM
5849.0,Normal user enters the Provvidenza Figli page,03-OCT-24 07.19.33.108000 PM
,Download PDF dalla sezione Cedolini,16-OCT-24 07.43.41.700000 AM
6568.0,Download PDF dalla sezione Cedolini,29-OCT-24 02.01.58.569000 PM
5721.0,HR/Normal user tries to update the answer,03-OCT-24 01.16.35.154000 PM
,Download PDF dalla sezione Cedolini,28-OCT-24 10.04.51.329000 AM
6199.0,HR user updates the Tipo provvidenza configuration,03-OCT-24 10.42.04.552000 AM
6938.0,Normal user enters the Provvidenza Figli page,03-OCT-24 09.21.36.237000 PM
6349.0,Normal user enters the Provvidenza Figli page,03-OCT-24 09.35.01.768000 PM
6745.0,HR/Normal user tries to update the answer,03-OCT-24 08.15.09.062000 PM
5797.0,Normal user enters the Provvidenza Figli page,08-OCT-24 12.39.47.406000 PM
,Dettaglio elenco Cedolini e CU disponibili al download,25-OCT-24 10.13.00.912000 AM
,Dettaglio elenco Cedolini e CU disponibili al download,24-OCT-24 03.17.15.806000 PM
5463.0,Normal user enters the Provvidenza Figli page,03-OCT-24 10.47.57.284000 AM
,Dettaglio elenco Cedolini e CU disponibili al download,29-OCT-24 04.03.09.562000 PM
7016.0,Normal user tries to create new Provvidenza request for a child,03-OCT-24 01.21.00.740000 PM
6882.0,Normal user enters the Provvidenza Figli page,03-OCT-24 01.22.12.024000 PM
,Download PDF dalla sezione Cedolini,28-OCT-24 10.21.23.354000 AM
6008.0,Normal / HR user updates the answer,03-OCT-24 01.17.30.275000 PM
7036.0,Normal user assign new grade for the child while creating a request,03-OCT-24 01.21.54.633000 PM
7813.0,HR/Normal user tries to update the answer,03-OCT-24 01.17.43.844000 PM
13002985.0,Recupero dettagliutente per Scelta Welfare,26-OCT-24 04.19.50.306000 PM
,Dettaglio elenco Cedolini e CU disponibili al download,28-OCT-24 10.46.42.620000 AM
6164.0,Normal user enters the Provvidenza Figli page,03-OCT-24 01.16.27.508000 PM
7629.0,Normal / HR user updates the answer,03-OCT-24 01.17.19.041000 PM
6199.0,Normal user enters the Provvidenza Figli page,28-OCT-24 10.28.24.929000 AM
9473.0,Normal user assign new grade for the child while creating a request,03-OCT-24 01.18.44.172000 PM
,Dettaglio elenco Cedolini e CU disponibili al download,28-OCT-24 10.04.48.807000 AM
7081.0,HR/Normal user tries to update the answer,03-OCT-24 01.16.03.013000 PM
8108.0,Normal user assign new grade for the child while creating a request,03-OCT-24 01.18.43.078000 PM
5580.0,Normal user assign new grade for the child while creating a request,03-OCT-24 01.16.39.204000 PM
,Dettaglio elenco Cedolini e CU disponibili al download,03-OCT-24 01.19.05.840000 PM
9473.0,HR/Normal user tries to update the answer,03-OCT-24 01.18.53.710000 PM
,Download PDF dalla sezione Cedolini,25-OCT-24 02.14.08.507000 PM
,Dettaglio elenco Cedolini e CU disponibili al download,02-OCT-24 11.59.44.729000 AM
,Download PDF dalla sezione Cedolini,25-OCT-24 03.36.38.438000 PM
,Dettaglio elenco Cedolini e CU disponibili al download,19-OCT-24 05.39.00.877000 PM
6186.0,HR/Normal user tries to update the answer,11-OCT-24 09.53.30.261000 AM
13002070.0,Recupero dettagliutente per Scelta Welfare,11-OCT-24 11.18.12.559000 PM
6186.0,Normal user enters the Provvidenza Figli page,11-OCT-24 09.52.30.134000 AM
,Dettaglio elenco Cedolini e CU disponibili al download,25-OCT-24 03.42.12.468000 PM
5327.0,Normal user tries to create new Provvidenza request for a child,11-OCT-24 10.21.39.743000 AM
13002942.0,Verifica possibilità di accesso a fondo pensione per Scelta Welfare,10-OCT-24 06.58.35.165000 AM
5327.0,HR/Normal user tries to update the answer,11-OCT-24 10.21.22.206000 AM
5327.0,HR tried to update grade,11-OCT-24 10.21.46.661000 AM
5327.0,Normal user assign new grade for the child while creating a request,11-OCT-24 10.20.45.694000 AM
,Dettaglio elenco Cedolini e CU disponibili al download,19-OCT-24 05.38.07.175000 PM
5745.0,Verifica possibilità di accesso a fondo pensione per Scelta Welfare,24-OCT-24 01.08.09.970000 PM
,Download PDF dalla sezione Cedolini,16-OCT-24 03.25.29.768000 PM
6186.0,HR/Normal user tries to update the answer,11-OCT-24 09.53.32.770000 AM
,Download PDF dalla sezione Cedolini,17-OCT-24 05.48.27.327000 PM
5111.0,Verifica possibilità di accesso a fondo pensione per Scelta Welfare,24-OCT-24 01.08.49.020000 PM
17917.0,HR user tries to load Funzioni Batch,17-OCT-24 04.42.54.157000 PM
6199.0,HR user enters the Change Tipo Provvidenza  configuration,03-OCT-24 10.41.33.087000 AM
,Dettaglio elenco Cedolini e CU disponibili al download,28-OCT-24 08.00.06.042000 AM
,Download PDF dalla sezione Cedolini,28-OCT-24 07.43.55.202000 AM
,Download PDF dalla sezione Cedolini,01-OCT-24 01.33.01.389000 PM
,Download PDF dalla sezione Cedolini,27-OCT-24 08.51.49.044000 AM
,Download PDF dalla sezione Cedolini,11-OCT-24 02.27.01.470000 PM
5199.0,Normal user enters the Provvidenza Figli page,16-OCT-24 04.29.22.160000 PM
8969.0,Normal user enters the Provvidenza Figli page,04-OCT-24 06.17.43.943000 PM
5934.0,Normal user enters the Provvidenza Figli page,07-OCT-24 02.13.00.156000 PM
8986.0,Recupero dettagli utente per Scelta orario di lavoro,31-OCT-24 02.51.49.462000 PM
16958.0,Recupero dettagli utente per Scelta orario di lavoro,04-OCT-24 06.42.26.167000 PM
,Download PDF dalla sezione Cedolini,17-OCT-24 05.48.30.557000 PM
8969.0,Normal user enters the Provvidenza Figli page,04-OCT-24 06.22.09.284000 PM
,Download PDF dalla sezione Cedolini,16-OCT-24 03.36.25.708000 PM
,Download PDF dalla sezione Cedolini,07-OCT-24 01.14.43.345000 PM
15600.0,Normal user enters the Provvidenza Figli page,03-OCT-24 10.08.57.260000 PM
5622.0,HR/Normal user tries to update the answer,17-OCT-24 08.12.18.562000 AM
5622.0,Normal user enters the Provvidenza Figli page,17-OCT-24 08.10.28.464000 AM
,Dettaglio elenco Cedolini e CU disponibili al download,25-OCT-24 01.31.36.421000 PM
16330.0,Verifica possibilità di accesso a fondo pensione per Scelta Welfare,31-OCT-24 02.40.17.356000 PM
,Download PDF dalla sezione Cedolini,25-OCT-24 01.50.22.446000 PM
5662.0,Normal user assign new grade for the child while creating a request,03-OCT-24 09.45.23.639000 PM
,Dettaglio elenco Cedolini e CU disponibili al download,31-OCT-24 11.24.21.934000 AM
,Dettaglio elenco Cedolini e CU disponibili al download,31-OCT-24 11.23.11.567000 AM
5622.0,Normal user tries to create new Provvidenza request for a child,17-OCT-24 08.12.02.641000 AM
18618.0,Recupero dettagliutente per Scelta Welfare,23-OCT-24 01.55.34.458000 PM
5622.0,HR/Normal user tries to update the answer,17-OCT-24 08.12.46.778000 AM
8781.0,Normal user enters the Provvidenza Figli page,07-OCT-24 05.43.54.397000 PM
5662.0,HR/Normal user tries to update the answer,03-OCT-24 09.46.16.940000 PM
5662.0,Normal user enters the Provvidenza Figli page,03-OCT-24 09.49.13.382000 PM
7852.0,Normal user tries to create new Provvidenza request for a child,07-OCT-24 02.29.59.566000 PM
13001738.0,HR/Normal user tries to update the answer,07-OCT-24 01.58.58.768000 PM
,Dettaglio elenco Cedolini e CU disponibili al download,25-OCT-24 12.46.36.105000 PM
5622.0,Normal user assign new grade for the child while creating a request,17-OCT-24 08.10.51.427000 AM
13000144.0,Recupero dettagliutente per Scelta Welfare,07-OCT-24 01.17.26.108000 PM
,Dettaglio elenco Cedolini e CU disponibili al download,24-OCT-24 09.32.49.901000 AM
6938.0,HR/Normal user tries to update the answer,03-OCT-24 09.20.48.956000 PM
13001109.0,Normal user enters the Provvidenza Figli page,03-OCT-24 10.24.31.624000 PM
,Download PDF dalla sezione Cedolini,31-OCT-24 12.18.50.491000 PM
,Download PDF dalla sezione Cedolini,25-OCT-24 12.58.58.608000 PM
,Dettaglio elenco Cedolini e CU disponibili al download,25-OCT-24 12.45.55.231000 PM
,Dettaglio elenco Cedolini e CU disponibili al download,11-OCT-24 12.08.50.514000 PM
,Dettaglio elenco Cedolini e CU disponibili al download,31-OCT-24 04.17.30.278000 PM
,Dettaglio elenco Cedolini e CU disponibili al download,24-OCT-24 10.41.48.140000 AM
,Dettaglio elenco Cedolini e CU disponibili al download,24-OCT-24 03.47.51.653000 PM
,Dettaglio elenco Cedolini e CU disponibili al download,24-OCT-24 10.47.37.873000 AM
5979.0,Normal user tries to create new Provvidenza request for a child,03-OCT-24 06.02.48.438000 PM
,Download PDF dalla sezione Cedolini,24-OCT-24 09.51.22.583000 AM
13002305.0,Recupero dettagli utente per Scelta orario di lavoro,09-OCT-24 07.45.22.669000 PM
13001109.0,HR/Normal user tries to update the answer,03-OCT-24 10.11.56.838000 PM
6010.0,HR/Normal user tries to update the answer,07-OCT-24 03.41.08.372000 PM
8730.0,Normal user enters the Provvidenza Figli page,24-OCT-24 03.57.22.763000 PM
6964.0,HR/Normal user tries to update the answer,06-OCT-24 03.43.07.943000 PM
15649.0,Normal / HR user updates the answer,24-OCT-24 09.57.52.586000 AM
,Download PDF dalla sezione Cedolini,25-OCT-24 01.50.18.685000 PM
7266.0,Normal user enters the Provvidenza Figli page,06-OCT-24 05.19.04.085000 PM
,Dettaglio elenco Cedolini e CU disponibili al download,07-OCT-24 04.08.36.142000 PM
7266.0,HR/Normal user tries to update the answer,06-OCT-24 05.19.16.124000 PM
,Dettaglio elenco Cedolini e CU disponibili al download,24-OCT-24 04.15.43.170000 PM
13001491.0,Recupero dettagliutente per Scelta Welfare,27-OCT-24 11.36.14.769000 AM
13002442.0,Recupero dettagliutente per Scelta Welfare,24-OCT-24 10.40.00.389000 AM
7066.0,Normal / HR user updates the answer,06-OCT-24 04.07.51.170000 PM
5351.0,HR/Normal user tries to update the answer,04-OCT-24 11.25.20.247000 AM
,Dettaglio elenco Cedolini e CU disponibili al download,13-OCT-24 05.03.12.322000 AM
7266.0,Normal user assign new grade for the child while creating a request,06-OCT-24 05.17.18.302000 PM
,Dettaglio elenco Cedolini e CU disponibili al download,03-OCT-24 06.03.25.848000 PM
,Dettaglio elenco Cedolini e CU disponibili al download,02-OCT-24 12.43.01.877000 PM
6377.0,HR/Normal user tries to update the answer,04-OCT-24 11.56.01.295000 AM
13000916.0,Normal user enters the Provvidenza Figli page,07-OCT-24 04.00.24.465000 PM
8259.0,Normal user enters the Provvidenza Figli page,04-OCT-24 11.33.41.106000 AM
,Download PDF dalla sezione Cedolini,01-OCT-24 09.48.22.628000 AM
7801.0,Normal user assign new grade for the child while creating a request,04-OCT-24 11.35.37.378000 AM
5502.0,HR/Normal user tries to update the answer,07-OCT-24 03.31.21.257000 PM
5613.0,HR/Normal user tries to update the answer,04-OCT-24 12.26.24.581000 PM
7932.0,Normal user enters the Provvidenza Figli page,04-OCT-24 04.05.07.105000 PM
,Download PDF dalla sezione Cedolini,30-OCT-24 04.57.24.162000 PM
7932.0,Normal / HR user updates the answer,04-OCT-24 04.02.13.142000 PM
,Dettaglio elenco Cedolini e CU disponibili al download,09-OCT-24 06.21.11.615000 PM
13002872.0,Verifica possibilità di accesso a fondo pensione per Scelta Welfare,04-OCT-24 11.49.37.353000 AM
17188.0,Normal user assign new grade for the child while creating a request,04-OCT-24 11.38.34.210000 AM
,Download PDF dalla sezione Cedolini,01-OCT-24 09.41.29.594000 AM
5188.0,Normal user enters the Provvidenza Figli page,04-OCT-24 04.48.18.938000 PM
6598.0,Dettaglio elenco Cedolini e CU disponibili al download,04-OCT-24 11.45.55.604000 AM
6377.0,Normal user enters the Provvidenza Figli page,04-OCT-24 11.56.48.164000 AM
19497.0,Normal user enters the Provvidenza Figli page,07-OCT-24 03.26.57.479000 PM
,Download PDF dalla sezione Cedolini,30-OCT-24 05.24.25.479000 PM
,Dettaglio elenco Cedolini e CU disponibili al download,04-OCT-24 12.36.47.507000 PM
6119.0,Normal / HR user updates the answer,03-OCT-24 06.16.06.762000 PM
7932.0,HR/Normal user tries to update the answer,04-OCT-24 04.02.04.389000 PM
6786.0,Verifica possibilità di accesso a fondo pensione per Scelta Welfare,27-OCT-24 08.42.10.312000 AM
,Dettaglio elenco Cedolini e CU disponibili al download,24-OCT-24 12.31.43.087000 PM
5980.0,Normal user enters the Provvidenza Figli page,04-OCT-24 04.11.37.334000 PM
,Dettaglio elenco Cedolini e CU disponibili al download,25-OCT-24 04.17.46.442000 PM
,Dettaglio elenco Cedolini e CU disponibili al download,01-OCT-24 09.41.27.257000 AM
7941.0,HR tried to update grade,04-OCT-24 05.02.14.097000 PM
,Dettaglio elenco Cedolini e CU disponibili al download,18-OCT-24 12.23.14.411000 PM
,Dettaglio elenco Cedolini e CU disponibili al download,23-OCT-24 10.06.59.272000 AM
,Download PDF dalla sezione Cedolini,07-OCT-24 03.35.26.562000 PM
5961.0,Normal user assign new grade for the child while creating a request,03-OCT-24 03.06.15.890000 PM
,Dettaglio elenco Cedolini e CU disponibili al download,21-OCT-24 11.11.49.963000 AM
17064.0,Recupero dettagliutente per Scelta Welfare,03-OCT-24 11.16.45.109000 AM
,Download PDF dalla sezione Cedolini,07-OCT-24 03.22.16.891000 PM
,Download PDF dalla sezione Cedolini,21-OCT-24 11.07.47.453000 AM
,Download PDF dalla sezione Cedolini,21-OCT-24 12.14.28.108000 PM
,Dettaglio elenco Cedolini e CU disponibili al download,21-OCT-24 11.16.51.885000 AM
,Download PDF dalla sezione Cedolini,21-OCT-24 11.07.38.946000 AM
,Dettaglio elenco Cedolini e CU disponibili al download,27-OCT-24 08.43.27.380000 AM
5502.0,Dettaglio elenco Cedolini e CU disponibili al download,07-OCT-24 03.34.32.071000 PM
5663.0,Normal user enters the Provvidenza Figli page,03-OCT-24 03.14.21.214000 PM
8969.0,HR/Normal user tries to update the answer,04-OCT-24 06.18.26.444000 PM
,Download PDF dalla sezione Cedolini,25-OCT-24 04.02.59.039000 PM
,Download PDF dalla sezione Cedolini,21-OCT-24 11.07.16.579000 AM
6718.0,HR/Normal user tries to update the answer,03-OCT-24 03.00.33.970000 PM
,Dettaglio elenco Cedolini e CU disponibili al download,17-OCT-24 05.32.45.811000 PM
9438.0,Normal user tries to create new Provvidenza request for a child,03-OCT-24 03.02.08.764000 PM
7588.0,Normal user enters the Provvidenza Figli page,03-OCT-24 02.59.26.308000 PM
6103.0,HR/Normal user tries to update the answer,03-OCT-24 03.10.56.469000 PM
6913.0,HR/Normal user tries to update the answer,03-OCT-24 03.32.34.899000 PM
6046.0,HR/Normal user tries to update the answer,03-OCT-24 03.01.50.859000 PM
19497.0,Normal user tries to create new Provvidenza request for a child,07-OCT-24 03.27.11.331000 PM
6103.0,Normal user tries to create new Provvidenza request for a child,03-OCT-24 03.10.51.507000 PM
6818.0,HR tried to update grade,03-OCT-24 03.24.09.544000 PM
6718.0,HR/Normal user tries to update the answer,03-OCT-24 03.00.43.095000 PM
8203.0,Normal / HR user updates the answer,03-OCT-24 03.20.23.305000 PM
7109.0,Normal / HR user updates the answer,03-OCT-24 03.06.08.555000 PM
7439.0,Normal user assign new grade for the child while creating a request,03-OCT-24 03.15.00.849000 PM
7575.0,HR/Normal user tries to update the answer,03-OCT-24 02.56.34.011000 PM
6788.0,HR/Normal user tries to update the answer,03-OCT-24 03.04.34.926000 PM
13002985.0,Normal user enters the Provvidenza Figli page,24-OCT-24 09.28.29.630000 AM
6547.0,Normal user assign new grade for the child while creating a request,03-OCT-24 03.23.18.718000 PM
6788.0,HR/Normal user tries to update the answer,03-OCT-24 03.04.22.629000 PM
9233.0,Normal user tries to create new Provvidenza request for a child,03-OCT-24 03.21.13.124000 PM
,Dettaglio elenco Cedolini e CU disponibili al download,03-OCT-24 03.21.35.781000 PM
5404.0,HR/Normal user tries to update the answer,03-OCT-24 03.18.39.341000 PM
8318.0,Normal user enters the Provvidenza Figli page,03-OCT-24 03.25.50.886000 PM
,Dettaglio elenco Cedolini e CU disponibili al download,03-OCT-24 03.10.03.233000 PM
5961.0,HR/Normal user tries to update the answer,03-OCT-24 03.05.14.705000 PM
9774.0,Normal user enters the Provvidenza Figli page,03-OCT-24 03.10.57.532000 PM
13000105.0,Normal user enters the Provvidenza Figli page,03-OCT-24 02.56.39.528000 PM
5404.0,HR/Normal user tries to update the answer,03-OCT-24 03.19.05.737000 PM
6718.0,Normal user tries to create new Provvidenza request for a child,03-OCT-24 03.01.38.221000 PM
6659.0,Normal user tries to create new Provvidenza request for a child,03-OCT-24 03.23.13.839000 PM
7118.0,HR/Normal user tries to update the answer,03-OCT-24 03.20.45.161000 PM
5433.0,Normal user assign new grade for the child while creating a request,03-OCT-24 02.59.31.088000 PM
,Download PDF dalla sezione Cedolini,25-OCT-24 08.02.33.796000 AM
6124.0,HR/Normal user tries to update the answer,03-OCT-24 04.08.22.651000 PM
6818.0,HR/Normal user tries to update the answer,03-OCT-24 03.24.20.855000 PM
5500.0,Normal user assign new grade for the child while creating a request,03-OCT-24 03.26.03.120000 PM
5526.0,Dettaglio elenco Cedolini e CU disponibili al download,03-OCT-24 03.02.54.571000 PM
5451.0,HR/Normal user tries to update the answer,03-OCT-24 03.04.18.372000 PM
6245.0,Normal user enters the Provvidenza Figli page,03-OCT-24 02.56.02.474000 PM
13001798.0,HR/Normal user tries to update the answer,03-OCT-24 03.41.18.046000 PM
17098.0,Verifica possibilità di accesso a fondo pensione per Scelta Welfare,03-OCT-24 03.05.01.678000 PM
7136.0,Recupero dettagliutente per Scelta Welfare,03-OCT-24 03.04.01.329000 PM
13002735.0,Verifica possibilità di accesso a fondo pensione per Scelta Welfare,16-OCT-24 04.02.04.619000 PM
6847.0,HR tried to update grade,03-OCT-24 02.59.04.401000 PM
7042.0,HR tried to update grade,03-OCT-24 03.16.08.042000 PM
9238.0,HR/Normal user tries to update the answer,03-OCT-24 03.55.34.773000 PM
5611.0,HR/Normal user tries to update the answer,03-OCT-24 02.55.50.082000 PM
,Dettaglio elenco Cedolini e CU disponibili al download,25-OCT-24 08.11.23.973000 AM
5885.0,HR/Normal user tries to update the answer,03-OCT-24 03.59.07.052000 PM
6595.0,Dettaglio elenco Cedolini e CU disponibili al download,30-OCT-24 09.50.43.985000 AM
5096.0,Normal / HR user updates the answer,03-OCT-24 02.57.03.097000 PM
13000105.0,Normal user enters the Provvidenza Figli page,03-OCT-24 02.56.10.426000 PM
10389.0,HR/Normal user tries to update the answer,03-OCT-24 03.35.17.159000 PM
13001316.0,HR/Normal user tries to update the answer,03-OCT-24 03.44.00.796000 PM
8203.0,HR/Normal user tries to update the answer,03-OCT-24 03.20.25.376000 PM
5938.0,Normal user enters the Provvidenza Figli page,03-OCT-24 03.20.34.897000 PM
18554.0,Normal user update grade for a child,03-OCT-24 03.28.49.316000 PM
5885.0,Normal user assign new grade for the child while creating a request,03-OCT-24 03.57.50.477000 PM
6124.0,Normal user assign new grade for the child while creating a request,03-OCT-24 04.07.31.492000 PM
5407.0,HR/Normal user tries to update the answer,03-OCT-24 03.09.44.102000 PM
6159.0,Normal user assign new grade for the child while creating a request,03-OCT-24 04.08.34.197000 PM
5942.0,HR/Normal user tries to update the answer,03-OCT-24 03.52.27.777000 PM
13001316.0,Normal user tries to create new Provvidenza request for a child,03-OCT-24 03.43.53.784000 PM
5942.0,Normal user enters the Provvidenza Figli page,03-OCT-24 03.52.13.689000 PM
6849.0,Normal user tries to create new Provvidenza request for a child,03-OCT-24 03.39.01.297000 PM
6849.0,HR/Normal user tries to update the answer,03-OCT-24 03.38.26.743000 PM
,Download PDF dalla sezione Cedolini,26-OCT-24 07.51.49.047000 AM
6727.0,Normal user enters the Provvidenza Figli page,03-OCT-24 02.59.50.745000 PM
,Dettaglio elenco Cedolini e CU disponibili al download,03-OCT-24 03.12.28.760000 PM
8781.0,HR/Normal user tries to update the answer,07-OCT-24 05.43.32.065000 PM
6847.0,Normal user assign new grade for the child while creating a request,03-OCT-24 02.58.16.868000 PM
7101.0,Normal user enters the Provvidenza Figli page,03-OCT-24 04.00.08.979000 PM
5885.0,Normal user enters the Provvidenza Figli page,03-OCT-24 03.58.35.292000 PM
5790.0,HR/Normal user tries to update the answer,03-OCT-24 02.59.01.321000 PM
,Dettaglio elenco Cedolini e CU disponibili al download,03-OCT-24 03.05.44.320000 PM
7042.0,Normal user tries to create new Provvidenza request for a child,03-OCT-24 03.15.27.440000 PM
7109.0,Normal user enters the Provvidenza Figli page,03-OCT-24 03.07.05.018000 PM
7439.0,Normal user update grade for a child,03-OCT-24 03.15.18.828000 PM
,Dettaglio elenco Cedolini e CU disponibili al download,24-OCT-24 04.42.47.531000 PM
6050.0,HR/Normal user tries to update the answer,03-OCT-24 03.18.01.389000 PM
8318.0,Normal / HR user updates the answer,03-OCT-24 03.26.33.459000 PM
5902.0,HR/Normal user tries to update the answer,03-OCT-24 03.29.52.141000 PM
13002949.0,Recupero dettagli utente per invio adesione Fondo Nazionale,07-OCT-24 04.55.04.875000 PM
13002413.0,HR tried to update grade,03-OCT-24 03.01.06.525000 PM
5804.0,Normal user enters the Provvidenza Figli page,03-OCT-24 03.18.45.249000 PM
6883.0,HR/Normal user tries to update the answer,03-OCT-24 03.02.06.678000 PM
5884.0,Dettaglio elenco Cedolini e CU disponibili al download,07-OCT-24 05.27.31.639000 PM
6718.0,Normal user enters the Provvidenza Figli page,03-OCT-24 03.03.59.136000 PM
18554.0,Normal user assign new grade for the child while creating a request,03-OCT-24 03.28.29.861000 PM
7170.0,HR tried to update grade,03-OCT-24 04.12.04.487000 PM
8539.0,Verifica possibilità di accesso a fondo pensione per Scelta Welfare,30-OCT-24 10.22.39.870000 AM
5850.0,Normal user enters the Provvidenza Figli page,03-OCT-24 03.37.43.115000 PM
7109.0,Normal user tries to create new Provvidenza request for a child,03-OCT-24 03.01.49.554000 PM
5535.0,HR/Normal user tries to update the answer,03-OCT-24 03.03.35.739000 PM
6928.0,Normal user enters the Provvidenza Figli page,03-OCT-24 03.54.15.024000 PM
8320.0,Normal user enters the Provvidenza Figli page,03-OCT-24 04.04.33.155000 PM
8730.0,Recupero dettagli utente per Scelta orario di lavoro,24-OCT-24 04.02.17.096000 PM
,Accesso alle funzionalità BackOffice di Cedolini e CU per dettaglio PDF caricati per società,24-OCT-24 04.54.50.417000 PM
,Dettaglio elenco Cedolini e CU disponibili al download,24-OCT-24 08.59.26.055000 AM
6474.0,Normal user tries to create new Provvidenza request for a child,03-OCT-24 03.47.41.916000 PM
,Download PDF dalla sezione Cedolini,30-OCT-24 10.44.35.120000 AM
13001316.0,HR tried to update grade,03-OCT-24 03.45.50.811000 PM
13002949.0,Recupero dettagli utente per Scelta orario di lavoro,07-OCT-24 04.55.10.038000 PM
5601.0,Normal user assign new grade for the child while creating a request,03-OCT-24 04.11.35.974000 PM
7355.0,HR/Normal user tries to update the answer,03-OCT-24 03.10.01.336000 PM
5601.0,Normal user enters the Provvidenza Figli page,03-OCT-24 04.10.56.457000 PM
17731.0,Normal user enters the Provvidenza Figli page,14-OCT-24 03.52.24.417000 PM
19273.0,Recupero dettagli utente per invio adesione Fondo Nazionale,30-OCT-24 10.25.36.378000 AM
,Dettaglio elenco Cedolini e CU disponibili al download,24-OCT-24 05.02.40.460000 PM
5988.0,Normal user enters the Provvidenza Figli page,11-OCT-24 04.25.32.120000 PM
,Dettaglio elenco Cedolini e CU disponibili al download,07-OCT-24 02.28.10.974000 PM
6400.0,HR/Normal user tries to update the answer,03-OCT-24 03.40.07.689000 PM
,Dettaglio elenco Cedolini e CU disponibili al download,24-OCT-24 04.34.44.814000 PM
7203.0,HR/Normal user tries to update the answer,03-OCT-24 03.46.22.694000 PM
,Download PDF dalla sezione Cedolini,24-OCT-24 05.44.05.621000 PM
6547.0,Recupero dettagliutente per Scelta Welfare,03-OCT-24 03.28.41.953000 PM
5435.0,Normal user enters the Provvidenza Figli page,03-OCT-24 03.18.53.861000 PM
6420.0,HR/Normal user tries to update the answer,07-OCT-24 05.18.39.537000 PM
13001316.0,Normal user enters the Provvidenza Figli page,03-OCT-24 03.46.06.848000 PM
17151.0,HR/Normal user tries to update the answer,11-OCT-24 06.09.35.417000 PM
17521.0,Recupero dettagliutente per Scelta Welfare,24-OCT-24 04.51.19.725000 PM
6121.0,Normal user enters the Provvidenza Figli page,03-OCT-24 03.11.19.171000 PM
13001316.0,Normal user assign new grade for the child while creating a request,03-OCT-24 03.45.45.367000 PM
13002930.0,Recupero dettagli utente per invio adesione Fondo Nazionale,13-OCT-24 10.55.36.957000 PM
,Dettaglio elenco Cedolini e CU disponibili al download,24-OCT-24 04.42.51.887000 PM
5942.0,HR/Normal user tries to update the answer,03-OCT-24 03.52.39.571000 PM
13002926.0,Verifica possibilità di accesso a fondo pensione per Scelta Welfare,24-OCT-24 04.01.32.317000 PM
6084.0,Normal user enters the Provvidenza Figli page,11-OCT-24 04.50.52.021000 PM
7588.0,HR/Normal user tries to update the answer,03-OCT-24 02.58.43.505000 PM
,Accesso alle funzionalità BackOffice di Cedolini e CU per dettaglio PDF caricati per società,24-OCT-24 05.09.44.597000 PM
,Dettaglio elenco Cedolini e CU disponibili al download,03-OCT-24 03.58.47.758000 PM
,Download PDF dalla sezione Cedolini,24-OCT-24 05.28.06.047000 PM
13002735.0,Recupero dettagliutente per Scelta Welfare,13-OCT-24 09.35.04.293000 PM
5988.0,Normal user enters the Provvidenza Figli page,11-OCT-24 04.22.20.060000 PM
17151.0,Normal user enters the Provvidenza Figli page,11-OCT-24 06.10.49.493000 PM
,Download PDF dalla sezione Cedolini,24-OCT-24 05.11.43.791000 PM
5601.0,Normal user enters the Provvidenza Figli page,03-OCT-24 04.12.03.372000 PM
,Download PDF dalla sezione Cedolini,26-OCT-24 06.11.46.439000 PM
5435.0,Normal user enters the Provvidenza Figli page,03-OCT-24 03.17.02.858000 PM
7380.0,Normal user assign new grade for the child while creating a request,07-OCT-24 12.33.24.353000 PM
,A valid user enters the MIFID page details of the user would be logged,11-OCT-24 06.22.59.783000 PM
,Dettaglio elenco Cedolini e CU disponibili al download,30-OCT-24 10.10.54.379000 AM
,Accesso alle funzionalità BackOffice di Cedolini e CU per dettaglio PDF caricati per società,24-OCT-24 04.58.50.666000 PM
5096.0,HR/Normal user tries to update the answer,03-OCT-24 02.55.49.352000 PM
5570.0,HR/Normal user tries to update the answer,14-OCT-24 03.47.54.129000 PM
9405.0,HR/Normal user tries to update the answer,07-OCT-24 12.20.00.094000 PM
19201.0,HR/Normal user tries to update the answer,07-OCT-24 12.22.57.888000 PM
5647.0,HR/Normal user tries to update the answer,07-OCT-24 01.00.20.173000 PM
6331.0,HR/Normal user tries to update the answer,07-OCT-24 12.27.00.466000 PM
8370.0,HR/Normal user tries to update the answer,08-OCT-24 02.03.17.169000 PM
5335.0,HR/Normal user tries to update the answer,04-OCT-24 09.27.46.415000 PM
14619.0,Normal user tries to create new Provvidenza request for a child,04-OCT-24 09.20.28.187000 PM
5647.0,HR/Normal user tries to update the answer,07-OCT-24 12.59.48.145000 PM
5754.0,HR/Normal user tries to update the answer,07-OCT-24 12.20.52.225000 PM
6979.0,HR/Normal user tries to update the answer,07-OCT-24 12.54.20.527000 PM
7380.0,Normal user tries to create new Provvidenza request for a child,07-OCT-24 12.33.24.137000 PM
15649.0,HR/Normal user tries to update the answer,24-OCT-24 09.58.23.938000 AM
6828.0,HR/Normal user tries to update the answer,03-OCT-24 05.31.41.476000 PM
7375.0,HR/Normal user tries to update the answer,03-OCT-24 05.31.22.012000 PM
5948.0,HR/Normal user tries to update the answer,08-OCT-24 01.49.06.499000 PM
7313.0,Normal user tries to create new Provvidenza request for a child,07-OCT-24 11.58.54.044000 AM
6282.0,HR/Normal user tries to update the answer,07-OCT-24 12.11.20.859000 PM
6000.0,HR/Normal user tries to update the answer,04-OCT-24 10.00.39.264000 PM
6979.0,Normal user assign new grade for the child while creating a request,07-OCT-24 12.54.49.435000 PM
6771.0,HR/Normal user tries to update the answer,07-OCT-24 12.41.49.480000 PM
7150.0,HR/Normal user tries to update the answer,07-OCT-24 07.53.10.836000 AM
17151.0,Normal user update grade for a child,11-OCT-24 06.12.01.180000 PM
,Dettaglio elenco Cedolini e CU disponibili al download,28-OCT-24 04.17.26.585000 PM
,Dettaglio elenco Cedolini e CU disponibili al download,07-OCT-24 12.56.10.791000 PM
6905.0,HR/Normal user tries to update the answer,07-OCT-24 08.51.49.457000 AM
9377.0,Recupero dettagliutente per Scelta Welfare,28-OCT-24 04.19.12.351000 PM
7506.0,HR/Normal user tries to update the answer,06-OCT-24 08.11.48.247000 PM
6551.0,Normal user assign new grade for the child while creating a request,03-OCT-24 05.54.37.976000 PM
6529.0,Normal user tries to create new Provvidenza request for a child,03-OCT-24 05.36.27.856000 PM
5927.0,Normal user update grade for a child,07-OCT-24 08.37.59.745000 AM
5817.0,Normal user assign new grade for the child while creating a request,03-OCT-24 05.49.11.202000 PM
5979.0,HR/Normal user tries to update the answer,03-OCT-24 06.01.50.984000 PM
6771.0,Normal user tries to create new Provvidenza request for a child,07-OCT-24 12.41.58.629000 PM
7836.0,Dettaglio elenco Cedolini e CU disponibili al download,28-OCT-24 04.28.04.404000 PM
6331.0,Normal user enters the Provvidenza Figli page,07-OCT-24 12.27.18.386000 PM
9545.0,HR/Normal user tries to update the answer,03-OCT-24 06.10.38.701000 PM
5988.0,Normal user enters the Provvidenza Figli page,11-OCT-24 04.31.30.407000 PM
,Dettaglio elenco Cedolini e CU disponibili al download,25-OCT-24 03.30.42.396000 PM
13002266.0,Recupero dettagliutente per Scelta Welfare,24-OCT-24 12.23.26.171000 PM
10871.0,Normal user assign new grade for the child while creating a request,03-OCT-24 06.18.59.289000 PM
7659.0,Dettaglio elenco Cedolini e CU disponibili al download,28-OCT-24 04.12.02.117000 PM
,Download PDF dalla sezione Cedolini,07-OCT-24 08.42.32.153000 AM
,Dettaglio elenco Cedolini e CU disponibili al download,25-OCT-24 02.32.21.122000 PM
,Download PDF dalla sezione Cedolini,25-OCT-24 02.22.43.706000 PM
,Download PDF dalla sezione Cedolini,25-OCT-24 03.36.03.612000 PM
6252.0,Normal user enters the Provvidenza Figli page,07-OCT-24 08.13.25.578000 AM
7276.0,HR/Normal user tries to update the answer,03-OCT-24 06.04.06.530000 PM
6252.0,Normal user tries to create new Provvidenza request for a child,07-OCT-24 08.13.30.063000 AM
,Dettaglio elenco Cedolini e CU disponibili al download,30-OCT-24 10.32.55.815000 AM
7391.0,Normal user tries to create new Provvidenza request for a child,03-OCT-24 06.13.52.942000 PM
7953.0,Download PDF dalla sezione Cedolini,28-OCT-24 04.43.10.324000 PM
,Dettaglio elenco Cedolini e CU disponibili al download,25-OCT-24 02.34.56.285000 PM
7276.0,Normal user tries to create new Provvidenza request for a child,03-OCT-24 06.03.51.772000 PM
6130.0,Dettaglio elenco Cedolini e CU disponibili al download,28-OCT-24 04.35.47.367000 PM
,Download PDF dalla sezione Cedolini,25-OCT-24 03.36.43.215000 PM
13001210.0,Recupero dettagliutente per Scelta Welfare,28-OCT-24 04.22.40.709000 PM
5681.0,Normal user assign new grade for the child while creating a request,03-OCT-24 07.02.58.069000 PM
5979.0,HR/Normal user tries to update the answer,03-OCT-24 06.01.58.671000 PM
,Download PDF dalla sezione Cedolini,28-OCT-24 04.48.53.753000 PM
,Download PDF dalla sezione Cedolini,03-OCT-24 06.22.15.843000 PM
,Dettaglio elenco Cedolini e CU disponibili al download,28-OCT-24 04.41.53.767000 PM
,Dettaglio elenco Cedolini e CU disponibili al download,16-OCT-24 09.53.47.573000 AM
15798.0,Download PDF dalla sezione Cedolini,28-OCT-24 04.18.31.006000 PM
,Download PDF dalla sezione Cedolini,25-OCT-24 03.29.30.359000 PM
,Dettaglio elenco Cedolini e CU disponibili al download,28-OCT-24 04.21.56.489000 PM
,Download PDF dalla sezione Cedolini,24-OCT-24 12.13.01.918000 PM
6119.0,Normal user tries to create new Provvidenza request for a child,03-OCT-24 06.14.10.609000 PM
,Download PDF dalla sezione Cedolini,16-OCT-24 09.53.50.007000 AM
5404.0,Verifica possibilità di accesso a fondo pensione per Scelta Welfare,28-OCT-24 04.14.58.332000 PM
5780.0,HR/Normal user tries to update the answer,07-OCT-24 08.19.49.307000 AM
8166.0,Normal user tries to create new Provvidenza request for a child,07-OCT-24 08.14.02.482000 AM
,Download PDF dalla sezione Cedolini,30-OCT-24 11.07.26.340000 AM
,Download PDF dalla sezione Cedolini,28-OCT-24 04.38.55.089000 PM
7832.0,HR/Normal user tries to update the answer,03-OCT-24 06.18.24.418000 PM
,Download PDF dalla sezione Cedolini,28-OCT-24 04.41.55.734000 PM
,Dettaglio elenco Cedolini e CU disponibili al download,25-OCT-24 02.28.14.688000 PM
5681.0,HR/Normal user tries to update the answer,03-OCT-24 07.02.40.113000 PM
,Dettaglio elenco Cedolini e CU disponibili al download,03-OCT-24 06.16.43.201000 PM
13000028.0,Verifica possibilità di accesso a fondo pensione per Scelta Welfare,24-OCT-24 12.19.00.718000 PM
7832.0,HR tried to update grade,03-OCT-24 06.18.21.846000 PM
,Dettaglio elenco Cedolini e CU disponibili al download,28-OCT-24 04.24.07.392000 PM
,Dettaglio elenco Cedolini e CU disponibili al download,29-OCT-24 12.58.13.431000 PM
5817.0,HR/Normal user tries to update the answer,03-OCT-24 05.47.54.152000 PM
7836.0,Dettaglio elenco Cedolini e CU disponibili al download,28-OCT-24 04.24.03.588000 PM
6075.0,Normal user enters the Provvidenza Figli page,03-OCT-24 04.59.24.288000 PM
5505.0,Normal user tries to create new Provvidenza request for a child,07-OCT-24 08.59.25.289000 AM
,Download PDF dalla sezione Cedolini,28-OCT-24 04.15.40.235000 PM
,Dettaglio elenco Cedolini e CU disponibili al download,24-OCT-24 12.17.47.693000 PM
6872.0,Normal / HR user updates the answer,11-OCT-24 04.18.19.851000 PM
6199.0,HR user update the status from Back office,09-OCT-24 04.54.54.812000 PM
,Download PDF dalla sezione Cedolini,01-OCT-24 12.07.20.060000 PM
5979.0,HR/Normal user tries to update the answer,03-OCT-24 06.03.01.102000 PM
6774.0,Normal user enters the Provvidenza Figli page,09-OCT-24 05.24.14.661000 PM
7953.0,Dettaglio elenco Cedolini e CU disponibili al download,28-OCT-24 04.44.04.358000 PM
,Download PDF dalla sezione Cedolini,28-OCT-24 04.44.12.306000 PM
7000.0,Normal user tries to create new Provvidenza request for a child,03-OCT-24 06.58.34.289000 PM
,Lettura e accettazione dell'accordo di smartworking,30-OCT-24 11.12.30.985000 AM
9545.0,HR/Normal user tries to update the answer,03-OCT-24 06.10.42.673000 PM
13002930.0,Recupero dettagliutente per Scelta Welfare,01-OCT-24 12.55.15.706000 PM
5929.0,Recupero dettagliutente per Scelta Welfare,28-OCT-24 04.22.44.390000 PM
,Download PDF dalla sezione Cedolini,15-OCT-24 01.12.18.801000 PM
5502.0,Normal user enters the Provvidenza Figli page,07-OCT-24 03.29.38.377000 PM
17709.0,Download PDF dalla sezione Cedolini,01-OCT-24 10.34.45.306000 AM
,Dettaglio elenco Cedolini e CU disponibili al download,25-OCT-24 02.13.45.237000 PM
,Download PDF dalla sezione Cedolini,01-OCT-24 09.45.55.896000 AM
,Dettaglio elenco Cedolini e CU disponibili al download,15-OCT-24 11.59.50.362000 AM
13002733.0,Normal user enters the Provvidenza Figli page,01-OCT-24 10.42.00.927000 AM
5145.0,Dettaglio elenco Cedolini e CU disponibili al download,29-OCT-24 08.37.47.397000 AM
5954.0,Normal user enters the Provvidenza Figli page,01-OCT-24 08.18.50.508000 AM
7212.0,Download PDF dalla sezione Cedolini,01-OCT-24 12.58.54.458000 PM
7055.0,HR/Normal user tries to update the answer,06-OCT-24 05.49.35.193000 PM
6733.0,Normal / HR user updates the answer,09-OCT-24 12.00.30.947000 PM
6843.0,Normal user enters the Provvidenza Figli page,04-OCT-24 12.20.52.959000 PM
,Download PDF dalla sezione Cedolini,01-OCT-24 10.48.27.697000 AM
19497.0,Normal user enters the Provvidenza Figli page,07-OCT-24 03.28.18.668000 PM
7066.0,Normal user tries to create new Provvidenza request for a child,06-OCT-24 04.07.34.209000 PM
5905.0,Normal user enters the Provvidenza Figli page,04-OCT-24 12.36.51.108000 PM
6964.0,HR/Normal user tries to update the answer,06-OCT-24 03.42.33.340000 PM
6964.0,Normal / HR user updates the answer,06-OCT-24 03.43.05.511000 PM
5495.0,Normal user assign new grade for the child while creating a request,04-OCT-24 12.28.50.620000 PM
8423.0,Normal user enters the Provvidenza Figli page,29-OCT-24 08.17.42.365000 AM
7266.0,HR/Normal user tries to update the answer,06-OCT-24 05.19.25.249000 PM
,Dettaglio elenco Cedolini e CU disponibili al download,10-OCT-24 02.39.25.527000 PM
13000150.0,Recupero dettagliutente per Scelta Welfare,04-OCT-24 03.05.43.652000 PM
5434.0,HR/Normal user tries to update the answer,11-OCT-24 10.25.00.405000 AM
6964.0,HR/Normal user tries to update the answer,06-OCT-24 03.42.48.852000 PM
,Dettaglio elenco Cedolini e CU disponibili al download,29-OCT-24 09.20.13.542000 AM
5297.0,Recupero dettagliutente per Scelta Welfare,14-OCT-24 02.44.03.001000 PM
8203.0,HR/Normal user tries to update the answer,03-OCT-24 03.20.21.042000 PM
13000882.0,HR/Normal user tries to update the answer,06-OCT-24 05.18.01.866000 PM
,Dettaglio elenco Cedolini e CU disponibili al download,20-OCT-24 08.37.19.950000 AM
6474.0,HR/Normal user tries to update the answer,03-OCT-24 03.49.23.417000 PM
5313.0,HR/Normal user tries to update the answer,03-OCT-24 03.50.15.362000 PM
6205.0,Dettaglio elenco Cedolini e CU disponibili al download,29-OCT-24 08.18.48.535000 AM
18000.0,HR/Normal user tries to update the answer,09-OCT-24 11.09.52.447000 AM
5854.0,HR/Normal user tries to update the answer,10-OCT-24 03.00.27.143000 PM
15308.0,HR/Normal user tries to update the answer,04-OCT-24 03.20.26.541000 PM
6987.0,Normal user enters the Provvidenza Figli page,03-OCT-24 03.32.46.802000 PM
6547.0,Verifica possibilità di accesso a fondo pensione per Scelta Welfare,03-OCT-24 03.28.41.990000 PM
,Download PDF dalla sezione Cedolini,04-OCT-24 02.49.11.844000 PM
8423.0,HR/Normal user tries to update the answer,29-OCT-24 08.18.17.386000 AM
9233.0,Normal user enters the Provvidenza Figli page,03-OCT-24 03.19.40.892000 PM
6964.0,Normal user tries to create new Provvidenza request for a child,06-OCT-24 03.42.28.482000 PM
6199.0,Normal user enters the Provvidenza Figli page,09-OCT-24 11.33.58.857000 AM
19481.0,Normal user enters the Provvidenza Figli page,04-OCT-24 02.55.25.305000 PM
7059.0,Normal user enters the Provvidenza Figli page,10-OCT-24 02.50.11.963000 PM
,Download PDF dalla sezione Cedolini,04-OCT-24 03.33.19.399000 PM
7066.0,HR/Normal user tries to update the answer,06-OCT-24 04.07.48.720000 PM
,Dettaglio elenco Cedolini e CU disponibili al download,03-OCT-24 03.26.51.942000 PM
7599.0,Normal user enters the Provvidenza Figli page,10-OCT-24 02.44.30.835000 PM
5670.0,HR/Normal user tries to update the answer,03-OCT-24 03.29.35.907000 PM
5262.0,Dettaglio elenco Cedolini e CU disponibili al download,29-OCT-24 08.37.52.516000 AM
,Dettaglio elenco Cedolini e CU disponibili al download,03-OCT-24 03.46.37.296000 PM
6793.0,HR/Normal user tries to update the answer,03-OCT-24 03.27.18.811000 PM
7266.0,HR/Normal user tries to update the answer,06-OCT-24 05.18.13.462000 PM
13001302.0,Recupero dettagliutente per Scelta Welfare,29-OCT-24 09.05.16.301000 AM
6820.0,Dettaglio elenco Cedolini e CU disponibili al download,03-OCT-24 04.06.41.335000 PM
,Dettaglio elenco Cedolini e CU disponibili al download,02-OCT-24 11.20.45.916000 AM
9238.0,HR/Normal user tries to update the answer,03-OCT-24 03.56.54.128000 PM
6990.0,Normal user enters the Provvidenza Figli page,03-OCT-24 03.40.11.851000 PM
,Dettaglio elenco Cedolini e CU disponibili al download,25-OCT-24 04.14.45.513000 PM
9233.0,Normal user enters the Provvidenza Figli page,03-OCT-24 03.21.26.403000 PM
5942.0,HR/Normal user tries to update the answer,03-OCT-24 03.52.24.167000 PM
7599.0,HR/Normal user tries to update the answer,10-OCT-24 02.44.16.207000 PM
6186.0,HR/Normal user tries to update the answer,11-OCT-24 09.53.40.794000 AM
6820.0,HR/Normal user tries to update the answer,03-OCT-24 04.05.32.002000 PM
5327.0,HR/Normal user tries to update the answer,11-OCT-24 10.21.50.693000 AM
18554.0,HR/Normal user tries to update the answer,03-OCT-24 03.27.41.812000 PM
6186.0,Normal user enters the Provvidenza Figli page,11-OCT-24 09.54.17.706000 AM
6400.0,Normal user assign new grade for the child while creating a request,03-OCT-24 03.38.46.715000 PM
6400.0,Normal user tries to create new Provvidenza request for a child,03-OCT-24 03.38.46.569000 PM
6990.0,Normal user enters the Provvidenza Figli page,03-OCT-24 03.39.44.451000 PM
,Download PDF dalla sezione Cedolini,02-OCT-24 11.35.15.557000 AM
5714.0,HR/Normal user tries to update the answer,03-OCT-24 03.32.40.061000 PM
6186.0,Normal user enters the Provvidenza Figli page,11-OCT-24 09.57.06.138000 AM
5658.0,Normal user update grade for a child,03-OCT-24 03.28.03.044000 PM
6913.0,Normal user enters the Provvidenza Figli page,03-OCT-24 03.30.14.448000 PM
,Dettaglio elenco Cedolini e CU disponibili al download,21-OCT-24 11.06.33.083000 AM
5568.0,HR tried to update grade,04-OCT-24 03.31.36.153000 PM
,Download PDF dalla sezione Cedolini,21-OCT-24 11.07.17.755000 AM
,Dettaglio elenco Cedolini e CU disponibili al download,03-OCT-24 03.19.33.190000 PM
5854.0,Normal user enters the Provvidenza Figli page,10-OCT-24 02.59.50.827000 PM
10389.0,Normal user enters the Provvidenza Figli page,03-OCT-24 03.35.33.706000 PM
6199.0,Normal user enters the Provvidenza Figli page,11-OCT-24 10.22.49.364000 AM
9233.0,HR/Normal user tries to update the answer,03-OCT-24 03.21.16.754000 PM
13001316.0,Normal / HR user updates the answer,03-OCT-24 03.45.25.838000 PM
6849.0,Normal user tries to create new Provvidenza request for a child,03-OCT-24 03.38.06.149000 PM
6528.0,Normal user enters the Provvidenza Figli page,03-OCT-24 03.39.03.621000 PM
,Dettaglio elenco Cedolini e CU disponibili al download,03-OCT-24 11.19.37.547000 AM
6987.0,HR/Normal user tries to update the answer,03-OCT-24 03.32.33.322000 PM
6849.0,Normal user assign new grade for the child while creating a request,03-OCT-24 03.39.01.434000 PM
15319.0,Normal user assign new grade for the child while creating a request,04-OCT-24 03.16.33.326000 PM
13001316.0,HR/Normal user tries to update the answer,03-OCT-24 03.45.55.232000 PM
6390.0,HR/Normal user tries to update the answer,10-OCT-24 03.20.33.733000 PM
6390.0,HR/Normal user tries to update the answer,10-OCT-24 03.20.42.664000 PM
6037.0,HR/Normal user tries to update the answer,08-OCT-24 05.37.04.076000 PM
,Dettaglio elenco Cedolini e CU disponibili al download,08-OCT-24 05.19.49.124000 PM
5658.0,Normal user assign new grade for the child while creating a request,03-OCT-24 03.26.49.003000 PM
5313.0,HR/Normal user tries to update the answer,03-OCT-24 03.51.01.376000 PM
5885.0,Normal user enters the Provvidenza Figli page,03-OCT-24 04.00.01.643000 PM
6880.0,HR/Normal user tries to update the answer,03-OCT-24 03.19.34.186000 PM
13001798.0,Normal / HR user updates the answer,03-OCT-24 03.41.11.271000 PM
6528.0,Normal user update grade for a child,03-OCT-24 03.52.00.354000 PM
19323.0,Normal user enters the Provvidenza Figli page,03-OCT-24 04.06.16.699000 PM
5535.0,HR/Normal user tries to update the answer,03-OCT-24 03.03.32.137000 PM
,Download PDF dalla sezione Cedolini,28-OCT-24 01.42.56.349000 PM
7115.0,Normal user enters the Provvidenza Figli page,03-OCT-24 03.09.00.705000 PM
5938.0,HR/Normal user tries to update the answer,03-OCT-24 03.16.15.495000 PM
5535.0,HR/Normal user tries to update the answer,03-OCT-24 03.02.16.214000 PM
,Dettaglio elenco Cedolini e CU disponibili al download,03-OCT-24 03.57.24.669000 PM
6941.0,Normal user enters the Provvidenza Figli page,03-OCT-24 03.24.52.094000 PM
6883.0,Normal user enters the Provvidenza Figli page,03-OCT-24 03.03.05.304000 PM
,Dettaglio elenco Cedolini e CU disponibili al download,02-OCT-24 03.25.01.774000 PM
,Download PDF dalla sezione Cedolini,03-OCT-24 03.51.05.506000 PM
6204.0,HR/Normal user tries to update the answer,03-OCT-24 04.00.52.451000 PM
5535.0,HR/Normal user tries to update the answer,03-OCT-24 03.03.43.419000 PM
5902.0,Normal user enters the Provvidenza Figli page,03-OCT-24 03.30.14.726000 PM
5885.0,HR/Normal user tries to update the answer,03-OCT-24 03.59.10.028000 PM
13001994.0,Normal user assign new grade for the child while creating a request,03-OCT-24 03.56.34.349000 PM
,Download PDF dalla sezione Cedolini,28-OCT-24 10.14.06.122000 AM
,Download PDF dalla sezione Cedolini,03-OCT-24 03.29.24.865000 PM
,Dettaglio elenco Cedolini e CU disponibili al download,02-OCT-24 03.55.54.887000 PM
,Dettaglio elenco Cedolini e CU disponibili al download,10-OCT-24 11.21.59.443000 AM
,Download PDF dalla sezione Cedolini,29-OCT-24 10.00.42.361000 PM
5319.0,HR/Normal user tries to update the answer,18-OCT-24 04.04.30.172000 PM
13001184.0,Normal user update grade for a child,18-OCT-24 04.05.23.023000 PM
7985.0,Normal user tries to create new Provvidenza request for a child,10-OCT-24 09.31.46.809000 AM
,Download PDF dalla sezione Cedolini,28-OCT-24 10.45.27.084000 AM
5313.0,HR/Normal user tries to update the answer,03-OCT-24 03.51.04.704000 PM
5942.0,Normal user assign new grade for the child while creating a request,03-OCT-24 03.52.18.820000 PM
6147.0,HR/Normal user tries to update the answer,07-OCT-24 09.51.34.224000 AM
13002975.0,HR tried to update grade,22-OCT-24 08.32.24.433000 AM
,Dettaglio elenco Cedolini e CU disponibili al download,23-OCT-24 11.34.42.497000 AM
6525.0,Normal user enters the Provvidenza Figli page,07-OCT-24 09.42.29.873000 AM
5313.0,HR/Normal user tries to update the answer,03-OCT-24 03.50.10.711000 PM
7658.0,HR/Normal user tries to update the answer,07-OCT-24 09.28.34.776000 AM
13002975.0,Normal user enters the Provvidenza Figli page,22-OCT-24 08.31.34.869000 AM
6335.0,Normal user enters the Provvidenza Figli page,11-OCT-24 08.00.29.116000 PM
7658.0,Normal user enters the Provvidenza Figli page,07-OCT-24 09.28.17.167000 AM
13002972.0,Verifica possibilità di accesso a fondo pensione per Scelta Welfare,18-OCT-24 03.36.05.306000 PM
,Dettaglio elenco Cedolini e CU disponibili al download,07-OCT-24 10.03.47.686000 AM
5874.0,Normal user enters the Provvidenza Figli page,07-OCT-24 09.42.02.253000 AM
13002970.0,Recupero dettagli utente per Scelta orario di lavoro,18-OCT-24 04.16.49.832000 PM
5516.0,HR/Normal user tries to update the answer,11-OCT-24 08.30.53.741000 PM
5516.0,Normal user enters the Provvidenza Figli page,11-OCT-24 08.33.48.742000 PM
,Download PDF dalla sezione Cedolini,24-OCT-24 05.25.25.427000 PM
,Dettaglio elenco Cedolini e CU disponibili al download,30-OCT-24 11.07.20.837000 AM
5336.0,Normal user enters the Provvidenza Figli page,01-OCT-24 04.36.58.781000 PM
,Download PDF dalla sezione Cedolini,24-OCT-24 05.08.21.676000 PM
8163.0,HR/Normal user tries to update the answer,08-OCT-24 05.09.50.981000 PM
,Download PDF dalla sezione Cedolini,25-OCT-24 12.46.16.817000 AM
8163.0,Recupero dettagliutente per Scelta Welfare,08-OCT-24 05.19.37.927000 PM
,Download PDF dalla sezione Cedolini,24-OCT-24 10.58.57.639000 PM
,Dettaglio elenco Cedolini e CU disponibili al download,25-OCT-24 12.46.14.744000 AM
,Download PDF dalla sezione Cedolini,14-OCT-24 05.03.24.969000 PM
8163.0,Dettaglio elenco Cedolini e CU disponibili al download,08-OCT-24 05.19.58.326000 PM
6058.0,HR/Normal user tries to update the answer,07-OCT-24 10.18.04.959000 AM
,Download PDF dalla sezione Cedolini,14-OCT-24 10.09.37.937000 AM
6972.0,HR/Normal user tries to update the answer,14-OCT-24 04.37.24.687000 PM
5926.0,Normal user enters the Provvidenza Figli page,10-OCT-24 09.30.12.855000 AM
9473.0,Normal user enters the Provvidenza Figli page,07-OCT-24 10.35.36.609000 AM
5587.0,HR/Normal user tries to update the answer,10-OCT-24 10.17.00.978000 AM
5492.0,Normal user assign new grade for the child while creating a request,14-OCT-24 05.14.41.062000 PM
,Dettaglio elenco Cedolini e CU disponibili al download,14-OCT-24 05.22.14.694000 PM
5533.0,HR/Normal user tries to update the answer,08-OCT-24 05.12.47.800000 PM
7669.0,Dettaglio elenco Cedolini e CU disponibili al download,16-OCT-24 04.21.35.403000 PM
5365.0,Normal user assign new grade for the child while creating a request,08-OCT-24 01.49.25.373000 PM
,Download PDF dalla sezione Cedolini,14-OCT-24 05.25.52.236000 PM
,Download PDF dalla sezione Cedolini,21-OCT-24 11.07.43.187000 AM
16786.0,Dettaglio elenco Cedolini e CU disponibili al download,23-OCT-24 02.34.42.807000 PM
,Dettaglio elenco Cedolini e CU disponibili al download,25-OCT-24 08.56.21.646000 AM
5492.0,Normal user tries to create new Provvidenza request for a child,14-OCT-24 05.14.40.922000 PM
,Download PDF dalla sezione Cedolini,25-OCT-24 08.57.25.317000 AM
,Dettaglio elenco Cedolini e CU disponibili al download,23-OCT-24 02.23.18.203000 PM
13002560.0,Verifica possibilità di accesso a fondo pensione per Scelta Welfare,23-OCT-24 02.31.37.725000 PM
6933.0,HR/Normal user tries to update the answer,25-OCT-24 08.58.19.472000 AM
,Dettaglio elenco Cedolini e CU disponibili al download,14-OCT-24 05.07.15.440000 PM
,Download PDF dalla sezione Cedolini,21-OCT-24 11.07.18.773000 AM
13000364.0,Recupero dettagliutente per Scelta Welfare,14-OCT-24 10.42.46.072000 AM
6922.0,Normal user tries to create new Provvidenza request for a child,06-OCT-24 10.08.40.452000 AM
5946.0,Normal user tries to create new Provvidenza request for a child,16-OCT-24 05.28.02.025000 PM
7451.0,Dettaglio elenco Cedolini e CU disponibili al download,29-OCT-24 09.28.32.656000 AM
,Download PDF dalla sezione Cedolini,25-OCT-24 08.46.27.302000 AM
,Download PDF dalla sezione Cedolini,23-OCT-24 02.33.23.500000 PM
,Download PDF dalla sezione Cedolini,25-OCT-24 08.39.57.918000 AM
,Dettaglio elenco Cedolini e CU disponibili al download,25-OCT-24 09.28.43.329000 AM
13002972.0,Verifica possibilità di accesso a fondo pensione per Scelta Welfare,18-OCT-24 11.21.11.408000 AM
,Download PDF dalla sezione Cedolini,25-OCT-24 08.46.33.748000 AM
,Dettaglio elenco Cedolini e CU disponibili al download,25-OCT-24 08.35.43.630000 AM
,Dettaglio elenco Cedolini e CU disponibili al download,25-OCT-24 08.54.51.686000 AM
,Download PDF dalla sezione Cedolini,18-OCT-24 10.36.13.030000 AM
5647.0,Normal user tries to create new Provvidenza request for a child,07-OCT-24 01.00.31.089000 PM
5923.0,Recupero dettagliutente per Scelta Welfare,29-OCT-24 09.34.15.752000 AM
,Dettaglio elenco Cedolini e CU disponibili al download,25-OCT-24 09.05.43.664000 AM
,Dettaglio elenco Cedolini e CU disponibili al download,14-OCT-24 08.58.42.475000 AM
,Dettaglio elenco Cedolini e CU disponibili al download,23-OCT-24 02.33.20.437000 PM
,Download PDF dalla sezione Cedolini,25-OCT-24 09.19.58.483000 AM
7147.0,Normal user assign new grade for the child while creating a request,03-OCT-24 04.30.05.065000 PM
,Dettaglio elenco Cedolini e CU disponibili al download,25-OCT-24 09.13.34.991000 AM
,Download PDF dalla sezione Cedolini,25-OCT-24 08.34.07.893000 AM
8979.0,Download PDF dalla sezione Cedolini,25-OCT-24 08.28.08.510000 AM
6611.0,Verifica possibilità di accesso a fondo pensione per Scelta Welfare,29-OCT-24 09.47.46.887000 AM
6199.0,Recupero dettagliutente per Scelta Welfare,29-OCT-24 09.58.34.334000 AM
5862.0,Verifica possibilità di accesso a fondo pensione per Scelta Welfare,29-OCT-24 10.09.36.854000 AM
13001389.0,Recupero dettagli utente per Scelta orario di lavoro,29-OCT-24 10.47.25.516000 AM
,Dettaglio elenco Cedolini e CU disponibili al download,25-OCT-24 09.34.47.526000 AM
,Dettaglio elenco Cedolini e CU disponibili al download,25-OCT-24 09.25.29.899000 AM
,Dettaglio elenco Cedolini e CU disponibili al download,25-OCT-24 09.26.36.399000 AM
,Dettaglio elenco Cedolini e CU disponibili al download,25-OCT-24 08.56.39.509000 AM
7212.0,Normal user tries to create new Provvidenza request for a child,10-OCT-24 12.42.56.625000 PM
6925.0,HR/Normal user tries to update the answer,03-OCT-24 04.21.49.620000 PM
,Download PDF dalla sezione Cedolini,25-OCT-24 08.49.53.865000 AM
,Download PDF dalla sezione Cedolini,25-OCT-24 09.21.35.368000 AM
6397.0,Normal / HR user updates the answer,03-OCT-24 04.30.23.683000 PM
5812.0,Dettaglio elenco Cedolini e CU disponibili al download,03-OCT-24 04.26.32.582000 PM
13002957.0,Recupero dettagli utente per invio adesione Fondo Nazionale,25-OCT-24 08.56.41.460000 AM
5561.0,Normal user tries to create new Provvidenza request for a child,03-OCT-24 04.13.38.115000 PM
7696.0,HR/Normal user tries to update the answer,03-OCT-24 05.23.15.862000 PM
5197.0,HR/Normal user tries to update the answer,03-OCT-24 04.27.39.099000 PM
,Download PDF dalla sezione Cedolini,25-OCT-24 08.56.17.270000 AM
,Download PDF dalla sezione Cedolini,25-OCT-24 08.50.31.421000 AM
,Download PDF dalla sezione Cedolini,25-OCT-24 09.20.26.982000 AM
,Dettaglio elenco Cedolini e CU disponibili al download,25-OCT-24 09.27.16.759000 AM
7174.0,Normal user enters the Provvidenza Figli page,03-OCT-24 04.17.24.904000 PM
5811.0,HR/Normal user tries to update the answer,07-OCT-24 08.42.35.423000 AM
,Download PDF dalla sezione Cedolini,25-OCT-24 09.29.42.417000 AM
,Dettaglio elenco Cedolini e CU disponibili al download,25-OCT-24 09.36.02.474000 AM
7170.0,Normal user enters the Provvidenza Figli page,03-OCT-24 04.11.49.638000 PM
6233.0,HR/Normal user tries to update the answer,03-OCT-24 04.24.41.117000 PM
6942.0,HR/Normal user tries to update the answer,15-OCT-24 11.17.45.757000 AM
,Dettaglio elenco Cedolini e CU disponibili al download,03-OCT-24 05.10.43.086000 PM
,Dettaglio elenco Cedolini e CU disponibili al download,10-OCT-24 01.12.56.274000 PM
5213.0,Normal user tries to create new Provvidenza request for a child,03-OCT-24 05.02.06.667000 PM
6479.0,HR/Normal user tries to update the answer,11-OCT-24 09.13.32.078000 AM
7071.0,HR/Normal user tries to update the answer,03-OCT-24 04.25.08.964000 PM
6641.0,Normal / HR user updates the answer,03-OCT-24 04.52.37.338000 PM
5683.0,Normal user assign new grade for the child while creating a request,15-OCT-24 10.35.05.002000 AM
7998.0,HR/Normal user tries to update the answer,03-OCT-24 05.05.13.059000 PM
,Dettaglio elenco Cedolini e CU disponibili al download,15-OCT-24 10.38.27.721000 AM
,Dettaglio elenco Cedolini e CU disponibili al download,25-OCT-24 09.24.12.271000 AM
13000264.0,Verifica possibilità di accesso a fondo pensione per Scelta Welfare,24-OCT-24 12.16.59.213000 PM
6397.0,HR tried to update grade,03-OCT-24 04.29.49.885000 PM
7726.0,Normal user assign new grade for the child while creating a request,03-OCT-24 04.33.35.433000 PM
17188.0,Normal user update grade for a child,04-OCT-24 11.38.26.356000 AM
7170.0,HR/Normal user tries to update the answer,03-OCT-24 04.12.14.584000 PM
7256.0,HR/Normal user tries to update the answer,03-OCT-24 05.00.00.937000 PM
15457.0,Normal user enters the Provvidenza Figli page,03-OCT-24 04.43.52.523000 PM
,Dettaglio elenco Cedolini e CU disponibili al download,28-OCT-24 04.40.06.379000 PM
6828.0,HR/Normal user tries to update the answer,03-OCT-24 05.30.40.990000 PM
6641.0,Normal user tries to create new Provvidenza request for a child,03-OCT-24 04.52.04.554000 PM
,Download PDF dalla sezione Cedolini,03-OCT-24 06.18.03.535000 PM
6925.0,Download PDF dalla sezione Cedolini,03-OCT-24 04.26.00.727000 PM
13002925.0,Recupero dettagli utente per invio adesione Fondo Nazionale,03-OCT-24 04.33.07.454000 PM
5879.0,HR/Normal user tries to update the answer,03-OCT-24 04.24.15.677000 PM
6641.0,Normal / HR user updates the answer,03-OCT-24 04.53.05.320000 PM
5601.0,Normal user update grade for a child,03-OCT-24 04.59.27.424000 PM
6641.0,Normal user enters the Provvidenza Figli page,03-OCT-24 04.55.12.189000 PM
7071.0,HR/Normal user tries to update the answer,03-OCT-24 04.25.17.023000 PM
7071.0,HR/Normal user tries to update the answer,03-OCT-24 04.24.57.080000 PM
17188.0,Normal user enters the Provvidenza Figli page,04-OCT-24 11.37.17.052000 AM
,Download PDF dalla sezione Cedolini,25-OCT-24 08.48.24.009000 PM
6377.0,HR/Normal user tries to update the answer,04-OCT-24 11.55.09.929000 AM
,Download PDF dalla sezione Cedolini,27-OCT-24 06.46.13.126000 PM
6450.0,HR/Normal user tries to update the answer,03-OCT-24 01.26.43.923000 PM
9473.0,Normal user enters the Provvidenza Figli page,03-OCT-24 01.24.23.094000 PM
6513.0,Normal user enters the Provvidenza Figli page,03-OCT-24 04.51.36.380000 PM
5957.0,Normal user assign new grade for the child while creating a request,03-OCT-24 01.37.12.160000 PM
6843.0,Normal user enters the Provvidenza Figli page,04-OCT-24 12.20.22.656000 PM
13001081.0,Normal user enters the Provvidenza Figli page,04-OCT-24 12.02.46.601000 PM
13002013.0,Verifica possibilità di accesso a fondo pensione per Scelta Welfare,01-OCT-24 09.56.26.077000 AM
7124.0,HR/Normal user tries to update the answer,03-OCT-24 01.19.17.390000 PM
7200.0,HR/Normal user tries to update the answer,03-OCT-24 01.26.34.531000 PM
8350.0,Normal user tries to create new Provvidenza request for a child,03-OCT-24 01.21.58.981000 PM
5351.0,Normal user enters the Provvidenza Figli page,04-OCT-24 11.26.02.874000 AM
6068.0,Normal user enters the Provvidenza Figli page,03-OCT-24 01.21.43.803000 PM
7207.0,Normal user enters the Provvidenza Figli page,03-OCT-24 01.31.14.030000 PM
6372.0,HR/Normal user tries to update the answer,03-OCT-24 01.26.17.756000 PM
7207.0,HR/Normal user tries to update the answer,03-OCT-24 01.24.28.383000 PM
,Dettaglio elenco Cedolini e CU disponibili al download,03-OCT-24 01.21.42.956000 PM
9098.0,Normal / HR user updates the answer,03-OCT-24 01.24.34.547000 PM
13002930.0,Recupero dettagliutente per Scelta Welfare,03-OCT-24 01.10.33.343000 PM
7232.0,Normal user enters the Provvidenza Figli page,03-OCT-24 01.15.10.557000 PM
5957.0,Normal user enters the Provvidenza Figli page,03-OCT-24 01.37.00.830000 PM
6088.0,Normal user tries to create new Provvidenza request for a child,03-OCT-24 01.18.10.326000 PM
5462.0,Normal user enters the Provvidenza Figli page,03-OCT-24 01.19.41.798000 PM
5957.0,HR/Normal user tries to update the answer,03-OCT-24 01.35.44.973000 PM
5802.0,HR/Normal user tries to update the answer,03-OCT-24 01.22.34.859000 PM
6457.0,Normal user enters the Provvidenza Figli page,03-OCT-24 01.26.23.149000 PM
13001627.0,HR/Normal user tries to update the answer,03-OCT-24 01.20.37.981000 PM
9359.0,HR/Normal user tries to update the answer,03-OCT-24 01.19.22.106000 PM
7047.0,HR/Normal user tries to update the answer,03-OCT-24 01.28.55.828000 PM
6219.0,Normal user enters the Provvidenza Figli page,03-OCT-24 01.16.50.258000 PM
6380.0,Normal user tries to create new Provvidenza request for a child,03-OCT-24 05.11.54.580000 PM
6035.0,Normal user assign new grade for the child while creating a request,03-OCT-24 01.18.52.853000 PM
14669.0,Normal user enters the Provvidenza Figli page,03-OCT-24 01.21.53.642000 PM
5604.0,Normal user enters the Provvidenza Figli page,03-OCT-24 01.26.30.825000 PM
9098.0,HR/Normal user tries to update the answer,03-OCT-24 01.25.30.448000 PM
5827.0,HR/Normal user tries to update the answer,10-OCT-24 01.12.51.323000 PM
16895.0,HR/Normal user tries to update the answer,03-OCT-24 01.23.22.684000 PM
7752.0,Normal user tries to create new Provvidenza request for a child,03-OCT-24 01.21.57.807000 PM
7601.0,HR/Normal user tries to update the answer,03-OCT-24 01.21.59.792000 PM
7486.0,HR tried to update grade,03-OCT-24 01.20.47.376000 PM
8708.0,HR/Normal user tries to update the answer,03-OCT-24 01.21.31.156000 PM
8264.0,Normal user enters the Provvidenza Figli page,03-OCT-24 12.52.22.922000 PM
5893.0,Normal user enters the Provvidenza Figli page,03-OCT-24 01.19.06.183000 PM
14669.0,Normal user assign new grade for the child while creating a request,03-OCT-24 01.20.36.408000 PM
5302.0,HR/Normal user tries to update the answer,03-OCT-24 01.25.53.078000 PM
5895.0,Normal user enters the Provvidenza Figli page,03-OCT-24 01.21.06.625000 PM
8410.0,HR/Normal user tries to update the answer,03-OCT-24 01.18.47.640000 PM
6372.0,Normal user assign new grade for the child while creating a request,03-OCT-24 01.25.46.960000 PM
5302.0,HR/Normal user tries to update the answer,03-OCT-24 01.25.55.818000 PM
5893.0,Normal user tries to create new Provvidenza request for a child,03-OCT-24 01.16.39.834000 PM
7637.0,Normal user enters the Provvidenza Figli page,03-OCT-24 01.26.42.664000 PM
5977.0,HR/Normal user tries to update the answer,03-OCT-24 01.33.59.629000 PM
5993.0,Verifica possibilità di accesso a fondo pensione per Scelta Welfare,03-OCT-24 01.16.58.352000 PM
7486.0,Normal user enters the Provvidenza Figli page,03-OCT-24 01.20.12.067000 PM
6182.0,Normal user tries to create new Provvidenza request for a child,03-OCT-24 01.27.02.152000 PM
5893.0,Normal user assign new grade for the child while creating a request,03-OCT-24 01.16.39.942000 PM
8350.0,Normal user assign new grade for the child while creating a request,03-OCT-24 01.21.12.882000 PM
16895.0,Normal user enters the Provvidenza Figli page,03-OCT-24 01.21.04.447000 PM
6360.0,Normal user enters the Provvidenza Figli page,03-OCT-24 01.16.40.584000 PM
5993.0,HR/Normal user tries to update the answer,03-OCT-24 01.18.53.996000 PM
6486.0,Normal user enters the Provvidenza Figli page,03-OCT-24 01.16.58.265000 PM
5863.0,Normal user tries to create new Provvidenza request for a child,03-OCT-24 01.14.56.043000 PM
6364.0,Normal user assign new grade for the child while creating a request,03-OCT-24 01.30.31.372000 PM
7386.0,Normal user enters the Provvidenza Figli page,03-OCT-24 01.24.09.837000 PM
7836.0,Normal user enters the Provvidenza Figli page,03-OCT-24 01.24.10.886000 PM
13001862.0,HR/Normal user tries to update the answer,03-OCT-24 01.34.49.817000 PM
5760.0,HR/Normal user tries to update the answer,03-OCT-24 01.34.49.401000 PM
5755.0,Normal user enters the Provvidenza Figli page,03-OCT-24 01.27.55.413000 PM
6560.0,Normal user enters the Provvidenza Figli page,03-OCT-24 01.16.14.174000 PM
6097.0,HR/Normal user tries to update the answer,03-OCT-24 01.17.24.320000 PM
6870.0,Normal user enters the Provvidenza Figli page,03-OCT-24 01.26.46.571000 PM
7637.0,Normal / HR user updates the answer,03-OCT-24 01.24.54.525000 PM
,Dettaglio elenco Cedolini e CU disponibili al download,24-OCT-24 02.38.25.323000 PM
14669.0,Normal user assign new grade for the child while creating a request,03-OCT-24 01.21.56.764000 PM
,Dettaglio elenco Cedolini e CU disponibili al download,02-OCT-24 01.41.12.338000 PM
9403.0,HR/Normal user tries to update the answer,03-OCT-24 01.15.17.426000 PM
6956.0,Normal user tries to create new Provvidenza request for a child,03-OCT-24 01.22.58.775000 PM
5580.0,Normal user enters the Provvidenza Figli page,03-OCT-24 01.15.56.136000 PM
8309.0,HR/Normal user tries to update the answer,03-OCT-24 01.15.10.011000 PM
7296.0,Normal user tries to create new Provvidenza request for a child,03-OCT-24 01.15.38.407000 PM
6382.0,Normal user enters the Provvidenza Figli page,03-OCT-24 01.23.57.709000 PM
7333.0,Dettaglio elenco Cedolini e CU disponibili al download,03-OCT-24 01.17.12.476000 PM
6195.0,HR/Normal user tries to update the answer,03-OCT-24 01.21.26.547000 PM
6708.0,HR/Normal user tries to update the answer,03-OCT-24 01.28.07.667000 PM
7836.0,Normal user assign new grade for the child while creating a request,03-OCT-24 01.23.24.493000 PM
5130.0,HR/Normal user tries to update the answer,03-OCT-24 01.20.52.018000 PM
7813.0,Normal user enters the Provvidenza Figli page,03-OCT-24 01.17.57.609000 PM
8061.0,HR/Normal user tries to update the answer,03-OCT-24 01.17.53.401000 PM
17394.0,HR/Normal user tries to update the answer,03-OCT-24 01.16.44.198000 PM
7636.0,Normal user assign new grade for the child while creating a request,03-OCT-24 01.22.50.171000 PM
6763.0,Normal user enters the Provvidenza Figli page,03-OCT-24 01.27.19.656000 PM
7906.0,Normal user enters the Provvidenza Figli page,03-OCT-24 01.19.11.632000 PM
7601.0,HR/Normal user tries to update the answer,03-OCT-24 01.21.50.331000 PM
6692.0,HR/Normal user tries to update the answer,03-OCT-24 01.35.21.138000 PM
7263.0,Normal user enters the Provvidenza Figli page,03-OCT-24 01.21.36.252000 PM
5255.0,Normal user enters the Provvidenza Figli page,03-OCT-24 01.23.53.015000 PM
5834.0,Normal user assign new grade for the child while creating a request,03-OCT-24 01.32.10.097000 PM
6377.0,Normal user enters the Provvidenza Figli page,04-OCT-24 11.55.52.001000 AM
5731.0,HR/Normal user tries to update the answer,03-OCT-24 01.18.17.665000 PM
5210.0,Normal user enters the Provvidenza Figli page,03-OCT-24 12.47.43.771000 PM
5666.0,Normal user tries to create new Provvidenza request for a child,03-OCT-24 01.16.12.278000 PM
5580.0,HR/Normal user tries to update the answer,03-OCT-24 01.16.56.996000 PM
6882.0,Normal user assign new grade for the child while creating a request,03-OCT-24 01.21.38.379000 PM
5893.0,HR/Normal user tries to update the answer,03-OCT-24 01.17.11.024000 PM
6097.0,Normal user enters the Provvidenza Figli page,03-OCT-24 01.15.35.692000 PM
6227.0,Normal user enters the Provvidenza Figli page,03-OCT-24 01.19.50.311000 PM
,Dettaglio elenco Cedolini e CU disponibili al download,19-OCT-24 06.32.56.282000 PM
7448.0,Normal user enters the Provvidenza Figli page,03-OCT-24 01.14.41.717000 PM
7207.0,HR/Normal user tries to update the answer,03-OCT-24 01.18.06.616000 PM
6918.0,Normal user enters the Provvidenza Figli page,03-OCT-24 01.17.31.689000 PM
5604.0,HR/Normal user tries to update the answer,03-OCT-24 01.27.33.074000 PM
17394.0,HR/Normal user tries to update the answer,03-OCT-24 01.16.30.458000 PM
,Dettaglio elenco Cedolini e CU disponibili al download,24-OCT-24 02.38.55.630000 PM
6843.0,HR/Normal user tries to update the answer,04-OCT-24 12.21.05.925000 PM
6850.0,Normal user enters the Provvidenza Figli page,03-OCT-24 01.28.43.765000 PM
,Dettaglio elenco Cedolini e CU disponibili al download,03-OCT-24 01.21.50.116000 PM
6182.0,Normal user enters the Provvidenza Figli page,03-OCT-24 01.25.12.262000 PM
16895.0,HR/Normal user tries to update the answer,03-OCT-24 01.22.17.189000 PM
5765.0,Normal user enters the Provvidenza Figli page,11-OCT-24 02.54.05.579000 PM
5130.0,Normal / HR user updates the answer,03-OCT-24 01.20.38.974000 PM
9098.0,HR/Normal user tries to update the answer,03-OCT-24 01.24.39.383000 PM
6870.0,HR/Normal user tries to update the answer,03-OCT-24 01.25.16.007000 PM
,Download PDF dalla sezione Cedolini,03-OCT-24 01.19.40.922000 PM
6882.0,Normal / HR user updates the answer,03-OCT-24 01.21.14.660000 PM
7752.0,Normal user enters the Provvidenza Figli page,03-OCT-24 01.22.35.107000 PM
6182.0,HR/Normal user tries to update the answer,03-OCT-24 01.27.44.954000 PM
6894.0,HR/Normal user tries to update the answer,03-OCT-24 01.16.44.191000 PM
5755.0,HR/Normal user tries to update the answer,03-OCT-24 01.29.21.624000 PM
7283.0,Normal user enters the Provvidenza Figli page,03-OCT-24 01.30.07.659000 PM
6067.0,HR/Normal user tries to update the answer,03-OCT-24 01.20.42.801000 PM
6852.0,HR/Normal user tries to update the answer,03-OCT-24 01.17.31.482000 PM
5891.0,Normal / HR user updates the answer,03-OCT-24 01.17.43.250000 PM
8019.0,Normal user enters the Provvidenza Figli page,03-OCT-24 01.30.28.858000 PM
8019.0,Normal user enters the Provvidenza Figli page,03-OCT-24 01.27.44.552000 PM
5604.0,HR/Normal user tries to update the answer,03-OCT-24 01.27.02.259000 PM
,Dettaglio elenco Cedolini e CU disponibili al download,03-OCT-24 01.20.08.809000 PM
5868.0,HR/Normal user tries to update the answer,03-OCT-24 01.19.35.814000 PM
13001862.0,HR/Normal user tries to update the answer,03-OCT-24 01.34.44.819000 PM
6915.0,Normal user tries to create new Provvidenza request for a child,03-OCT-24 01.15.22.869000 PM
7434.0,Normal user enters the Provvidenza Figli page,03-OCT-24 01.16.02.599000 PM
6922.0,HR/Normal user tries to update the answer,06-OCT-24 10.09.03.947000 AM
18705.0,Normal user assign new grade for the child while creating a request,03-OCT-24 01.16.46.386000 PM
6136.0,Normal / HR user updates the answer,03-OCT-24 01.29.06.295000 PM
6918.0,HR/Normal user tries to update the answer,03-OCT-24 01.16.57.319000 PM
13001862.0,Normal user tries to create new Provvidenza request for a child,03-OCT-24 01.35.40.128000 PM
6088.0,Normal user enters the Provvidenza Figli page,03-OCT-24 01.18.40.270000 PM
7601.0,Normal user tries to create new Provvidenza request for a child,03-OCT-24 01.21.41.323000 PM
6179.0,Normal user enters the Provvidenza Figli page,03-OCT-24 01.25.18.650000 PM
6068.0,Normal / HR user updates the answer,03-OCT-24 01.22.21.729000 PM
9368.0,Normal user enters the Provvidenza Figli page,03-OCT-24 01.33.53.661000 PM
10035.0,Recupero dettagliutente per Scelta Welfare,09-OCT-24 08.26.02.566000 AM
6258.0,Normal user enters the Provvidenza Figli page,03-OCT-24 01.22.55.254000 PM
5760.0,HR/Normal user tries to update the answer,03-OCT-24 01.35.18.428000 PM
6882.0,Normal / HR user updates the answer,03-OCT-24 01.21.08.331000 PM
,Dettaglio elenco Cedolini e CU disponibili al download,16-OCT-24 08.05.40.895000 AM
7961.0,HR/Normal user tries to update the answer,03-OCT-24 01.17.07.389000 PM
6669.0,Normal user tries to create new Provvidenza request for a child,03-OCT-24 01.20.42.281000 PM
17720.0,HR/Normal user tries to update the answer,03-OCT-24 01.19.47.719000 PM
6558.0,Normal user enters the Provvidenza Figli page,03-OCT-24 05.10.45.425000 PM
13001727.0,HR/Normal user tries to update the answer,08-OCT-24 09.27.17.668000 AM
9368.0,HR/Normal user tries to update the answer,03-OCT-24 01.33.32.168000 PM
7690.0,HR/Normal user tries to update the answer,03-OCT-24 01.34.48.388000 PM
7601.0,HR/Normal user tries to update the answer,03-OCT-24 01.21.55.627000 PM
5580.0,Dettaglio elenco Cedolini e CU disponibili al download,03-OCT-24 01.16.12.461000 PM
7458.0,Normal user enters the Provvidenza Figli page,03-OCT-24 01.22.29.500000 PM
5958.0,HR/Normal user tries to update the answer,03-OCT-24 01.18.26.985000 PM
,Download PDF dalla sezione Cedolini,11-OCT-24 03.39.20.869000 PM
5704.0,HR/Normal user tries to update the answer,03-OCT-24 01.28.13.216000 PM
13001627.0,Normal user assign new grade for the child while creating a request,03-OCT-24 01.19.37.789000 PM
5462.0,Normal user tries to create new Provvidenza request for a child,03-OCT-24 01.18.16.345000 PM
13001718.0,Recupero dettagliutente per Scelta Welfare,02-OCT-24 02.15.35.170000 PM
5836.0,Normal user tries to create new Provvidenza request for a child,11-OCT-24 04.03.15.223000 PM
6922.0,Dettaglio elenco Cedolini e CU disponibili al download,06-OCT-24 10.08.13.987000 AM
6358.0,Normal user assign new grade for the child while creating a request,11-OCT-24 03.41.01.121000 PM
6774.0,Normal user enters the Provvidenza Figli page,09-OCT-24 05.25.58.134000 PM
13001727.0,Normal user enters the Provvidenza Figli page,08-OCT-24 09.28.22.052000 AM
5836.0,HR/Normal user tries to update the answer,11-OCT-24 04.03.36.685000 PM
5836.0,Normal user assign new grade for the child while creating a request,11-OCT-24 04.03.15.364000 PM
,Dettaglio elenco Cedolini e CU disponibili al download,11-OCT-24 03.39.19.178000 PM
6229.0,Normal user assign new grade for the child while creating a request,08-OCT-24 09.27.52.085000 AM
6186.0,Normal user update grade for a child,11-OCT-24 03.37.27.124000 PM
6763.0,HR/Normal user tries to update the answer,03-OCT-24 01.26.42.137000 PM
,Dettaglio elenco Cedolini e CU disponibili al download,17-OCT-24 09.21.11.039000 AM
13001727.0,HR/Normal user tries to update the answer,08-OCT-24 09.27.39.942000 AM
,Dettaglio elenco Cedolini e CU disponibili al download,11-OCT-24 03.38.54.461000 PM
5913.0,HR/Normal user tries to update the answer,08-OCT-24 09.59.04.607000 AM
7477.0,Normal user assign new grade for the child while creating a request,08-OCT-24 09.27.43.640000 AM
11418.0,HR/Normal user tries to update the answer,15-OCT-24 09.56.22.617000 PM
7640.0,HR/Normal user tries to update the answer,03-OCT-24 02.41.23.969000 PM
,Download PDF dalla sezione Cedolini,30-OCT-24 09.24.11.737000 AM
6226.0,HR/Normal user tries to update the answer,03-OCT-24 02.39.35.695000 PM
6914.0,HR/Normal user tries to update the answer,03-OCT-24 03.11.58.825000 PM
5776.0,Normal user assign new grade for the child while creating a request,07-OCT-24 11.55.07.775000 PM
13001668.0,HR/Normal user tries to update the answer,08-OCT-24 09.53.13.099000 AM
7052.0,HR/Normal user tries to update the answer,03-OCT-24 02.48.49.105000 PM
6396.0,Normal user assign new grade for the child while creating a request,08-OCT-24 08.58.03.752000 AM
6583.0,HR/Normal user tries to update the answer,03-OCT-24 02.39.36.141000 PM
6519.0,HR/Normal user tries to update the answer,03-OCT-24 02.48.22.199000 PM
17329.0,Recupero dettagliutente per Scelta Welfare,08-OCT-24 09.28.25.727000 AM
9881.0,HR/Normal user tries to update the answer,03-OCT-24 02.58.30.315000 PM
6847.0,HR/Normal user tries to update the answer,03-OCT-24 02.59.23.248000 PM
7439.0,HR/Normal user tries to update the answer,03-OCT-24 03.12.02.937000 PM
8277.0,HR/Normal user tries to update the answer,03-OCT-24 02.40.48.543000 PM
7615.0,HR/Normal user tries to update the answer,03-OCT-24 02.43.29.078000 PM
7131.0,HR/Normal user tries to update the answer,03-OCT-24 03.00.33.321000 PM
5769.0,Recupero dettagli utente per invio adesione Fondo Nazionale,03-OCT-24 02.59.49.855000 PM
7733.0,Normal user enters the Provvidenza Figli page,03-OCT-24 02.38.24.291000 PM
6229.0,HR/Normal user tries to update the answer,08-OCT-24 09.26.14.515000 AM
7588.0,HR/Normal user tries to update the answer,03-OCT-24 02.58.35.427000 PM
5535.0,HR/Normal user tries to update the answer,03-OCT-24 03.02.07.312000 PM
7470.0,Dettaglio elenco Cedolini e CU disponibili al download,03-OCT-24 02.38.07.708000 PM
5611.0,Normal user tries to create new Provvidenza request for a child,03-OCT-24 02.55.39.060000 PM
6601.0,Verifica possibilità di accesso a fondo pensione per Scelta Welfare,03-OCT-24 02.54.21.748000 PM
5528.0,HR/Normal user tries to update the answer,03-OCT-24 02.54.45.418000 PM
6883.0,HR/Normal user tries to update the answer,03-OCT-24 03.02.30.064000 PM
7115.0,Normal user assign new grade for the child while creating a request,03-OCT-24 03.07.45.900000 PM
,Download PDF dalla sezione Cedolini,15-OCT-24 08.16.10.047000 PM
6599.0,HR tried to update grade,03-OCT-24 02.48.28.338000 PM
7052.0,Normal user enters the Provvidenza Figli page,03-OCT-24 02.49.33.149000 PM
13002179.0,HR/Normal user tries to update the answer,03-OCT-24 02.48.45.572000 PM
7425.0,HR/Normal user tries to update the answer,03-OCT-24 02.37.58.023000 PM
13002179.0,HR/Normal user tries to update the answer,03-OCT-24 02.48.39.767000 PM
6017.0,Normal user assign new grade for the child while creating a request,03-OCT-24 02.52.58.300000 PM
,Download PDF dalla sezione Cedolini,15-OCT-24 08.16.04.668000 PM
6601.0,Normal / HR user updates the answer,03-OCT-24 02.50.51.892000 PM
,Dettaglio elenco Cedolini e CU disponibili al download,17-OCT-24 09.20.56.918000 AM
6017.0,HR/Normal user tries to update the answer,03-OCT-24 02.55.22.932000 PM
7759.0,Normal / HR user updates the answer,03-OCT-24 03.07.42.485000 PM
6617.0,Normal user enters the Provvidenza Figli page,03-OCT-24 02.38.28.181000 PM
6847.0,HR/Normal user tries to update the answer,03-OCT-24 02.58.24.467000 PM
16466.0,HR/Normal user tries to update the answer,03-OCT-24 03.07.24.384000 PM
13002834.0,Normal user enters the Provvidenza Figli page,03-OCT-24 03.02.52.035000 PM
7304.0,Normal user tries to create new Provvidenza request for a child,03-OCT-24 02.52.11.005000 PM
6167.0,HR/Normal user tries to update the answer,03-OCT-24 02.52.52.288000 PM
6383.0,HR/Normal user tries to update the answer,03-OCT-24 02.39.47.289000 PM
10678.0,Normal user assign new grade for the child while creating a request,03-OCT-24 02.45.14.335000 PM
6601.0,HR/Normal user tries to update the answer,03-OCT-24 02.51.23.145000 PM
,Dettaglio elenco Cedolini e CU disponibili al download,03-OCT-24 02.46.04.138000 PM
7287.0,Normal user enters the Provvidenza Figli page,03-OCT-24 02.47.35.040000 PM
6601.0,HR/Normal user tries to update the answer,03-OCT-24 02.52.33.510000 PM
6469.0,HR/Normal user tries to update the answer,03-OCT-24 02.47.51.069000 PM
8116.0,HR/Normal user tries to update the answer,03-OCT-24 01.30.58.121000 PM
7221.0,HR/Normal user tries to update the answer,03-OCT-24 02.42.50.184000 PM
,Dettaglio elenco Cedolini e CU disponibili al download,17-OCT-24 09.21.04.258000 AM
6121.0,HR/Normal user tries to update the answer,03-OCT-24 03.10.45.103000 PM
,Dettaglio elenco Cedolini e CU disponibili al download,03-OCT-24 03.02.57.981000 PM
7439.0,Normal user tries to create new Provvidenza request for a child,03-OCT-24 03.11.55.694000 PM
6601.0,HR/Normal user tries to update the answer,03-OCT-24 02.52.39.757000 PM
6017.0,HR/Normal user tries to update the answer,03-OCT-24 02.53.07.407000 PM
7437.0,HR/Normal user tries to update the answer,03-OCT-24 02.38.03.483000 PM
5804.0,Normal user enters the Provvidenza Figli page,03-OCT-24 03.13.55.446000 PM
6225.0,Normal user assign new grade for the child while creating a request,03-OCT-24 02.50.57.830000 PM
6601.0,Recupero dettagliutente per Scelta Welfare,03-OCT-24 02.54.21.385000 PM
5320.0,Normal / HR user updates the answer,03-OCT-24 02.38.55.573000 PM
13002832.0,HR tried to update grade,03-OCT-24 03.12.10.605000 PM
7221.0,Normal user tries to create new Provvidenza request for a child,03-OCT-24 02.42.59.426000 PM
6519.0,Normal user assign new grade for the child while creating a request,03-OCT-24 02.48.06.769000 PM
5686.0,HR/Normal user tries to update the answer,03-OCT-24 02.50.38.744000 PM
6245.0,Normal user assign new grade for the child while creating a request,03-OCT-24 02.55.38.626000 PM
7425.0,HR tried to update grade,03-OCT-24 02.37.49.418000 PM
13002580.0,HR/Normal user tries to update the answer,03-OCT-24 03.08.54.154000 PM
5663.0,Normal user enters the Provvidenza Figli page,03-OCT-24 03.11.00.084000 PM
7109.0,HR/Normal user tries to update the answer,03-OCT-24 03.05.57.727000 PM
6017.0,HR/Normal user tries to update the answer,03-OCT-24 02.55.38.241000 PM
6599.0,HR/Normal user tries to update the answer,03-OCT-24 02.48.30.399000 PM
5718.0,HR/Normal user tries to update the answer,03-OCT-24 03.15.43.545000 PM
,Dettaglio elenco Cedolini e CU disponibili al download,18-OCT-24 03.16.06.685000 PM
17098.0,Recupero dettagliutente per Scelta Welfare,03-OCT-24 03.05.01.615000 PM
5535.0,HR/Normal user tries to update the answer,03-OCT-24 03.01.52.307000 PM
7652.0,Normal user enters the Provvidenza Figli page,03-OCT-24 03.00.28.465000 PM
5576.0,HR/Normal user tries to update the answer,03-OCT-24 02.59.21.612000 PM
,Download PDF dalla sezione Cedolini,21-OCT-24 12.36.56.713000 PM
5629.0,Normal user enters the Provvidenza Figli page,03-OCT-24 03.09.23.765000 PM
6599.0,HR/Normal user tries to update the answer,03-OCT-24 02.48.42.067000 PM
,Download PDF dalla sezione Cedolini,03-OCT-24 03.10.24.971000 PM
5535.0,Normal user tries to create new Provvidenza request for a child,03-OCT-24 03.03.25.383000 PM
16466.0,Normal user tries to create new Provvidenza request for a child,03-OCT-24 03.07.02.965000 PM
7615.0,HR/Normal user tries to update the answer,03-OCT-24 02.43.22.480000 PM
6583.0,Normal user enters the Provvidenza Figli page,03-OCT-24 02.39.57.036000 PM
7146.0,HR/Normal user tries to update the answer,03-OCT-24 02.45.41.802000 PM
5320.0,HR/Normal user tries to update the answer,03-OCT-24 02.37.57.887000 PM
5718.0,HR/Normal user tries to update the answer,03-OCT-24 03.15.53.356000 PM
13001783.0,Normal / HR user updates the answer,03-OCT-24 03.04.17.249000 PM
7287.0,HR/Normal user tries to update the answer,03-OCT-24 02.48.10.912000 PM
13002179.0,Normal user tries to create new Provvidenza request for a child,03-OCT-24 02.47.20.391000 PM
6197.0,HR/Normal user tries to update the answer,03-OCT-24 02.41.40.604000 PM
6958.0,Normal user tries to create new Provvidenza request for a child,03-OCT-24 03.09.43.856000 PM
7141.0,HR/Normal user tries to update the answer,03-OCT-24 02.57.15.517000 PM
5096.0,Normal user update grade for a child,03-OCT-24 02.56.45.248000 PM
6880.0,Dettaglio elenco Cedolini e CU disponibili al download,03-OCT-24 03.14.08.245000 PM
14634.0,HR/Normal user tries to update the answer,09-OCT-24 06.02.58.257000 PM
5404.0,Normal / HR user updates the answer,03-OCT-24 03.18.20.353000 PM
13002832.0,Normal user tries to create new Provvidenza request for a child,03-OCT-24 03.12.04.443000 PM
5407.0,Normal user assign new grade for the child while creating a request,03-OCT-24 03.09.38.373000 PM
13002128.0,Normal user tries to create new Provvidenza request for a child,03-OCT-24 02.57.03.037000 PM
6103.0,Normal user assign new grade for the child while creating a request,03-OCT-24 03.09.05.381000 PM
13002608.0,HR/Normal user tries to update the answer,09-OCT-24 11.24.51.782000 AM
,Dettaglio elenco Cedolini e CU disponibili al download,31-OCT-24 05.53.58.575000 PM
13002986.0,Verifica possibilità di accesso a fondo pensione per Scelta Welfare,22-OCT-24 07.50.26.498000 PM
7098.0,HR/Normal user tries to update the answer,11-OCT-24 09.15.53.099000 AM
,Dettaglio elenco Cedolini e CU disponibili al download,24-OCT-24 10.11.13.064000 PM
6340.0,Normal user tries to create new Provvidenza request for a child,03-OCT-24 02.54.59.341000 PM
13002986.0,Recupero dettagliutente per Scelta Welfare,22-OCT-24 08.04.20.345000 PM
8268.0,Dettaglio elenco Cedolini e CU disponibili al download,24-OCT-24 10.37.49.290000 PM
,Dettaglio elenco Cedolini e CU disponibili al download,30-OCT-24 02.02.41.243000 PM
,Dettaglio elenco Cedolini e CU disponibili al download,21-OCT-24 04.46.06.440000 PM
14598.0,Verifica possibilità di accesso a fondo pensione per Scelta Welfare,30-OCT-24 08.24.58.568000 AM
,Download PDF dalla sezione Cedolini,29-OCT-24 11.22.15.699000 AM
6385.0,HR/Normal user tries to update the answer,29-OCT-24 11.39.09.891000 AM
8320.0,HR/Normal user tries to update the answer,03-OCT-24 04.04.04.664000 PM
8228.0,HR/Normal user tries to update the answer,03-OCT-24 02.39.13.881000 PM
14619.0,Normal user assign new grade for the child while creating a request,04-OCT-24 09.17.15.581000 PM
6385.0,HR/Normal user tries to update the answer,29-OCT-24 11.38.41.314000 AM
8203.0,HR tried to update grade,03-OCT-24 03.21.22.434000 PM
,Download PDF dalla sezione Cedolini,29-OCT-24 11.34.37.757000 AM
,Dettaglio elenco Cedolini e CU disponibili al download,24-OCT-24 10.11.18.397000 PM
5783.0,Normal user enters the Provvidenza Figli page,03-OCT-24 11.48.48.860000 PM
6987.0,Normal user enters the Provvidenza Figli page,03-OCT-24 03.30.42.305000 PM
7684.0,Normal user enters the Provvidenza Figli page,21-OCT-24 08.58.05.206000 AM
,Dettaglio elenco Cedolini e CU disponibili al download,21-OCT-24 05.01.23.878000 PM
,Dettaglio elenco Cedolini e CU disponibili al download,31-OCT-24 10.56.01.006000 AM
6913.0,HR/Normal user tries to update the answer,03-OCT-24 03.31.18.801000 PM
13002971.0,Recupero dettagli utente per Scelta orario di lavoro,18-OCT-24 09.10.39.681000 AM
,Dettaglio elenco Cedolini e CU disponibili al download,31-OCT-24 10.11.50.417000 AM
7803.0,HR/Normal user tries to update the answer,03-OCT-24 03.13.49.184000 PM
,Download PDF dalla sezione Cedolini,18-OCT-24 08.32.08.561000 AM
6204.0,HR/Normal user tries to update the answer,03-OCT-24 04.00.38.547000 PM
,Dettaglio elenco Cedolini e CU disponibili al download,21-OCT-24 08.56.09.591000 AM
5727.0,HR/Normal user tries to update the answer,09-OCT-24 08.04.06.969000 AM
,Download PDF dalla sezione Cedolini,11-OCT-24 10.36.18.484000 AM
5972.0,HR/Normal user tries to update the answer,03-OCT-24 09.55.19.053000 PM
5326.0,Dettaglio elenco Cedolini e CU disponibili al download,28-OCT-24 06.20.25.508000 PM
7684.0,HR/Normal user tries to update the answer,21-OCT-24 08.58.20.216000 AM
7684.0,HR/Normal user tries to update the answer,21-OCT-24 08.58.16.723000 AM
5366.0,Normal user enters the Provvidenza Figli page,21-OCT-24 01.12.23.354000 PM
6199.0,Normal user enters the Provvidenza Figli page,11-OCT-24 03.51.43.579000 PM
15872.0,Normal user update grade for a child,09-OCT-24 10.00.06.120000 AM
8730.0,HR/Normal user tries to update the answer,18-OCT-24 02.10.53.358000 PM
6860.0,Normal user assign new grade for the child while creating a request,07-OCT-24 08.21.07.837000 PM
6665.0,HR/Normal user tries to update the answer,09-OCT-24 10.46.09.961000 AM
5664.0,Normal user enters the Provvidenza Figli page,23-OCT-24 11.33.55.592000 AM
7455.0,Verifica possibilità di accesso a fondo pensione per Scelta Welfare,31-OCT-24 10.48.32.273000 AM
,Dettaglio elenco Cedolini e CU disponibili al download,31-OCT-24 10.56.48.580000 AM
5273.0,Normal user enters the Provvidenza Figli page,03-OCT-24 04.12.49.502000 PM
5552.0,Normal user enters the Provvidenza Figli page,21-OCT-24 10.00.50.202000 AM
,Dettaglio elenco Cedolini e CU disponibili al download,23-OCT-24 11.50.24.427000 AM
8730.0,HR/Normal user tries to update the answer,18-OCT-24 02.10.14.735000 PM
8730.0,Normal user enters the Provvidenza Figli page,18-OCT-24 02.09.30.481000 PM
18291.0,Normal user tries to create new Provvidenza request for a child,09-OCT-24 06.40.22.796000 AM
5561.0,Normal user enters the Provvidenza Figli page,03-OCT-24 04.14.22.635000 PM
13002224.0,Recupero dettagli utente per invio adesione Fondo Nazionale,01-OCT-24 08.55.31.729000 AM
13002224.0,Verifica possibilità di accesso a fondo pensione per Scelta Welfare,01-OCT-24 08.55.37.722000 AM
6513.0,HR/Normal user tries to update the answer,03-OCT-24 04.28.27.208000 PM
8099.0,Recupero dettagli utente per Scelta orario di lavoro,31-OCT-24 11.08.22.020000 AM
8136.0,Normal user enters the Provvidenza Figli page,03-OCT-24 04.35.57.510000 PM
5939.0,HR/Normal user tries to update the answer,03-OCT-24 04.12.40.618000 PM
13001928.0,HR/Normal user tries to update the answer,03-OCT-24 04.35.11.499000 PM
5561.0,Normal user tries to create new Provvidenza request for a child,03-OCT-24 04.14.25.349000 PM
6513.0,HR/Normal user tries to update the answer,03-OCT-24 04.28.31.286000 PM
7269.0,HR/Normal user tries to update the answer,03-OCT-24 04.19.49.649000 PM
6186.0,Normal user enters the Provvidenza Figli page,11-OCT-24 03.38.15.235000 PM
13000649.0,Verifica possibilità di accesso a fondo pensione per Scelta Welfare,11-OCT-24 11.13.30.096000 AM
15635.0,Normal user tries to create new Provvidenza request for a child,03-OCT-24 04.20.40.009000 PM
5182.0,Normal user enters the Provvidenza Figli page,09-OCT-24 10.18.32.887000 AM
6397.0,HR/Normal user tries to update the answer,03-OCT-24 04.31.00.661000 PM
,Dettaglio elenco Cedolini e CU disponibili al download,11-OCT-24 04.05.31.447000 PM
,Download PDF dalla sezione Cedolini,09-OCT-24 10.39.59.103000 AM
6665.0,HR/Normal user tries to update the answer,09-OCT-24 10.46.03.612000 AM
18000.0,Normal user enters the Provvidenza Figli page,09-OCT-24 10.46.30.068000 AM
,Dettaglio elenco Cedolini e CU disponibili al download,31-OCT-24 01.47.20.632000 PM
,Download PDF dalla sezione Cedolini,02-OCT-24 04.04.35.812000 PM
7170.0,HR/Normal user tries to update the answer,03-OCT-24 04.12.11.309000 PM
5273.0,Normal user enters the Provvidenza Figli page,03-OCT-24 04.15.16.473000 PM
,Dettaglio elenco Cedolini e CU disponibili al download,21-OCT-24 10.22.34.839000 AM
6925.0,Dettaglio elenco Cedolini e CU disponibili al download,03-OCT-24 04.25.57.664000 PM
8124.0,Dettaglio elenco Cedolini e CU disponibili al download,03-OCT-24 04.21.23.508000 PM
8055.0,Normal user enters the Provvidenza Figli page,03-OCT-24 04.14.18.569000 PM
,Dettaglio elenco Cedolini e CU disponibili al download,01-OCT-24 02.44.38.420000 PM
7256.0,HR/Normal user tries to update the answer,03-OCT-24 05.00.23.928000 PM
16429.0,Download PDF dalla sezione Cedolini,03-OCT-24 04.41.10.361000 PM
,Dettaglio elenco Cedolini e CU disponibili al download,23-OCT-24 12.55.50.434000 PM
7726.0,HR/Normal user tries to update the answer,03-OCT-24 04.34.24.419000 PM
5552.0,HR/Normal user tries to update the answer,21-OCT-24 10.02.07.379000 AM
8212.0,Normal user assign new grade for the child while creating a request,16-OCT-24 11.33.06.556000 AM
6233.0,HR/Normal user tries to update the answer,03-OCT-24 04.24.51.083000 PM
,Dettaglio elenco Cedolini e CU disponibili al download,16-OCT-24 11.31.47.485000 AM
6942.0,Normal user tries to create new Provvidenza request for a child,15-OCT-24 11.16.27.105000 AM
18019.0,Verifica possibilità di accesso a fondo pensione per Scelta Welfare,15-OCT-24 11.15.45.348000 AM
6199.0,HR user update the status from Back office,10-OCT-24 09.54.01.226000 AM
6199.0,Normal user enters the Provvidenza Figli page,18-OCT-24 05.27.04.103000 PM
7361.0,Normal user enters the Provvidenza Figli page,16-OCT-24 11.55.29.363000 AM
7726.0,Normal user enters the Provvidenza Figli page,03-OCT-24 04.32.55.376000 PM
,Dettaglio elenco Cedolini e CU disponibili al download,16-OCT-24 12.04.40.715000 PM
8969.0,HR tried to update grade,04-OCT-24 06.20.02.972000 PM
11418.0,HR/Normal user tries to update the answer,15-OCT-24 09.56.24.846000 PM
6725.0,Recupero dettagli utente per invio adesione Fondo Nazionale,16-OCT-24 11.49.18.198000 AM
13002446.0,Verifica possibilità di accesso a fondo pensione per Scelta Welfare,14-OCT-24 04.29.32.276000 PM
,Dettaglio elenco Cedolini e CU disponibili al download,02-OCT-24 03.32.37.078000 PM
7900.0,HR/Normal user tries to update the answer,14-OCT-24 03.07.57.754000 PM
13002926.0,Verifica possibilità di accesso a fondo pensione per Scelta Welfare,02-OCT-24 02.30.42.296000 PM
,Dettaglio elenco Cedolini e CU disponibili al download,29-OCT-24 02.38.22.597000 PM
7283.0,Normal user enters the Provvidenza Figli page,07-OCT-24 10.27.55.605000 AM
6163.0,HR/Normal user tries to update the answer,04-OCT-24 06.50.46.135000 PM
,Dettaglio elenco Cedolini e CU disponibili al download,25-OCT-24 05.57.54.476000 PM
,Download PDF dalla sezione Cedolini,24-OCT-24 11.54.43.681000 AM
,A valid user enters the MIFID page details of the user would be logged,31-OCT-24 07.52.10.104000 AM
,Download PDF dalla sezione Cedolini,02-OCT-24 03.25.04.646000 PM
7375.0,HR/Normal user tries to update the answer,03-OCT-24 05.31.08.013000 PM
7147.0,Normal user enters the Provvidenza Figli page,03-OCT-24 04.36.46.543000 PM
,Download PDF dalla sezione Cedolini,25-OCT-24 05.32.43.935000 PM
6163.0,Normal user enters the Provvidenza Figli page,04-OCT-24 06.50.05.978000 PM
,Dettaglio elenco Cedolini e CU disponibili al download,29-OCT-24 02.23.19.987000 PM
13002843.0,HR/Normal user tries to update the answer,30-OCT-24 03.37.34.822000 PM
8015.0,HR/Normal user tries to update the answer,03-OCT-24 05.28.08.888000 PM
6335.0,Recupero dettagliutente per Scelta Welfare,04-OCT-24 04.35.09.312000 PM
6316.0,HR/Normal user tries to update the answer,08-OCT-24 08.29.59.057000 AM
5358.0,HR/Normal user tries to update the answer,08-OCT-24 04.16.13.204000 PM
5738.0,HR/Normal user tries to update the answer,04-OCT-24 04.30.18.903000 PM
7941.0,HR/Normal user tries to update the answer,04-OCT-24 05.02.20.976000 PM
,Download PDF dalla sezione Cedolini,30-OCT-24 04.19.34.369000 PM
8015.0,HR/Normal user tries to update the answer,03-OCT-24 05.28.03.863000 PM
7877.0,Download PDF dalla sezione Cedolini,04-OCT-24 05.11.44.050000 PM
7375.0,HR/Normal user tries to update the answer,03-OCT-24 05.29.31.196000 PM
7877.0,Download PDF dalla sezione Cedolini,04-OCT-24 05.11.34.466000 PM
5095.0,Normal user enters the Provvidenza Figli page,08-OCT-24 04.41.36.767000 PM
5533.0,HR/Normal user tries to update the answer,08-OCT-24 05.12.53.885000 PM
5601.0,Normal user enters the Provvidenza Figli page,04-OCT-24 05.05.49.297000 PM
5771.0,HR/Normal user tries to update the answer,04-OCT-24 06.39.17.856000 PM
,Dettaglio elenco Cedolini e CU disponibili al download,24-OCT-24 11.44.21.653000 AM
,Download PDF dalla sezione Cedolini,24-OCT-24 11.52.29.661000 AM
,Dettaglio elenco Cedolini e CU disponibili al download,30-OCT-24 03.36.40.321000 PM
,Dettaglio elenco Cedolini e CU disponibili al download,11-OCT-24 10.56.04.283000 AM
,Lettura e accettazione dell'accordo di smartworking,14-OCT-24 11.55.44.525000 AM
6855.0,Normal user tries to create new Provvidenza request for a child,03-OCT-24 05.42.59.834000 PM
,Dettaglio elenco Cedolini e CU disponibili al download,25-OCT-24 06.04.55.620000 PM
9966.0,HR/Normal user tries to update the answer,03-OCT-24 05.43.59.714000 PM
6924.0,Normal user tries to create new Provvidenza request for a child,08-OCT-24 05.09.45.967000 PM
6396.0,HR/Normal user tries to update the answer,08-OCT-24 08.59.51.487000 AM
7941.0,Normal user enters the Provvidenza Figli page,04-OCT-24 05.02.07.182000 PM
,Download PDF dalla sezione Cedolini,25-OCT-24 06.06.13.473000 PM
6188.0,HR/Normal user tries to update the answer,04-OCT-24 05.22.31.958000 PM
5738.0,HR/Normal user tries to update the answer,04-OCT-24 04.30.04.548000 PM
5095.0,Normal user update grade for a child,08-OCT-24 04.43.58.482000 PM
,Dettaglio elenco Cedolini e CU disponibili al download,24-OCT-24 11.10.22.284000 PM
,Dettaglio elenco Cedolini e CU disponibili al download,25-OCT-24 05.59.25.459000 PM
6058.0,Dettaglio elenco Cedolini e CU disponibili al download,02-OCT-24 12.36.42.988000 PM
,Download PDF dalla sezione Cedolini,14-OCT-24 05.20.19.934000 PM
13002682.0,Recupero dettagli utente per invio adesione Fondo Nazionale,03-OCT-24 11.37.21.774000 AM
6316.0,Normal user enters the Provvidenza Figli page,08-OCT-24 08.30.54.637000 AM
,Dettaglio elenco Cedolini e CU disponibili al download,28-OCT-24 04.15.16.287000 PM
6924.0,Normal / HR user updates the answer,08-OCT-24 05.10.23.533000 PM
8464.0,HR/Normal user tries to update the answer,14-OCT-24 04.57.37.899000 PM
7864.0,Verifica possibilità di accesso a fondo pensione per Scelta Welfare,28-OCT-24 04.14.06.689000 PM
5297.0,Verifica possibilità di accesso a fondo pensione per Scelta Welfare,22-OCT-24 04.00.07.172000 PM
13001785.0,Normal user enters the Provvidenza Figli page,28-OCT-24 04.57.37.643000 PM
,Dettaglio elenco Cedolini e CU disponibili al download,16-OCT-24 10.35.12.814000 AM
,Download PDF dalla sezione Cedolini,28-OCT-24 04.39.54.012000 PM
6130.0,Dettaglio elenco Cedolini e CU disponibili al download,28-OCT-24 04.35.51.515000 PM
13002408.0,Normal user enters the Provvidenza Figli page,16-OCT-24 10.51.31.691000 AM
13002296.0,Verifica possibilità di accesso a fondo pensione per Scelta Welfare,28-OCT-24 04.45.12.977000 PM
,Dettaglio elenco Cedolini e CU disponibili al download,28-OCT-24 04.09.53.811000 PM
,Download PDF dalla sezione Cedolini,23-OCT-24 10.36.23.582000 AM
,Download PDF dalla sezione Cedolini,23-OCT-24 09.46.45.444000 AM
,Download PDF dalla sezione Cedolini,23-OCT-24 10.32.10.926000 AM
,Dettaglio elenco Cedolini e CU disponibili al download,23-OCT-24 10.13.15.943000 AM
5607.0,Normal user enters the Provvidenza Figli page,08-OCT-24 08.30.50.934000 AM
,Dettaglio elenco Cedolini e CU disponibili al download,01-OCT-24 09.27.02.543000 AM
,Dettaglio elenco Cedolini e CU disponibili al download,22-OCT-24 05.09.55.489000 PM
,Download PDF dalla sezione Cedolini,29-OCT-24 12.39.17.302000 PM
11980973.0,Verifica possibilità di accesso a fondo pensione per Scelta Welfare,28-OCT-24 04.11.25.718000 PM
,Download PDF dalla sezione Cedolini,23-OCT-24 10.32.37.479000 AM
7674.0,Recupero dettagliutente per Scelta Welfare,28-OCT-24 04.28.20.822000 PM
9223.0,Dettaglio elenco Cedolini e CU disponibili al download,28-OCT-24 04.18.17.370000 PM
,Download PDF dalla sezione Cedolini,28-OCT-24 04.17.29.296000 PM
,Dettaglio elenco Cedolini e CU disponibili al download,01-OCT-24 08.46.38.222000 AM
,Dettaglio elenco Cedolini e CU disponibili al download,23-OCT-24 10.13.30.440000 AM
,Dettaglio elenco Cedolini e CU disponibili al download,28-OCT-24 04.50.14.412000 PM
5929.0,Verifica possibilità di accesso a fondo pensione per Scelta Welfare,28-OCT-24 04.22.44.424000 PM
,Dettaglio elenco Cedolini e CU disponibili al download,01-OCT-24 09.26.03.334000 AM
,Dettaglio elenco Cedolini e CU disponibili al download,29-OCT-24 01.07.42.778000 PM
,Dettaglio elenco Cedolini e CU disponibili al download,21-OCT-24 02.42.45.318000 PM
13002972.0,Recupero dettagliutente per Scelta Welfare,15-OCT-24 12.35.10.247000 PM
5487.0,Normal user tries to create new Provvidenza request for a child,09-OCT-24 08.57.39.904000 AM
,Download PDF dalla sezione Cedolini,25-OCT-24 12.43.11.704000 PM
5934.0,Normal user enters the Provvidenza Figli page,07-OCT-24 02.10.32.104000 PM
13002858.0,Recupero dettagliutente per Scelta Welfare,28-OCT-24 04.36.32.163000 PM
,Download PDF dalla sezione Cedolini,25-OCT-24 11.53.25.325000 AM
,Download PDF dalla sezione Cedolini,21-OCT-24 02.52.03.859000 PM
,Download PDF dalla sezione Cedolini,25-OCT-24 12.06.51.832000 PM
6694.0,Verifica possibilità di accesso a fondo pensione per Scelta Welfare,28-OCT-24 09.15.39.551000 PM
,Dettaglio elenco Cedolini e CU disponibili al download,21-OCT-24 08.33.45.859000 AM
,Dettaglio elenco Cedolini e CU disponibili al download,29-OCT-24 12.48.11.290000 PM
13002885.0,Verifica possibilità di accesso a fondo pensione per Scelta Welfare,09-OCT-24 08.45.18.659000 AM
,Dettaglio elenco Cedolini e CU disponibili al download,14-OCT-24 09.25.34.669000 AM
,Dettaglio elenco Cedolini e CU disponibili al download,07-OCT-24 02.28.17.374000 PM
,Download PDF dalla sezione Cedolini,07-OCT-24 02.28.30.213000 PM
,Download PDF dalla sezione Cedolini,23-OCT-24 10.34.07.122000 AM
,Download PDF dalla sezione Cedolini,25-OCT-24 11.47.15.472000 AM
,Download PDF dalla sezione Cedolini,25-OCT-24 08.32.09.719000 AM
,Download PDF dalla sezione Cedolini,24-OCT-24 06.52.42.309000 PM
,Dettaglio elenco Cedolini e CU disponibili al download,25-OCT-24 09.04.41.734000 AM
13001682.0,Verifica possibilità di accesso a fondo pensione per Scelta Welfare,09-OCT-24 08.59.04.527000 AM
,Dettaglio elenco Cedolini e CU disponibili al download,24-OCT-24 06.15.22.605000 PM
,Dettaglio elenco Cedolini e CU disponibili al download,25-OCT-24 08.46.59.361000 AM
,Dettaglio elenco Cedolini e CU disponibili al download,25-OCT-24 09.43.49.332000 AM
,Dettaglio elenco Cedolini e CU disponibili al download,21-OCT-24 09.00.28.481000 AM
,Download PDF dalla sezione Cedolini,25-OCT-24 08.24.30.319000 AM
13002343.0,Verifica possibilità di accesso a fondo pensione per Scelta Welfare,14-OCT-24 03.38.47.161000 PM
,Lettura e accettazione dell'accordo di smartworking,22-OCT-24 05.07.46.266000 PM
,Download PDF dalla sezione Cedolini,14-OCT-24 09.40.23.355000 AM
,Dettaglio elenco Cedolini e CU disponibili al download,25-OCT-24 08.30.37.193000 AM
13002972.0,Normal user enters the Provvidenza Figli page,21-OCT-24 02.41.43.184000 PM
,Dettaglio elenco Cedolini e CU disponibili al download,25-OCT-24 06.58.42.924000 AM
6199.0,Normal user enters the Provvidenza Figli page,10-OCT-24 05.04.45.893000 PM
13000916.0,Normal user enters the Provvidenza Figli page,07-OCT-24 03.03.56.493000 PM
,Dettaglio elenco Cedolini e CU disponibili al download,25-OCT-24 08.22.04.309000 AM
,Download PDF dalla sezione Cedolini,01-OCT-24 10.54.06.123000 AM
13002843.0,Normal user enters the Provvidenza Figli page,30-OCT-24 03.37.44.084000 PM
,Dettaglio elenco Cedolini e CU disponibili al download,24-OCT-24 07.32.47.522000 PM
6047.0,HR/Normal user tries to update the answer,10-OCT-24 04.14.46.003000 PM
,Download PDF dalla sezione Cedolini,24-OCT-24 08.11.33.822000 PM
,Dettaglio elenco Cedolini e CU disponibili al download,30-OCT-24 03.32.39.110000 PM
,Download PDF dalla sezione Cedolini,25-OCT-24 12.15.19.417000 PM
,Dettaglio elenco Cedolini e CU disponibili al download,18-OCT-24 10.59.21.972000 AM
6578.0,Normal user tries to create new Provvidenza request for a child,03-OCT-24 02.09.29.803000 PM
5821.0,HR/Normal user tries to update the answer,03-OCT-24 02.30.21.404000 PM
7637.0,Normal user tries to create new Provvidenza request for a child,03-OCT-24 01.26.06.400000 PM
5920.0,HR/Normal user tries to update the answer,03-OCT-24 02.25.51.273000 PM
7989.0,HR/Normal user tries to update the answer,03-OCT-24 02.26.38.792000 PM
6047.0,HR/Normal user tries to update the answer,10-OCT-24 04.15.03.742000 PM
9368.0,Normal user assign new grade for the child while creating a request,03-OCT-24 01.32.33.889000 PM
,Dettaglio elenco Cedolini e CU disponibili al download,30-OCT-24 04.01.54.016000 PM
,Dettaglio elenco Cedolini e CU disponibili al download,25-OCT-24 08.17.13.481000 AM
5775.0,Normal user enters the Provvidenza Figli page,03-OCT-24 02.18.58.861000 PM
6367.0,HR tried to update grade,03-OCT-24 01.23.22.646000 PM
9473.0,Normal user update grade for a child,03-OCT-24 01.24.32.478000 PM
7836.0,HR/Normal user tries to update the answer,03-OCT-24 01.24.26.635000 PM
6763.0,Normal user tries to create new Provvidenza request for a child,03-OCT-24 01.26.08.642000 PM
5622.0,Normal user assign new grade for the child while creating a request,17-OCT-24 08.12.35.489000 AM
7949.0,HR/Normal user tries to update the answer,03-OCT-24 01.34.24.875000 PM
,Download PDF dalla sezione Cedolini,25-OCT-24 08.10.32.662000 AM
13000760.0,HR/Normal user tries to update the answer,03-OCT-24 01.35.22.686000 PM
6372.0,Normal user tries to create new Provvidenza request for a child,03-OCT-24 01.27.05.522000 PM
9473.0,Normal user update grade for a child,03-OCT-24 01.25.54.049000 PM
9097.0,Normal user enters the Provvidenza Figli page,03-OCT-24 01.58.36.777000 PM
,Dettaglio elenco Cedolini e CU disponibili al download,03-OCT-24 01.25.32.945000 PM
5847.0,HR/Normal user tries to update the answer,03-OCT-24 01.22.40.862000 PM
6823.0,HR/Normal user tries to update the answer,03-OCT-24 02.27.56.985000 PM
7243.0,Normal user enters the Provvidenza Figli page,03-OCT-24 01.23.48.092000 PM
5840.0,Normal user assign new grade for the child while creating a request,03-OCT-24 02.14.16.080000 PM
6136.0,HR/Normal user tries to update the answer,03-OCT-24 01.28.27.708000 PM
5802.0,HR/Normal user tries to update the answer,03-OCT-24 01.23.22.968000 PM
8516.0,Normal user enters the Provvidenza Figli page,03-OCT-24 02.24.11.045000 PM
7047.0,HR/Normal user tries to update the answer,03-OCT-24 01.28.45.515000 PM
6199.0,Normal user enters the Provvidenza Figli page,10-OCT-24 04.48.59.942000 PM
5683.0,HR/Normal user tries to update the answer,15-OCT-24 10.35.38.448000 AM
5524.0,Normal user enters the Provvidenza Figli page,14-OCT-24 09.09.03.117000 AM
13000760.0,HR/Normal user tries to update the answer,03-OCT-24 01.35.14.955000 PM
6082.0,HR/Normal user tries to update the answer,03-OCT-24 01.23.20.217000 PM
6059.0,Normal user enters the Provvidenza Figli page,03-OCT-24 01.37.53.503000 PM
7606.0,Normal user enters the Provvidenza Figli page,03-OCT-24 01.25.31.982000 PM
6692.0,Normal user assign new grade for the child while creating a request,03-OCT-24 01.35.05.005000 PM
7690.0,Normal user enters the Provvidenza Figli page,03-OCT-24 01.33.35.183000 PM
6238.0,Normal user enters the Provvidenza Figli page,03-OCT-24 02.06.51.694000 PM
7002.0,Normal user update grade for a child,03-OCT-24 01.31.58.047000 PM
6617.0,HR/Normal user tries to update the answer,03-OCT-24 02.36.53.002000 PM
17474.0,HR/Normal user tries to update the answer,03-OCT-24 02.30.38.042000 PM
7034.0,Normal user enters the Provvidenza Figli page,03-OCT-24 02.09.56.957000 PM
6736.0,HR/Normal user tries to update the answer,03-OCT-24 02.08.03.539000 PM
5689.0,HR/Normal user tries to update the answer,03-OCT-24 02.15.08.262000 PM
,Download PDF dalla sezione Cedolini,03-OCT-24 01.24.22.075000 PM
7637.0,Normal user assign new grade for the child while creating a request,03-OCT-24 01.24.38.546000 PM
7554.0,HR tried to update grade,03-OCT-24 04.11.43.342000 PM
7554.0,Normal / HR user updates the answer,03-OCT-24 04.12.13.101000 PM
13001231.0,HR/Normal user tries to update the answer,03-OCT-24 01.40.18.887000 PM
8274.0,Dettaglio elenco Cedolini e CU disponibili al download,03-OCT-24 02.16.22.306000 PM
5607.0,HR/Normal user tries to update the answer,08-OCT-24 10.09.13.085000 AM
5901.0,HR/Normal user tries to update the answer,03-OCT-24 02.03.24.709000 PM
6135.0,HR/Normal user tries to update the answer,03-OCT-24 02.34.54.136000 PM
6179.0,Normal user enters the Provvidenza Figli page,03-OCT-24 01.27.05.085000 PM
5481.0,HR/Normal user tries to update the answer,03-OCT-24 02.26.40.953000 PM
16895.0,HR tried to update grade,03-OCT-24 01.23.15.948000 PM
6837.0,Normal user assign new grade for the child while creating a request,10-OCT-24 05.02.50.320000 PM
6794.0,HR/Normal user tries to update the answer,03-OCT-24 01.47.05.561000 PM
7949.0,Normal user tries to create new Provvidenza request for a child,03-OCT-24 01.35.36.621000 PM
6823.0,Normal user assign new grade for the child while creating a request,03-OCT-24 02.28.43.868000 PM
17324.0,HR/Normal user tries to update the answer,03-OCT-24 02.15.21.281000 PM
7989.0,Normal user enters the Provvidenza Figli page,03-OCT-24 02.25.40.345000 PM
,Download PDF dalla sezione Cedolini,25-OCT-24 11.47.35.778000 AM
5607.0,HR/Normal user tries to update the answer,08-OCT-24 10.08.56.740000 AM
5336.0,HR/Normal user tries to update the answer,03-OCT-24 02.35.54.449000 PM
5672.0,HR/Normal user tries to update the answer,03-OCT-24 02.36.50.944000 PM
,Download PDF dalla sezione Cedolini,03-OCT-24 01.23.18.004000 PM
7595.0,Normal user enters the Provvidenza Figli page,03-OCT-24 02.16.01.220000 PM
5764.0,Normal user assign new grade for the child while creating a request,03-OCT-24 01.56.42.726000 PM
6553.0,Normal user assign new grade for the child while creating a request,03-OCT-24 02.37.40.332000 PM
,Dettaglio elenco Cedolini e CU disponibili al download,25-OCT-24 08.30.00.743000 AM
6397.0,Normal user enters the Provvidenza Figli page,03-OCT-24 04.29.15.084000 PM
6380.0,Normal user tries to create new Provvidenza request for a child,03-OCT-24 02.04.25.339000 PM
7743.0,Normal user tries to create new Provvidenza request for a child,08-OCT-24 10.33.43.689000 AM
,Dettaglio elenco Cedolini e CU disponibili al download,03-OCT-24 02.33.57.928000 PM
6081.0,HR/Normal user tries to update the answer,03-OCT-24 02.32.01.232000 PM
6367.0,Normal user tries to create new Provvidenza request for a child,03-OCT-24 01.23.16.883000 PM
,Dettaglio elenco Cedolini e CU disponibili al download,25-OCT-24 12.44.04.500000 PM
6243.0,Dettaglio elenco Cedolini e CU disponibili al download,03-OCT-24 02.14.03.305000 PM
6150.0,Normal user assign new grade for the child while creating a request,03-OCT-24 02.21.44.522000 PM
11399.0,HR/Normal user tries to update the answer,03-OCT-24 02.21.04.911000 PM
6827.0,HR/Normal user tries to update the answer,03-OCT-24 01.55.24.510000 PM
5619.0,HR/Normal user tries to update the answer,03-OCT-24 02.25.40.303000 PM
5369.0,HR/Normal user tries to update the answer,03-OCT-24 01.58.17.974000 PM
6956.0,HR/Normal user tries to update the answer,03-OCT-24 01.23.05.705000 PM
6393.0,Normal user tries to create new Provvidenza request for a child,03-OCT-24 01.57.04.251000 PM
6617.0,Normal user tries to create new Provvidenza request for a child,03-OCT-24 02.36.18.382000 PM
6233.0,HR/Normal user tries to update the answer,03-OCT-24 04.24.44.832000 PM
7040.0,Normal / HR user updates the answer,03-OCT-24 02.05.36.507000 PM
9097.0,Normal user tries to create new Provvidenza request for a child,03-OCT-24 01.57.37.923000 PM
,Dettaglio elenco Cedolini e CU disponibili al download,15-OCT-24 05.15.43.998000 PM
5994.0,Normal user tries to create new Provvidenza request for a child,03-OCT-24 01.41.11.941000 PM
,Dettaglio elenco Cedolini e CU disponibili al download,25-OCT-24 08.28.45.389000 AM
5336.0,Normal user tries to create new Provvidenza request for a child,03-OCT-24 02.35.14.953000 PM
7248.0,HR/Normal user tries to update the answer,03-OCT-24 02.03.34.502000 PM
6582.0,HR tried to update grade,03-OCT-24 02.03.02.178000 PM
6970.0,Normal user enters the Provvidenza Figli page,03-OCT-24 02.24.02.550000 PM
6243.0,HR/Normal user tries to update the answer,03-OCT-24 02.10.58.541000 PM
6182.0,HR/Normal user tries to update the answer,03-OCT-24 01.27.17.591000 PM
6151.0,HR/Normal user tries to update the answer,25-OCT-24 11.52.38.474000 AM
7696.0,Normal / HR user updates the answer,03-OCT-24 05.23.18.881000 PM
5729.0,HR/Normal user tries to update the answer,03-OCT-24 02.32.37.950000 PM
5847.0,Normal user enters the Provvidenza Figli page,03-OCT-24 01.26.00.638000 PM
5760.0,Normal user tries to create new Provvidenza request for a child,03-OCT-24 01.25.58.599000 PM
9497.0,Normal / HR user updates the answer,03-OCT-24 02.12.20.085000 PM
7989.0,Download PDF dalla sezione Cedolini,03-OCT-24 02.30.20.623000 PM
13002130.0,Normal user assign new grade for the child while creating a request,03-OCT-24 01.43.04.450000 PM
6457.0,Normal user enters the Provvidenza Figli page,03-OCT-24 01.26.40.871000 PM
7600.0,HR/Normal user tries to update the answer,03-OCT-24 01.47.35.762000 PM
9097.0,HR/Normal user tries to update the answer,03-OCT-24 01.58.33.736000 PM
13002479.0,Normal user tries to create new Provvidenza request for a child,03-OCT-24 02.17.35.105000 PM
6096.0,Normal user enters the Provvidenza Figli page,03-OCT-24 02.36.12.078000 PM
,Dettaglio elenco Cedolini e CU disponibili al download,25-OCT-24 12.44.12.508000 PM
5755.0,Normal user enters the Provvidenza Figli page,03-OCT-24 01.28.59.993000 PM
5254.0,Normal user enters the Provvidenza Figli page,03-OCT-24 01.32.14.580000 PM
8116.0,Normal user enters the Provvidenza Figli page,03-OCT-24 01.30.07.186000 PM
13001767.0,Normal user enters the Provvidenza Figli page,03-OCT-24 01.30.59.527000 PM
5994.0,HR/Normal user tries to update the answer,03-OCT-24 01.44.11.103000 PM
13002717.0,Normal user assign new grade for the child while creating a request,03-OCT-24 01.46.43.563000 PM
6850.0,HR/Normal user tries to update the answer,03-OCT-24 01.27.10.295000 PM
6850.0,Normal user assign new grade for the child while creating a request,03-OCT-24 01.26.35.072000 PM
7487.0,HR/Normal user tries to update the answer,03-OCT-24 01.27.50.990000 PM
5957.0,Normal user enters the Provvidenza Figli page,03-OCT-24 01.37.51.594000 PM
13000484.0,Normal user tries to create new Provvidenza request for a child,03-OCT-24 02.15.36.310000 PM
8091.0,HR/Normal user tries to update the answer,03-OCT-24 02.30.43.228000 PM
7018.0,HR/Normal user tries to update the answer,03-OCT-24 02.11.01.797000 PM
,Download PDF dalla sezione Cedolini,25-OCT-24 11.47.08.987000 AM
9473.0,HR/Normal user tries to update the answer,03-OCT-24 01.25.29.206000 PM
5302.0,Normal user enters the Provvidenza Figli page,03-OCT-24 01.25.22.483000 PM
5784.0,Normal user assign new grade for the child while creating a request,03-OCT-24 02.31.14.002000 PM
5975.0,HR/Normal user tries to update the answer,03-OCT-24 01.57.58.863000 PM
5927.0,HR/Normal user tries to update the answer,03-OCT-24 01.25.04.589000 PM
6641.0,Normal / HR user updates the answer,03-OCT-24 04.52.38.987000 PM
6870.0,Normal user assign new grade for the child while creating a request,03-OCT-24 01.25.05.193000 PM
7876.0,Normal user assign new grade for the child while creating a request,03-OCT-24 01.49.31.629000 PM
9097.0,HR/Normal user tries to update the answer,03-OCT-24 01.58.29.300000 PM
,Dettaglio elenco Cedolini e CU disponibili al download,03-OCT-24 02.36.20.297000 PM
5255.0,Normal user enters the Provvidenza Figli page,03-OCT-24 01.27.09.702000 PM
5755.0,HR/Normal user tries to update the answer,03-OCT-24 01.28.44.122000 PM
5891.0,HR/Normal user tries to update the answer,03-OCT-24 01.25.14.451000 PM
13002973.0,Verifica possibilità di accesso a fondo pensione per Scelta Welfare,17-OCT-24 05.32.38.871000 PM
5978.0,Normal user assign new grade for the child while creating a request,03-OCT-24 02.07.26.983000 PM
8516.0,Normal user tries to create new Provvidenza request for a child,03-OCT-24 02.22.53.913000 PM
6389.0,Normal user tries to create new Provvidenza request for a child,08-OCT-24 10.36.41.939000 AM
5369.0,HR/Normal user tries to update the answer,03-OCT-24 01.58.28.237000 PM
6393.0,Normal user enters the Provvidenza Figli page,03-OCT-24 01.56.57.617000 PM
,Dettaglio elenco Cedolini e CU disponibili al download,25-OCT-24 11.32.43.620000 AM
6624.0,Normal / HR user updates the answer,03-OCT-24 01.33.44.722000 PM
5775.0,HR/Normal user tries to update the answer,03-OCT-24 02.21.01.444000 PM
6364.0,HR/Normal user tries to update the answer,03-OCT-24 01.30.46.548000 PM
,Download PDF dalla sezione Cedolini,25-OCT-24 11.20.30.784000 AM
6582.0,HR/Normal user tries to update the answer,03-OCT-24 02.04.41.080000 PM
8866.0,HR/Normal user tries to update the answer,03-OCT-24 02.01.46.683000 PM
6617.0,Normal user enters the Provvidenza Figli page,03-OCT-24 02.35.55.301000 PM
17648.0,Normal user assign new grade for the child while creating a request,03-OCT-24 02.02.38.667000 PM
5977.0,HR/Normal user tries to update the answer,03-OCT-24 01.35.07.648000 PM
6006.0,HR/Normal user tries to update the answer,03-OCT-24 01.46.55.989000 PM
,Download PDF dalla sezione Cedolini,25-OCT-24 11.57.58.793000 AM
7248.0,Normal user tries to create new Provvidenza request for a child,03-OCT-24 02.03.07.503000 PM
,Download PDF dalla sezione Cedolini,25-OCT-24 11.24.36.479000 AM
7499.0,Normal user assign new grade for the child while creating a request,03-OCT-24 02.34.15.108000 PM
15457.0,Normal user assign new grade for the child while creating a request,03-OCT-24 04.42.51.445000 PM
6206.0,Normal / HR user updates the answer,03-OCT-24 01.26.51.807000 PM
7243.0,HR/Normal user tries to update the answer,03-OCT-24 01.24.38.026000 PM
7600.0,HR/Normal user tries to update the answer,03-OCT-24 01.48.04.527000 PM
13001053.0,HR/Normal user tries to update the answer,03-OCT-24 01.43.08.200000 PM
5302.0,HR/Normal user tries to update the answer,03-OCT-24 01.25.47.008000 PM
5562.0,HR/Normal user tries to update the answer,03-OCT-24 01.26.03.577000 PM
7199.0,HR/Normal user tries to update the answer,03-OCT-24 01.29.24.761000 PM
7615.0,Normal user tries to create new Provvidenza request for a child,03-OCT-24 01.24.40.154000 PM
6335.0,Normal user enters the Provvidenza Figli page,11-OCT-24 08.10.38.427000 PM
6980.0,HR/Normal user tries to update the answer,03-OCT-24 01.38.10.984000 PM
6144.0,Normal user enters the Provvidenza Figli page,03-OCT-24 02.19.06.438000 PM
6870.0,HR/Normal user tries to update the answer,03-OCT-24 01.25.24.152000 PM
7743.0,Normal user assign new grade for the child while creating a request,08-OCT-24 10.34.05.322000 AM
7212.0,Dettaglio elenco Cedolini e CU disponibili al download,10-OCT-24 12.28.05.453000 PM
,Download PDF dalla sezione Cedolini,25-OCT-24 11.46.58.381000 AM
6998.0,HR/Normal user tries to update the answer,03-OCT-24 02.03.23.242000 PM
9774.0,HR/Normal user tries to update the answer,03-OCT-24 02.09.17.246000 PM
,Download PDF dalla sezione Cedolini,03-OCT-24 02.09.48.669000 PM
13002717.0,HR/Normal user tries to update the answer,03-OCT-24 01.47.25.504000 PM
5659.0,HR/Normal user tries to update the answer,03-OCT-24 02.19.02.101000 PM
17151.0,Normal user assign new grade for the child while creating a request,11-OCT-24 06.09.16.755000 PM
5484.0,Normal user assign new grade for the child while creating a request,03-OCT-24 02.22.31.137000 PM
5139.0,Normal user enters the Provvidenza Figli page,04-OCT-24 11.20.34.470000 AM
5755.0,HR/Normal user tries to update the answer,03-OCT-24 01.29.15.120000 PM
9497.0,Normal user assign new grade for the child while creating a request,03-OCT-24 02.11.51.213000 PM
5843.0,Normal user enters the Provvidenza Figli page,08-OCT-24 03.01.58.019000 PM
,Download PDF dalla sezione Cedolini,29-OCT-24 07.49.56.800000 PM
10644.0,Normal user assign new grade for the child while creating a request,03-OCT-24 02.30.07.992000 PM
7600.0,Normal user enters the Provvidenza Figli page,03-OCT-24 01.46.56.369000 PM
6887.0,HR/Normal user tries to update the answer,08-OCT-24 02.58.56.990000 PM
6685.0,Normal user tries to create new Provvidenza request for a child,03-OCT-24 02.13.09.403000 PM
6823.0,HR/Normal user tries to update the answer,03-OCT-24 02.28.51.969000 PM
5843.0,Normal user assign new grade for the child while creating a request,08-OCT-24 03.02.02.953000 PM
5753.0,Normal user assign new grade for the child while creating a request,03-OCT-24 02.10.55.420000 PM
13000322.0,Normal user enters the Provvidenza Figli page,03-OCT-24 01.44.03.440000 PM
5619.0,Normal user enters the Provvidenza Figli page,03-OCT-24 02.29.28.683000 PM
7662.0,Recupero dettagli utente per Scelta orario di lavoro,03-OCT-24 02.03.23.333000 PM
16786.0,HR/Normal user tries to update the answer,03-OCT-24 01.49.27.316000 PM
9497.0,HR/Normal user tries to update the answer,03-OCT-24 02.12.10.173000 PM
6170.0,HR/Normal user tries to update the answer,03-OCT-24 02.37.41.372000 PM
7689.0,Normal / HR user updates the answer,03-OCT-24 02.32.03.142000 PM
5657.0,HR/Normal user tries to update the answer,03-OCT-24 02.20.58.868000 PM
6246.0,HR/Normal user tries to update the answer,03-OCT-24 01.53.39.642000 PM
,Dettaglio elenco Cedolini e CU disponibili al download,01-OCT-24 09.29.04.584000 AM
,Dettaglio elenco Cedolini e CU disponibili al download,02-OCT-24 05.26.03.901000 PM
5840.0,HR/Normal user tries to update the answer,03-OCT-24 02.19.37.469000 PM
7371.0,Dettaglio elenco Cedolini e CU disponibili al download,18-OCT-24 03.18.36.831000 PM
17151.0,HR/Normal user tries to update the answer,11-OCT-24 06.11.08.090000 PM
,Dettaglio elenco Cedolini e CU disponibili al download,04-OCT-24 11.37.43.486000 AM
8730.0,HR/Normal user tries to update the answer,18-OCT-24 02.10.47.578000 PM
,Download PDF dalla sezione Cedolini,11-OCT-24 07.04.08.650000 PM
5843.0,HR/Normal user tries to update the answer,08-OCT-24 03.02.24.233000 PM
5977.0,Normal user tries to create new Provvidenza request for a child,03-OCT-24 01.33.43.587000 PM
13002840.0,HR/Normal user tries to update the answer,08-OCT-24 03.10.34.791000 PM
6915.0,Normal user enters the Provvidenza Figli page,08-OCT-24 11.18.22.734000 AM
5854.0,HR/Normal user tries to update the answer,03-OCT-24 01.32.25.903000 PM
5448.0,Normal user enters the Provvidenza Figli page,09-OCT-24 08.41.52.401000 AM
17151.0,HR/Normal user tries to update the answer,11-OCT-24 06.09.37.813000 PM
7876.0,HR/Normal user tries to update the answer,03-OCT-24 01.50.02.009000 PM
6380.0,Normal user update grade for a child,03-OCT-24 05.12.36.778000 PM
7637.0,HR/Normal user tries to update the answer,03-OCT-24 01.26.19.910000 PM
7128.0,HR/Normal user tries to update the answer,03-OCT-24 01.24.28.975000 PM
7200.0,Normal user tries to create new Provvidenza request for a child,03-OCT-24 01.25.52.033000 PM
6566.0,HR/Normal user tries to update the answer,03-OCT-24 05.12.49.163000 PM
5847.0,HR tried to update grade,03-OCT-24 01.24.40.436000 PM
6870.0,Normal user enters the Provvidenza Figli page,03-OCT-24 01.25.48.889000 PM
5616.0,HR/Normal user tries to update the answer,03-OCT-24 02.34.02.830000 PM
6380.0,Normal user enters the Provvidenza Figli page,03-OCT-24 05.11.47.767000 PM
6566.0,HR/Normal user tries to update the answer,03-OCT-24 05.12.55.880000 PM
6224.0,HR/Normal user tries to update the answer,03-OCT-24 01.14.32.872000 PM
6082.0,HR/Normal user tries to update the answer,03-OCT-24 01.23.41.981000 PM
7371.0,HR/Normal user tries to update the answer,18-OCT-24 03.18.52.783000 PM
,Dettaglio elenco Cedolini e CU disponibili al download,04-OCT-24 11.48.25.748000 AM
9407.0,HR/Normal user tries to update the answer,03-OCT-24 01.35.46.728000 PM
6059.0,Normal user tries to create new Provvidenza request for a child,03-OCT-24 01.36.53.673000 PM
7128.0,Normal user tries to create new Provvidenza request for a child,03-OCT-24 01.23.44.583000 PM
6380.0,HR/Normal user tries to update the answer,03-OCT-24 05.11.59.298000 PM
6894.0,Normal user assign new grade for the child while creating a request,03-OCT-24 01.17.40.367000 PM
7629.0,Normal user assign new grade for the child while creating a request,03-OCT-24 01.16.32.507000 PM
7091.0,HR/Normal user tries to update the answer,03-OCT-24 05.17.26.891000 PM
7207.0,Normal user enters the Provvidenza Figli page,03-OCT-24 01.17.35.531000 PM
7002.0,HR/Normal user tries to update the answer,03-OCT-24 01.33.17.348000 PM
,Dettaglio elenco Cedolini e CU disponibili al download,03-OCT-24 01.19.00.976000 PM
6380.0,Normal user enters the Provvidenza Figli page,03-OCT-24 05.12.24.605000 PM
5802.0,HR/Normal user tries to update the answer,03-OCT-24 01.23.26.270000 PM
17721.0,HR/Normal user tries to update the answer,03-OCT-24 01.18.28.909000 PM
6645.0,Normal user enters the Provvidenza Figli page,03-OCT-24 02.32.38.497000 PM
5219.0,HR/Normal user tries to update the answer,03-OCT-24 01.18.14.721000 PM
5899.0,HR/Normal user tries to update the answer,14-OCT-24 02.14.08.509000 PM
6566.0,HR/Normal user tries to update the answer,03-OCT-24 05.12.39.263000 PM
7142.0,HR/Normal user tries to update the answer,08-OCT-24 08.51.33.661000 PM
5533.0,Dettaglio elenco Cedolini e CU disponibili al download,09-OCT-24 09.30.38.707000 AM
5854.0,Normal user tries to create new Provvidenza request for a child,03-OCT-24 01.31.38.329000 PM
5504.0,Normal user enters the Provvidenza Figli page,08-OCT-24 07.26.18.770000 AM
7371.0,Normal user enters the Provvidenza Figli page,18-OCT-24 03.18.30.183000 PM
13001490.0,Normal user tries to create new Provvidenza request for a child,04-OCT-24 05.24.58.343000 PM
8274.0,Recupero dettagli utente per Scelta orario di lavoro,09-OCT-24 08.50.30.691000 AM
5771.0,Normal user enters the Provvidenza Figli page,04-OCT-24 05.23.35.150000 PM
6188.0,HR/Normal user tries to update the answer,04-OCT-24 05.22.39.345000 PM
6566.0,Normal user tries to create new Provvidenza request for a child,03-OCT-24 05.12.17.991000 PM
6161.0,Normal user enters the Provvidenza Figli page,04-OCT-24 05.28.43.042000 PM
7142.0,Normal user tries to create new Provvidenza request for a child,08-OCT-24 08.51.03.835000 PM
,Dettaglio elenco Cedolini e CU disponibili al download,29-OCT-24 11.33.10.916000 AM
5771.0,Normal user enters the Provvidenza Figli page,04-OCT-24 05.22.29.846000 PM
6161.0,Normal user enters the Provvidenza Figli page,04-OCT-24 05.27.06.274000 PM
13002535.0,Recupero dettagli utente per Scelta orario di lavoro,18-OCT-24 03.44.42.061000 PM
16672.0,Normal user tries to create new Provvidenza request for a child,09-OCT-24 03.22.34.046000 PM
5899.0,HR/Normal user tries to update the answer,14-OCT-24 02.13.39.297000 PM
,Download PDF dalla sezione Cedolini,02-OCT-24 02.46.29.808000 PM
,Accesso alle funzionalità BackOffice di Cedolini e CU per dettaglio PDF caricati per società,24-OCT-24 04.57.07.269000 PM
8195.0,Dettaglio elenco Cedolini e CU disponibili al download,29-OCT-24 11.07.17.509000 AM
,Dettaglio elenco Cedolini e CU disponibili al download,29-OCT-24 12.14.37.150000 PM
11253.0,Normal user enters the Provvidenza Figli page,04-OCT-24 05.05.23.669000 PM
6422.0,Normal user tries to create new Provvidenza request for a child,09-OCT-24 04.21.47.616000 PM
7000.0,HR/Normal user tries to update the answer,03-OCT-24 06.59.32.107000 PM
13002865.0,Recupero dettagli utente per Scelta orario di lavoro,07-OCT-24 04.54.52.228000 PM
7142.0,Verifica possibilità di accesso a fondo pensione per Scelta Welfare,08-OCT-24 08.50.16.204000 PM
5272.0,HR/Normal user tries to update the answer,07-OCT-24 04.22.38.238000 PM
,Download PDF dalla sezione Cedolini,08-OCT-24 11.46.01.622000 AM
,Dettaglio elenco Cedolini e CU disponibili al download,24-OCT-24 04.28.02.742000 PM
13001573.0,Verifica possibilità di accesso a fondo pensione per Scelta Welfare,29-OCT-24 11.08.33.355000 AM
17365.0,Verifica possibilità di accesso a fondo pensione per Scelta Welfare,29-OCT-24 11.44.48.015000 AM
6368.0,Normal user enters the Provvidenza Figli page,30-OCT-24 11.47.08.204000 AM
8324.0,Download PDF dalla sezione Cedolini,02-OCT-24 07.27.21.803000 PM
13000916.0,Normal user enters the Provvidenza Figli page,07-OCT-24 03.57.57.619000 PM
,Download PDF dalla sezione Cedolini,30-OCT-24 11.31.56.076000 AM
6371.0,Normal user enters the Provvidenza Figli page,03-OCT-24 06.39.37.269000 PM
,Dettaglio elenco Cedolini e CU disponibili al download,24-OCT-24 04.59.14.258000 PM
,Download PDF dalla sezione Cedolini,29-OCT-24 12.04.35.746000 PM
7325.0,Normal user enters the Provvidenza Figli page,04-OCT-24 01.02.51.744000 PM
6134.0,Normal user assign new grade for the child while creating a request,09-OCT-24 04.16.43.895000 PM
5985.0,Download PDF dalla sezione Cedolini,22-OCT-24 09.34.05.187000 PM
13002972.0,Recupero dettagliutente per Scelta Welfare,15-OCT-24 02.21.59.332000 PM
5849.0,Normal user tries to create new Provvidenza request for a child,03-OCT-24 07.21.11.469000 PM
,Accesso alle funzionalità BackOffice di Cedolini e CU per dettaglio PDF caricati per società,24-OCT-24 05.08.28.153000 PM
,Download PDF dalla sezione Cedolini,24-OCT-24 05.10.26.999000 PM
7044.0,HR/Normal user tries to update the answer,03-OCT-24 07.36.21.840000 PM
6246.0,Recupero dettagli utente per Scelta orario di lavoro,29-OCT-24 10.59.40.616000 AM
,Dettaglio elenco Cedolini e CU disponibili al download,29-OCT-24 02.59.07.714000 PM
,Download PDF dalla sezione Cedolini,29-OCT-24 03.37.25.030000 PM
5432.0,HR/Normal user tries to update the answer,11-OCT-24 08.33.44.170000 AM
7311.0,Normal user enters the Provvidenza Figli page,03-OCT-24 07.09.23.707000 PM
16786.0,Dettaglio elenco Cedolini e CU disponibili al download,11-OCT-24 08.52.21.948000 AM
,Dettaglio elenco Cedolini e CU disponibili al download,24-OCT-24 04.56.58.699000 PM
16664.0,Recupero dettagliutente per Scelta Welfare,02-OCT-24 09.25.34.078000 AM
5432.0,HR/Normal user tries to update the answer,11-OCT-24 08.46.14.680000 AM
6843.0,Normal user enters the Provvidenza Figli page,04-OCT-24 12.22.44.220000 PM
,Dettaglio elenco Cedolini e CU disponibili al download,04-OCT-24 12.49.53.232000 PM
5213.0,HR/Normal user tries to update the answer,03-OCT-24 05.02.12.048000 PM
,Download PDF dalla sezione Cedolini,24-OCT-24 05.16.55.387000 PM
6599.0,Normal user tries to create new Provvidenza request for a child,03-OCT-24 02.47.32.086000 PM
13001826.0,Verifica possibilità di accesso a fondo pensione per Scelta Welfare,10-OCT-24 09.03.45.268000 AM
7012.0,Normal user enters the Provvidenza Figli page,04-OCT-24 01.26.30.213000 PM
5432.0,HR/Normal user tries to update the answer,11-OCT-24 08.46.10.694000 AM
,Download PDF dalla sezione Cedolini,28-OCT-24 09.23.53.958000 AM
7000.0,HR/Normal user tries to update the answer,03-OCT-24 06.58.45.061000 PM
13002128.0,HR/Normal user tries to update the answer,03-OCT-24 02.54.21.334000 PM
,Dettaglio elenco Cedolini e CU disponibili al download,28-OCT-24 02.32.29.863000 PM
13001668.0,Normal user assign new grade for the child while creating a request,08-OCT-24 09.52.48.480000 AM
16819.0,Recupero dettagliutente per Scelta Welfare,30-OCT-24 12.09.34.605000 PM
,Download PDF dalla sezione Cedolini,28-OCT-24 02.26.26.342000 PM
6017.0,HR/Normal user tries to update the answer,03-OCT-24 02.55.21.719000 PM
7448.0,HR/Normal user tries to update the answer,03-OCT-24 02.56.04.261000 PM
5577.0,HR/Normal user tries to update the answer,04-OCT-24 12.57.33.755000 PM
13002974.0,Recupero dettagli utente per invio adesione Fondo Nazionale,17-OCT-24 02.32.33.116000 PM
6479.0,HR/Normal user tries to update the answer,11-OCT-24 09.14.13.428000 AM
17597.0,Recupero dettagliutente per Scelta Welfare,28-OCT-24 03.04.59.197000 PM
6652.0,Normal user enters the Provvidenza Figli page,03-OCT-24 03.05.16.407000 PM
5297.0,Verifica possibilità di accesso a fondo pensione per Scelta Welfare,17-OCT-24 03.06.48.706000 PM
7234.0,Normal user tries to create new Provvidenza request for a child,04-OCT-24 10.23.37.010000 AM
5746.0,HR/Normal user tries to update the answer,04-OCT-24 10.16.14.868000 AM
5633.0,HR/Normal user tries to update the answer,04-OCT-24 10.14.22.721000 AM
7319.0,Normal user tries to create new Provvidenza request for a child,03-OCT-24 03.07.18.754000 PM
14647.0,Normal user enters the Provvidenza Figli page,04-OCT-24 10.17.48.564000 AM
5540.0,Normal user tries to create new Provvidenza request for a child,04-OCT-24 10.17.57.842000 AM
6983.0,Normal user enters the Provvidenza Figli page,03-OCT-24 02.54.27.428000 PM
13001826.0,Recupero dettagliutente per Scelta Welfare,10-OCT-24 09.03.44.725000 AM
,Dettaglio elenco Cedolini e CU disponibili al download,17-OCT-24 03.03.23.784000 PM
,Download PDF dalla sezione Cedolini,04-OCT-24 10.07.25.839000 AM
7234.0,Normal / HR user updates the answer,04-OCT-24 10.40.07.926000 AM
6181.0,Dettaglio elenco Cedolini e CU disponibili al download,11-OCT-24 12.25.27.627000 PM
5141.0,Dettaglio elenco Cedolini e CU disponibili al download,28-OCT-24 03.11.04.803000 PM
5906.0,Normal user tries to create new Provvidenza request for a child,04-OCT-24 10.26.37.344000 AM
,Download PDF dalla sezione Cedolini,23-OCT-24 02.34.02.850000 PM
5781.0,Normal / HR user updates the answer,04-OCT-24 01.08.48.910000 PM
7314.0,Normal user enters the Provvidenza Figli page,10-OCT-24 08.51.56.940000 AM
13002928.0,Normal user enters the Provvidenza Figli page,04-OCT-24 10.27.43.548000 AM
7109.0,Normal / HR user updates the answer,03-OCT-24 03.02.27.671000 PM
7515.0,HR/Normal user tries to update the answer,04-OCT-24 10.27.14.938000 AM
,Dettaglio elenco Cedolini e CU disponibili al download,02-OCT-24 04.37.42.992000 PM
5238.0,HR/Normal user tries to update the answer,04-OCT-24 10.12.06.877000 AM
13002701.0,Recupero dettagliutente per Scelta Welfare,04-OCT-24 10.54.04.294000 AM
,Dettaglio elenco Cedolini e CU disponibili al download,02-OCT-24 01.41.23.925000 PM
5238.0,Normal user enters the Provvidenza Figli page,04-OCT-24 10.10.50.866000 AM
5407.0,HR/Normal user tries to update the answer,03-OCT-24 03.13.07.822000 PM
,Dettaglio elenco Cedolini e CU disponibili al download,02-OCT-24 10.07.07.126000 AM
13002608.0,HR/Normal user tries to update the answer,09-OCT-24 11.24.55.869000 AM
,Dettaglio elenco Cedolini e CU disponibili al download,28-OCT-24 04.57.45.702000 PM
13000665.0,Recupero dettagliutente per Scelta Welfare,28-OCT-24 04.58.35.225000 PM
,Dettaglio elenco Cedolini e CU disponibili al download,04-OCT-24 11.04.19.348000 AM
17897.0,Recupero dettagli utente per invio adesione Fondo Nazionale,04-OCT-24 10.22.31.329000 AM
7175.0,HR/Normal user tries to update the answer,04-OCT-24 11.15.48.985000 AM
5577.0,Normal user enters the Provvidenza Figli page,04-OCT-24 12.58.09.998000 PM
6143.0,Normal user update grade for a child,17-OCT-24 04.43.50.902000 PM
6199.0,Normal user enters the Provvidenza Figli page,09-OCT-24 11.19.17.066000 AM
,Dettaglio elenco Cedolini e CU disponibili al download,28-OCT-24 05.01.28.844000 PM
6039.0,HR/Normal user tries to update the answer,09-OCT-24 12.05.11.601000 PM
,Download PDF dalla sezione Cedolini,23-OCT-24 02.31.39.073000 PM
,Download PDF dalla sezione Cedolini,23-OCT-24 02.33.50.238000 PM
6047.0,Normal user assign new grade for the child while creating a request,10-OCT-24 04.15.19.241000 PM
6047.0,HR/Normal user tries to update the answer,10-OCT-24 04.14.48.568000 PM
5182.0,Normal / HR user updates the answer,09-OCT-24 12.12.55.508000 PM
18173.0,Normal user update grade for a child,12-OCT-24 12.30.36.879000 PM
6691.0,Recupero dettagliutente per Scelta Welfare,28-OCT-24 06.47.50.993000 PM
7234.0,Normal user enters the Provvidenza Figli page,04-OCT-24 10.34.45.805000 AM
7564.0,HR/Normal user tries to update the answer,08-OCT-24 06.58.42.931000 AM
7593.0,Normal user tries to create new Provvidenza request for a child,09-OCT-24 11.24.59.918000 AM
7564.0,Normal user tries to create new Provvidenza request for a child,08-OCT-24 06.58.12.896000 AM
7593.0,Normal user update grade for a child,09-OCT-24 11.25.53.830000 AM
6672.0,HR/Normal user tries to update the answer,04-OCT-24 11.16.29.800000 AM
5354.0,Normal user assign new grade for the child while creating a request,04-OCT-24 11.01.04.973000 AM
,Dettaglio elenco Cedolini e CU disponibili al download,28-OCT-24 05.25.13.584000 PM
,Download PDF dalla sezione Cedolini,07-OCT-24 01.07.02.100000 PM
5647.0,HR/Normal user tries to update the answer,07-OCT-24 01.00.08.088000 PM
,Dettaglio elenco Cedolini e CU disponibili al download,28-OCT-24 08.32.51.024000 AM
,Download PDF dalla sezione Cedolini,28-OCT-24 08.40.36.406000 AM
6199.0,Normal user enters the Provvidenza Figli page,09-OCT-24 05.12.49.288000 PM
6837.0,HR/Normal user tries to update the answer,10-OCT-24 05.03.08.880000 PM
11236.0,HR/Normal user tries to update the answer,04-OCT-24 08.30.02.859000 AM
13001491.0,Verifica possibilità di accesso a fondo pensione per Scelta Welfare,27-OCT-24 11.36.15.254000 AM
10216.0,Normal user enters the Provvidenza Figli page,28-OCT-24 08.58.32.739000 AM
,Download PDF dalla sezione Cedolini,22-OCT-24 03.20.08.229000 PM
,Download PDF dalla sezione Cedolini,17-OCT-24 04.38.26.989000 PM
10864.0,HR/Normal user tries to update the answer,04-OCT-24 07.55.58.275000 AM
,Download PDF dalla sezione Cedolini,28-OCT-24 08.39.16.001000 AM
10864.0,Normal / HR user updates the answer,04-OCT-24 07.56.15.172000 AM
,Dettaglio elenco Cedolini e CU disponibili al download,28-OCT-24 08.41.18.318000 AM
6014.0,Normal user enters the Provvidenza Figli page,04-OCT-24 08.17.59.717000 AM
6869.0,Normal / HR user updates the answer,04-OCT-24 08.09.23.816000 AM
,Download PDF dalla sezione Cedolini,14-OCT-24 05.22.16.922000 PM
5934.0,Normal user enters the Provvidenza Figli page,07-OCT-24 02.06.33.872000 PM
,Download PDF dalla sezione Cedolini,02-OCT-24 10.24.54.297000 PM
,Dettaglio elenco Cedolini e CU disponibili al download,30-OCT-24 09.45.40.807000 PM
8244.0,HR/Normal user tries to update the answer,04-OCT-24 06.48.29.445000 AM
7312.0,Normal / HR user updates the answer,04-OCT-24 08.22.52.745000 AM
5182.0,Normal user enters the Provvidenza Figli page,09-OCT-24 12.12.22.430000 PM
14634.0,HR/Normal user tries to update the answer,09-OCT-24 06.02.43.517000 PM
7088.0,HR/Normal user tries to update the answer,04-OCT-24 08.23.03.947000 AM
,Dettaglio elenco Cedolini e CU disponibili al download,28-OCT-24 06.08.55.767000 PM
6869.0,HR/Normal user tries to update the answer,04-OCT-24 08.09.32.570000 AM
7442.0,Dettaglio elenco Cedolini e CU disponibili al download,28-OCT-24 05.03.36.736000 PM
6947.0,HR/Normal user tries to update the answer,09-OCT-24 05.26.53.718000 PM
6143.0,HR/Normal user tries to update the answer,17-OCT-24 04.43.58.145000 PM
6143.0,HR/Normal user tries to update the answer,17-OCT-24 04.44.01.571000 PM
,Dettaglio elenco Cedolini e CU disponibili al download,31-OCT-24 08.48.37.858000 AM
6774.0,HR/Normal user tries to update the answer,09-OCT-24 05.25.15.955000 PM
,Dettaglio elenco Cedolini e CU disponibili al download,16-OCT-24 03.36.23.767000 PM
14619.0,Normal user enters the Provvidenza Figli page,04-OCT-24 09.19.38.088000 PM
9238.0,Normal user enters the Provvidenza Figli page,14-OCT-24 04.15.57.929000 PM
,Download PDF dalla sezione Cedolini,04-OCT-24 08.58.03.420000 AM
5378.0,Normal user enters the Provvidenza Figli page,09-OCT-24 05.39.19.240000 PM
,Download PDF dalla sezione Cedolini,25-OCT-24 08.58.09.349000 AM
,Dettaglio elenco Cedolini e CU disponibili al download,25-OCT-24 09.34.18.795000 AM
6915.0,Normal user update grade for a child,04-OCT-24 08.52.39.288000 AM
5271.0,Normal user assign new grade for the child while creating a request,21-OCT-24 09.46.31.085000 AM
6085.0,Normal user enters the Provvidenza Figli page,04-OCT-24 08.12.08.821000 AM
,Dettaglio elenco Cedolini e CU disponibili al download,25-OCT-24 09.37.37.560000 AM
,Download PDF dalla sezione Cedolini,21-OCT-24 08.51.25.310000 AM
,Dettaglio elenco Cedolini e CU disponibili al download,25-OCT-24 08.34.56.016000 AM
,Dettaglio elenco Cedolini e CU disponibili al download,25-OCT-24 08.48.38.030000 AM
5552.0,HR/Normal user tries to update the answer,21-OCT-24 10.01.52.706000 AM
7088.0,HR/Normal user tries to update the answer,04-OCT-24 08.22.29.465000 AM
,Download PDF dalla sezione Cedolini,25-OCT-24 08.41.43.590000 AM
6906.0,HR/Normal user tries to update the answer,04-OCT-24 08.50.32.058000 AM
6734.0,HR/Normal user tries to update the answer,04-OCT-24 08.40.49.392000 AM
13002928.0,Recupero dettagli utente per Scelta orario di lavoro,04-OCT-24 08.52.27.124000 AM
,Download PDF dalla sezione Cedolini,25-OCT-24 08.41.43.639000 AM
6146.0,Normal user enters the Provvidenza Figli page,05-OCT-24 05.30.26.811000 PM
7068.0,Download PDF dalla sezione Cedolini,04-OCT-24 08.59.10.512000 AM
,Dettaglio elenco Cedolini e CU disponibili al download,31-OCT-24 08.33.24.844000 AM
,Download PDF dalla sezione Cedolini,25-OCT-24 09.49.54.407000 AM
,Dettaglio elenco Cedolini e CU disponibili al download,25-OCT-24 08.53.36.043000 AM
,Dettaglio elenco Cedolini e CU disponibili al download,25-OCT-24 09.24.48.587000 AM
5756.0,Normal user tries to create new Provvidenza request for a child,04-OCT-24 08.19.16.426000 AM
,Dettaglio elenco Cedolini e CU disponibili al download,25-OCT-24 09.55.52.381000 AM
8314.0,HR/Normal user tries to update the answer,04-OCT-24 09.21.49.445000 AM
6906.0,HR/Normal user tries to update the answer,04-OCT-24 08.50.26.382000 AM
,Dettaglio elenco Cedolini e CU disponibili al download,25-OCT-24 08.43.02.499000 AM
7063.0,Normal user assign new grade for the child while creating a request,04-OCT-24 08.57.35.519000 AM
,Dettaglio elenco Cedolini e CU disponibili al download,16-OCT-24 08.57.24.252000 AM
18291.0,Download PDF dalla sezione Cedolini,04-OCT-24 09.23.46.834000 AM
6085.0,Normal user enters the Provvidenza Figli page,04-OCT-24 08.10.10.180000 AM
6654.0,Normal user tries to create new Provvidenza request for a child,04-OCT-24 08.57.33.598000 AM
6089.0,HR/Normal user tries to update the answer,04-OCT-24 08.46.53.860000 AM
,Download PDF dalla sezione Cedolini,25-OCT-24 09.43.11.550000 AM
8085.0,Normal user assign new grade for the child while creating a request,04-OCT-24 09.10.35.585000 AM
7763.0,Normal user enters the Provvidenza Figli page,25-OCT-24 09.04.43.258000 AM
5744.0,Normal user enters the Provvidenza Figli page,04-OCT-24 08.24.03.938000 AM
7068.0,Dettaglio elenco Cedolini e CU disponibili al download,04-OCT-24 09.00.15.930000 AM
8085.0,HR/Normal user tries to update the answer,04-OCT-24 09.10.51.949000 AM
13000214.0,Normal user enters the Provvidenza Figli page,10-OCT-24 05.58.06.993000 PM
14431.0,HR/Normal user tries to update the answer,04-OCT-24 09.18.57.732000 AM
,Download PDF dalla sezione Cedolini,25-OCT-24 09.24.46.773000 AM
6002.0,Normal / HR user updates the answer,04-OCT-24 09.16.15.797000 AM
7401.0,HR/Normal user tries to update the answer,04-OCT-24 08.47.00.840000 AM
5982.0,HR/Normal user tries to update the answer,04-OCT-24 08.39.58.795000 AM
,Dettaglio elenco Cedolini e CU disponibili al download,25-OCT-24 09.35.39.262000 AM
,Download PDF dalla sezione Cedolini,01-OCT-24 11.54.17.667000 AM
5240.0,HR/Normal user tries to update the answer,04-OCT-24 08.55.23.386000 AM
5179.0,Normal / HR user updates the answer,04-OCT-24 09.41.01.639000 AM
8912.0,Download PDF dalla sezione Cedolini,28-OCT-24 09.45.39.355000 AM
5240.0,HR/Normal user tries to update the answer,04-OCT-24 08.54.50.457000 AM
5552.0,HR/Normal user tries to update the answer,21-OCT-24 10.06.08.730000 AM
7201.0,HR/Normal user tries to update the answer,04-OCT-24 09.01.46.141000 AM
7720.0,Normal user enters the Provvidenza Figli page,04-OCT-24 09.15.05.700000 AM
,Dettaglio elenco Cedolini e CU disponibili al download,04-OCT-24 08.54.48.430000 AM
5864.0,Normal user enters the Provvidenza Figli page,10-OCT-24 06.29.14.345000 PM
6595.0,HR/Normal user tries to update the answer,04-OCT-24 09.14.17.960000 AM
6933.0,Normal user tries to create new Provvidenza request for a child,25-OCT-24 08.57.51.060000 AM
,Download PDF dalla sezione Cedolini,16-OCT-24 05.39.39.153000 PM
7059.0,Normal user enters the Provvidenza Figli page,04-OCT-24 09.27.06.507000 AM
9061.0,HR/Normal user tries to update the answer,04-OCT-24 08.22.22.114000 AM
,Download PDF dalla sezione Cedolini,25-OCT-24 10.27.08.326000 PM
,Dettaglio elenco Cedolini e CU disponibili al download,10-OCT-24 06.30.05.747000 PM
,Dettaglio elenco Cedolini e CU disponibili al download,25-OCT-24 09.53.15.782000 AM
,Dettaglio elenco Cedolini e CU disponibili al download,25-OCT-24 09.29.01.027000 AM
,Dettaglio elenco Cedolini e CU disponibili al download,25-OCT-24 08.50.12.358000 AM
,Dettaglio elenco Cedolini e CU disponibili al download,23-OCT-24 10.49.49.525000 AM
8314.0,HR/Normal user tries to update the answer,04-OCT-24 09.21.55.613000 AM
7763.0,Normal user enters the Provvidenza Figli page,25-OCT-24 09.04.04.245000 AM
13002169.0,HR tried to update grade,04-OCT-24 09.21.31.293000 AM
7401.0,Normal user enters the Provvidenza Figli page,04-OCT-24 08.46.08.634000 AM
13002926.0,Recupero dettagliutente per Scelta Welfare,04-OCT-24 08.38.23.930000 AM
8085.0,HR/Normal user tries to update the answer,04-OCT-24 09.11.01.220000 AM
5672.0,Verifica possibilità di accesso a fondo pensione per Scelta Welfare,25-OCT-24 09.28.42.927000 AM
,Download PDF dalla sezione Cedolini,16-OCT-24 09.37.25.916000 AM
,Download PDF dalla sezione Cedolini,25-OCT-24 09.45.27.461000 AM
7068.0,Dettaglio elenco Cedolini e CU disponibili al download,04-OCT-24 09.00.12.090000 AM
6915.0,Normal user update grade for a child,04-OCT-24 08.52.50.346000 AM
,Dettaglio elenco Cedolini e CU disponibili al download,14-OCT-24 09.39.40.569000 AM
6906.0,Normal user enters the Provvidenza Figli page,04-OCT-24 08.49.12.740000 AM
,Download PDF dalla sezione Cedolini,24-OCT-24 05.15.50.532000 PM
,Download PDF dalla sezione Cedolini,25-OCT-24 09.12.01.438000 AM
8260.0,Verifica possibilità di accesso a fondo pensione per Scelta Welfare,01-OCT-24 08.36.48.903000 AM
7672.0,Normal user enters the Provvidenza Figli page,28-OCT-24 09.20.16.842000 AM
,Download PDF dalla sezione Cedolini,25-OCT-24 09.42.44.668000 AM
8260.0,Normal user enters the Provvidenza Figli page,01-OCT-24 08.42.49.896000 AM
6906.0,Dettaglio elenco Cedolini e CU disponibili al download,22-OCT-24 10.48.00.710000 AM
6595.0,Normal user tries to create new Provvidenza request for a child,04-OCT-24 09.14.06.613000 AM
8126.0,Recupero dettagli utente per invio adesione Fondo Nazionale,29-OCT-24 01.46.28.744000 PM
5946.0,Normal user enters the Provvidenza Figli page,16-OCT-24 05.33.12.760000 PM
7377.0,Normal user assign new grade for the child while creating a request,05-OCT-24 04.13.21.808000 PM
5982.0,Normal user tries to create new Provvidenza request for a child,04-OCT-24 08.40.26.062000 AM
18291.0,Download PDF dalla sezione Cedolini,04-OCT-24 09.23.13.213000 AM
13002972.0,Recupero dettagli utente per invio adesione Fondo Nazionale,18-OCT-24 11.21.54.999000 AM
13002975.0,Normal user enters the Provvidenza Figli page,18-OCT-24 08.45.08.603000 AM
6632.0,HR/Normal user tries to update the answer,10-OCT-24 05.49.21.896000 PM
7516.0,Dettaglio elenco Cedolini e CU disponibili al download,18-OCT-24 12.03.51.518000 PM
8454.0,Normal user enters the Provvidenza Figli page,04-OCT-24 07.39.10.936000 AM
,Dettaglio elenco Cedolini e CU disponibili al download,18-OCT-24 12.04.52.677000 PM
6159.0,Recupero dettagli utente per Scelta orario di lavoro,23-OCT-24 10.49.06.739000 AM
5864.0,HR/Normal user tries to update the answer,10-OCT-24 06.28.57.774000 PM
5646.0,Verifica possibilità di accesso a fondo pensione per Scelta Welfare,04-OCT-24 08.17.41.119000 AM
7599.0,HR/Normal user tries to update the answer,10-OCT-24 02.44.17.928000 PM
6509.0,Normal user enters the Provvidenza Figli page,10-OCT-24 01.47.49.873000 PM
6376.0,Normal user assign new grade for the child while creating a request,04-OCT-24 07.29.37.003000 AM
5646.0,Normal user enters the Provvidenza Figli page,04-OCT-24 08.14.04.204000 AM
13002165.0,Recupero dettagli utente per invio adesione Fondo Nazionale,03-OCT-24 09.24.37.245000 AM
7312.0,Normal user tries to create new Provvidenza request for a child,04-OCT-24 08.22.26.026000 AM
7455.0,Recupero dettagliutente per Scelta Welfare,31-OCT-24 10.48.31.736000 AM
,Dettaglio elenco Cedolini e CU disponibili al download,01-OCT-24 06.43.47.210000 PM
5946.0,HR/Normal user tries to update the answer,16-OCT-24 05.32.50.781000 PM
7088.0,Normal user tries to create new Provvidenza request for a child,04-OCT-24 08.21.40.668000 AM
5211.0,Normal user enters the Provvidenza Figli page,04-OCT-24 08.25.07.411000 AM
,Download PDF dalla sezione Cedolini,25-OCT-24 04.44.01.530000 PM
5744.0,Normal user enters the Provvidenza Figli page,04-OCT-24 08.24.36.029000 AM
,Dettaglio elenco Cedolini e CU disponibili al download,24-OCT-24 12.06.19.361000 PM
13002184.0,HR/Normal user tries to update the answer,04-OCT-24 02.13.21.667000 PM
6194.0,HR/Normal user tries to update the answer,04-OCT-24 08.42.43.824000 AM
13000916.0,HR/Normal user tries to update the answer,08-OCT-24 09.49.18.664000 AM
5682.0,HR/Normal user tries to update the answer,10-OCT-24 09.35.35.735000 PM
6489.0,HR/Normal user tries to update the answer,04-OCT-24 08.36.14.640000 AM
7427.0,Normal user tries to create new Provvidenza request for a child,04-OCT-24 02.35.53.606000 PM
,Dettaglio elenco Cedolini e CU disponibili al download,25-OCT-24 04.02.57.823000 PM
19481.0,Normal user tries to create new Provvidenza request for a child,04-OCT-24 02.54.56.419000 PM
6704.0,HR/Normal user tries to update the answer,04-OCT-24 08.15.45.384000 AM
7427.0,HR/Normal user tries to update the answer,04-OCT-24 02.37.32.465000 PM
5299.0,Normal user tries to create new Provvidenza request for a child,04-OCT-24 08.40.06.972000 AM
5982.0,HR/Normal user tries to update the answer,04-OCT-24 08.40.38.050000 AM
7599.0,Normal user enters the Provvidenza Figli page,10-OCT-24 02.43.51.852000 PM
,Dettaglio elenco Cedolini e CU disponibili al download,10-OCT-24 02.47.04.623000 PM
6869.0,HR/Normal user tries to update the answer,04-OCT-24 08.09.36.217000 AM
5982.0,HR/Normal user tries to update the answer,04-OCT-24 08.40.36.366000 AM
7743.0,HR/Normal user tries to update the answer,08-OCT-24 10.33.50.986000 AM
5843.0,Normal user update grade for a child,08-OCT-24 03.03.09.028000 PM
6509.0,Normal user enters the Provvidenza Figli page,10-OCT-24 01.53.48.786000 PM
13001727.0,Normal user tries to create new Provvidenza request for a child,08-OCT-24 09.25.35.092000 AM
13000150.0,Recupero dettagli utente per Scelta orario di lavoro,04-OCT-24 03.05.25.003000 PM
10864.0,Normal user tries to create new Provvidenza request for a child,04-OCT-24 07.54.19.536000 AM
5682.0,Normal user assign new grade for the child while creating a request,10-OCT-24 09.35.22.794000 PM
17160.0,Dettaglio elenco Cedolini e CU disponibili al download,25-OCT-24 04.30.14.052000 PM
11236.0,HR/Normal user tries to update the answer,04-OCT-24 08.29.56.190000 AM
7262.0,HR/Normal user tries to update the answer,04-OCT-24 02.42.41.319000 PM
7978.0,Normal user tries to create new Provvidenza request for a child,04-OCT-24 08.16.42.359000 AM
5682.0,HR tried to update grade,10-OCT-24 09.35.29.338000 PM
6489.0,Normal user assign new grade for the child while creating a request,04-OCT-24 08.35.44.221000 AM
,Download PDF dalla sezione Cedolini,08-OCT-24 03.46.08.601000 PM
5913.0,HR/Normal user tries to update the answer,08-OCT-24 09.57.46.644000 AM
6908.0,Normal user tries to create new Provvidenza request for a child,04-OCT-24 08.31.50.211000 AM
,Dettaglio elenco Cedolini e CU disponibili al download,25-OCT-24 04.44.00.079000 PM
5744.0,Normal user enters the Provvidenza Figli page,04-OCT-24 08.22.25.334000 AM
7312.0,Normal user update grade for a child,04-OCT-24 08.20.15.933000 AM
6112.0,Normal user enters the Provvidenza Figli page,08-OCT-24 04.07.36.246000 PM
5744.0,HR/Normal user tries to update the answer,04-OCT-24 08.24.17.514000 AM
7743.0,Normal user enters the Provvidenza Figli page,08-OCT-24 10.32.42.859000 AM
5358.0,HR/Normal user tries to update the answer,08-OCT-24 04.15.36.063000 PM
15308.0,HR/Normal user tries to update the answer,04-OCT-24 03.20.24.299000 PM
7312.0,Normal user assign new grade for the child while creating a request,04-OCT-24 08.22.26.168000 AM
,Download PDF dalla sezione Cedolini,04-OCT-24 02.51.41.077000 PM
7149.0,Normal user tries to create new Provvidenza request for a child,04-OCT-24 03.15.23.076000 PM
6085.0,Normal user update grade for a child,04-OCT-24 08.10.37.573000 AM
6869.0,Normal user assign new grade for the child while creating a request,04-OCT-24 08.10.09.303000 AM
,Dettaglio elenco Cedolini e CU disponibili al download,06-OCT-24 01.36.20.421000 AM
7231.0,Normal user tries to create new Provvidenza request for a child,08-OCT-24 09.18.19.063000 AM
7631.0,Normal user enters the Provvidenza Figli page,05-OCT-24 10.51.19.502000 AM
15319.0,HR/Normal user tries to update the answer,04-OCT-24 03.16.55.415000 PM
7743.0,Normal user tries to create new Provvidenza request for a child,08-OCT-24 10.34.05.145000 AM
,Dettaglio elenco Cedolini e CU disponibili al download,04-OCT-24 04.17.55.283000 PM
6513.0,Normal user assign new grade for the child while creating a request,03-OCT-24 04.28.07.295000 PM
7427.0,HR/Normal user tries to update the answer,04-OCT-24 02.36.21.208000 PM
5527.0,Normal user tries to create new Provvidenza request for a child,08-OCT-24 10.08.18.142000 AM
5262.0,HR/Normal user tries to update the answer,04-OCT-24 04.17.09.920000 PM
5607.0,HR/Normal user tries to update the answer,08-OCT-24 10.07.05.587000 AM
,Dettaglio elenco Cedolini e CU disponibili al download,29-OCT-24 03.49.18.870000 PM
7149.0,HR/Normal user tries to update the answer,04-OCT-24 03.14.01.183000 PM
5568.0,HR/Normal user tries to update the answer,04-OCT-24 03.31.38.898000 PM
,Dettaglio elenco Cedolini e CU disponibili al download,29-OCT-24 03.46.23.872000 PM
,Dettaglio elenco Cedolini e CU disponibili al download,29-OCT-24 03.39.58.661000 PM
8098.0,Normal user enters the Provvidenza Figli page,03-OCT-24 04.48.09.583000 PM
13002733.0,Normal user enters the Provvidenza Figli page,23-OCT-24 03.24.47.851000 PM
7658.0,Normal / HR user updates the answer,07-OCT-24 09.29.02.053000 AM
6900.0,Normal user assign new grade for the child while creating a request,04-OCT-24 03.39.06.918000 PM
7149.0,HR/Normal user tries to update the answer,04-OCT-24 03.14.30.243000 PM
6147.0,HR/Normal user tries to update the answer,07-OCT-24 09.51.19.543000 AM
6723.0,HR/Normal user tries to update the answer,26-OCT-24 10.35.48.238000 AM
7628.0,Normal user enters the Provvidenza Figli page,07-OCT-24 09.12.06.919000 AM
13002570.0,HR tried to update grade,17-OCT-24 12.27.58.325000 PM
10677.0,Normal user enters the Provvidenza Figli page,07-OCT-24 09.44.55.809000 AM
8226.0,HR tried to update grade,07-OCT-24 09.00.51.390000 AM
10677.0,Normal user tries to create new Provvidenza request for a child,07-OCT-24 09.43.28.437000 AM
,Dettaglio elenco Cedolini e CU disponibili al download,01-OCT-24 02.41.34.772000 PM
6723.0,HR/Normal user tries to update the answer,26-OCT-24 10.35.24.603000 AM
6632.0,Normal user enters the Provvidenza Figli page,10-OCT-24 05.49.40.894000 PM
5262.0,Normal user enters the Provvidenza Figli page,04-OCT-24 04.17.25.663000 PM
7658.0,Normal user update grade for a child,07-OCT-24 09.26.21.370000 AM
5980.0,HR/Normal user tries to update the answer,04-OCT-24 04.10.51.704000 PM
13002733.0,Normal user enters the Provvidenza Figli page,23-OCT-24 03.27.04.026000 PM
13002263.0,Verifica possibilità di accesso a fondo pensione per Scelta Welfare,04-OCT-24 01.57.08.678000 PM
7658.0,Normal user enters the Provvidenza Figli page,07-OCT-24 09.24.31.750000 AM
,Dettaglio elenco Cedolini e CU disponibili al download,10-OCT-24 05.39.06.094000 PM
5618.0,Normal user enters the Provvidenza Figli page,07-OCT-24 10.05.55.825000 AM
5764.0,HR/Normal user tries to update the answer,03-OCT-24 01.56.48.905000 PM
7427.0,HR/Normal user tries to update the answer,04-OCT-24 02.37.06.788000 PM
9497.0,Normal user enters the Provvidenza Figli page,03-OCT-24 02.14.38.821000 PM
7876.0,HR/Normal user tries to update the answer,03-OCT-24 01.49.40.706000 PM
7819.0,Normal user assign new grade for the child while creating a request,03-OCT-24 01.47.25.370000 PM
6626.0,Normal user assign new grade for the child while creating a request,07-OCT-24 09.59.55.448000 AM
5874.0,HR/Normal user tries to update the answer,07-OCT-24 09.41.54.048000 AM
5874.0,HR/Normal user tries to update the answer,07-OCT-24 09.41.28.539000 AM
5955.0,HR/Normal user tries to update the answer,03-OCT-24 01.39.55.024000 PM
5788.0,Download PDF dalla sezione Cedolini,03-OCT-24 01.40.32.814000 PM
6998.0,HR/Normal user tries to update the answer,03-OCT-24 02.03.19.246000 PM
6058.0,HR/Normal user tries to update the answer,07-OCT-24 10.16.58.620000 AM
6170.0,HR/Normal user tries to update the answer,03-OCT-24 02.38.51.432000 PM
7361.0,HR/Normal user tries to update the answer,16-OCT-24 11.55.09.973000 AM
6246.0,HR/Normal user tries to update the answer,03-OCT-24 01.53.56.470000 PM
5884.0,Normal user assign new grade for the child while creating a request,03-OCT-24 01.51.16.927000 PM
7876.0,Normal user enters the Provvidenza Figli page,03-OCT-24 01.51.30.294000 PM
6998.0,Normal / HR user updates the answer,03-OCT-24 02.03.26.861000 PM
5875.0,HR/Normal user tries to update the answer,03-OCT-24 01.45.28.061000 PM
9223.0,Normal user enters the Provvidenza Figli page,03-OCT-24 02.07.57.725000 PM
13002130.0,HR/Normal user tries to update the answer,03-OCT-24 01.43.17.306000 PM
7437.0,Normal user assign new grade for the child while creating a request,03-OCT-24 02.37.48.113000 PM
9774.0,Normal user assign new grade for the child while creating a request,03-OCT-24 02.08.26.348000 PM
5639.0,HR tried to update grade,03-OCT-24 02.13.34.617000 PM
5994.0,HR/Normal user tries to update the answer,03-OCT-24 01.43.41.771000 PM
9543.0,HR/Normal user tries to update the answer,03-OCT-24 01.41.21.750000 PM
9097.0,Normal user assign new grade for the child while creating a request,03-OCT-24 01.58.10.144000 PM
6583.0,HR/Normal user tries to update the answer,03-OCT-24 02.39.34.764000 PM
9846.0,Normal user enters the Provvidenza Figli page,03-OCT-24 02.24.35.637000 PM
7018.0,HR/Normal user tries to update the answer,03-OCT-24 02.10.44.251000 PM
6246.0,HR/Normal user tries to update the answer,03-OCT-24 01.53.52.567000 PM
10677.0,Normal user enters the Provvidenza Figli page,07-OCT-24 09.44.02.840000 AM
5901.0,Normal / HR user updates the answer,03-OCT-24 02.03.21.050000 PM
9543.0,HR/Normal user tries to update the answer,03-OCT-24 01.40.42.231000 PM
5651.0,HR/Normal user tries to update the answer,03-OCT-24 02.47.14.147000 PM
13002343.0,Recupero dettagliutente per Scelta Welfare,14-OCT-24 03.38.46.404000 PM
8399.0,Normal user assign new grade for the child while creating a request,03-OCT-24 02.36.37.193000 PM
13002179.0,Normal user assign new grade for the child while creating a request,03-OCT-24 02.48.27.359000 PM
6709.0,Normal user enters the Provvidenza Figli page,03-OCT-24 02.01.14.344000 PM
6080.0,HR tried to update grade,03-OCT-24 02.32.13.908000 PM
6380.0,Normal user enters the Provvidenza Figli page,03-OCT-24 02.05.43.658000 PM
8031.0,HR/Normal user tries to update the answer,03-OCT-24 02.53.28.461000 PM
7302.0,HR/Normal user tries to update the answer,03-OCT-24 02.39.35.044000 PM
6104.0,Normal user assign new grade for the child while creating a request,03-OCT-24 02.27.29.824000 PM
5788.0,Normal user assign new grade for the child while creating a request,03-OCT-24 01.37.34.628000 PM
7675.0,Normal user assign new grade for the child while creating a request,03-OCT-24 01.59.45.406000 PM
17731.0,HR/Normal user tries to update the answer,14-OCT-24 03.51.45.219000 PM
6599.0,Normal user enters the Provvidenza Figli page,03-OCT-24 02.47.15.488000 PM
6736.0,HR/Normal user tries to update the answer,03-OCT-24 02.06.30.639000 PM
13002128.0,HR/Normal user tries to update the answer,03-OCT-24 02.54.12.822000 PM
5854.0,Normal user enters the Provvidenza Figli page,03-OCT-24 01.37.56.581000 PM
6617.0,Normal user update grade for a child,03-OCT-24 02.37.53.130000 PM
6632.0,HR/Normal user tries to update the answer,10-OCT-24 05.49.53.241000 PM
6527.0,HR/Normal user tries to update the answer,03-OCT-24 02.11.00.087000 PM
6952.0,Normal user enters the Provvidenza Figli page,03-OCT-24 02.03.50.113000 PM
9223.0,HR/Normal user tries to update the answer,03-OCT-24 02.06.23.822000 PM
5875.0,HR/Normal user tries to update the answer,03-OCT-24 01.45.24.710000 PM
5336.0,HR/Normal user tries to update the answer,03-OCT-24 02.35.29.036000 PM
,Download PDF dalla sezione Cedolini,10-OCT-24 12.51.04.674000 PM
6709.0,Normal user assign new grade for the child while creating a request,03-OCT-24 02.00.16.475000 PM
13000214.0,HR/Normal user tries to update the answer,10-OCT-24 05.57.57.704000 PM
6601.0,Normal user enters the Provvidenza Figli page,03-OCT-24 02.51.41.091000 PM
6469.0,Normal user tries to create new Provvidenza request for a child,03-OCT-24 02.47.15.781000 PM
7733.0,HR tried to update grade,03-OCT-24 02.36.29.081000 PM
13001231.0,HR/Normal user tries to update the answer,03-OCT-24 01.40.11.457000 PM
5484.0,Normal user assign new grade for the child while creating a request,03-OCT-24 02.21.35.365000 PM
13000105.0,HR/Normal user tries to update the answer,03-OCT-24 02.46.08.012000 PM
6167.0,Normal user enters the Provvidenza Figli page,03-OCT-24 02.52.08.134000 PM
8031.0,HR/Normal user tries to update the answer,03-OCT-24 02.53.25.264000 PM
7224.0,HR/Normal user tries to update the answer,03-OCT-24 02.42.37.649000 PM
10057.0,Normal user assign new grade for the child while creating a request,03-OCT-24 02.42.39.231000 PM
5361.0,HR/Normal user tries to update the answer,09-OCT-24 01.06.51.916000 PM
10677.0,HR/Normal user tries to update the answer,07-OCT-24 09.43.34.239000 AM
7212.0,Download PDF dalla sezione Cedolini,10-OCT-24 12.28.09.251000 PM
6149.0,HR/Normal user tries to update the answer,03-OCT-24 02.37.36.604000 PM
6170.0,HR/Normal user tries to update the answer,03-OCT-24 02.37.56.346000 PM
17474.0,Normal user tries to create new Provvidenza request for a child,03-OCT-24 02.30.25.378000 PM
5320.0,HR/Normal user tries to update the answer,03-OCT-24 02.38.12.293000 PM
6246.0,Normal user enters the Provvidenza Figli page,03-OCT-24 01.56.49.807000 PM
8079.0,Normal user assign new grade for the child while creating a request,03-OCT-24 02.23.03.360000 PM
5736.0,Normal user assign new grade for the child while creating a request,03-OCT-24 02.25.37.374000 PM
6815.0,HR/Normal user tries to update the answer,03-OCT-24 02.26.13.381000 PM
5846.0,HR/Normal user tries to update the answer,03-OCT-24 02.25.13.039000 PM
6631.0,Normal user enters the Provvidenza Figli page,03-OCT-24 02.53.52.894000 PM
14297.0,Normal user assign new grade for the child while creating a request,03-OCT-24 02.38.47.142000 PM
6553.0,Normal user enters the Provvidenza Figli page,03-OCT-24 02.38.50.912000 PM
6197.0,Normal user tries to create new Provvidenza request for a child,03-OCT-24 02.41.12.061000 PM
7165.0,HR/Normal user tries to update the answer,03-OCT-24 02.17.27.256000 PM
5784.0,HR/Normal user tries to update the answer,03-OCT-24 02.32.12.136000 PM
7185.0,HR/Normal user tries to update the answer,03-OCT-24 02.27.51.651000 PM
5651.0,HR/Normal user tries to update the answer,03-OCT-24 02.46.10.016000 PM
6113.0,Normal user enters the Provvidenza Figli page,03-OCT-24 02.25.06.273000 PM
6970.0,Recupero dettagli utente per invio adesione Fondo Nazionale,03-OCT-24 02.31.13.322000 PM
13000484.0,Normal user enters the Provvidenza Figli page,03-OCT-24 02.15.12.350000 PM
5689.0,Normal user assign new grade for the child while creating a request,03-OCT-24 02.15.00.664000 PM
,Dettaglio elenco Cedolini e CU disponibili al download,02-OCT-24 02.46.28.225000 PM
5779.0,HR/Normal user tries to update the answer,03-OCT-24 02.50.51.886000 PM
6221.0,Normal user enters the Provvidenza Figli page,03-OCT-24 02.31.43.211000 PM
7563.0,Normal user enters the Provvidenza Figli page,21-OCT-24 02.39.51.878000 PM
6096.0,Normal user tries to create new Provvidenza request for a child,03-OCT-24 02.35.27.533000 PM
6378.0,Normal user enters the Provvidenza Figli page,03-OCT-24 02.43.40.612000 PM
5848.0,Normal user assign new grade for the child while creating a request,04-OCT-24 01.38.42.652000 PM
6980.0,HR/Normal user tries to update the answer,03-OCT-24 01.38.54.265000 PM
17731.0,HR/Normal user tries to update the answer,14-OCT-24 03.52.47.563000 PM
5694.0,HR/Normal user tries to update the answer,03-OCT-24 02.06.12.917000 PM
5788.0,Normal user enters the Provvidenza Figli page,03-OCT-24 01.38.39.262000 PM
,Download PDF dalla sezione Cedolini,15-OCT-24 01.12.20.143000 PM
5740.0,HR/Normal user tries to update the answer,03-OCT-24 02.07.06.271000 PM
7436.0,HR/Normal user tries to update the answer,03-OCT-24 02.15.48.124000 PM
5764.0,HR/Normal user tries to update the answer,03-OCT-24 01.57.36.980000 PM
8091.0,Dettaglio elenco Cedolini e CU disponibili al download,03-OCT-24 02.29.56.486000 PM
7123.0,Normal user tries to create new Provvidenza request for a child,03-OCT-24 01.53.59.251000 PM
6578.0,Normal user enters the Provvidenza Figli page,03-OCT-24 02.06.07.215000 PM
,Dettaglio elenco Cedolini e CU disponibili al download,03-OCT-24 02.30.42.879000 PM
6393.0,HR/Normal user tries to update the answer,03-OCT-24 01.58.58.831000 PM
9117.0,Dettaglio elenco Cedolini e CU disponibili al download,09-OCT-24 12.34.55.400000 PM
6952.0,HR/Normal user tries to update the answer,03-OCT-24 02.07.11.223000 PM
6559.0,Normal user tries to create new Provvidenza request for a child,03-OCT-24 02.03.03.590000 PM
5361.0,Normal user enters the Provvidenza Figli page,09-OCT-24 01.07.35.382000 PM
,Download PDF dalla sezione Cedolini,03-OCT-24 02.44.27.716000 PM
5736.0,HR/Normal user tries to update the answer,03-OCT-24 02.25.59.436000 PM
6559.0,Normal user enters the Provvidenza Figli page,03-OCT-24 02.02.47.640000 PM
6636.0,HR/Normal user tries to update the answer,03-OCT-24 02.51.17.994000 PM
6685.0,Normal user enters the Provvidenza Figli page,03-OCT-24 02.14.17.262000 PM
5975.0,HR/Normal user tries to update the answer,03-OCT-24 01.58.43.109000 PM
6009.0,Normal user assign new grade for the child while creating a request,03-OCT-24 02.35.53.353000 PM
5463.0,HR user tries to load Funzioni Batch,09-OCT-24 12.57.05.618000 PM
5869.0,Normal user assign new grade for the child while creating a request,03-OCT-24 02.32.05.557000 PM
7040.0,HR/Normal user tries to update the answer,03-OCT-24 02.05.23.776000 PM
7437.0,HR/Normal user tries to update the answer,03-OCT-24 02.38.11.027000 PM
7331.0,Normal user enters the Provvidenza Figli page,03-OCT-24 02.06.19.353000 PM
6531.0,Normal / HR user updates the answer,03-OCT-24 02.33.34.635000 PM
,Download PDF dalla sezione Cedolini,09-OCT-24 12.39.03.246000 PM
8516.0,Normal user assign new grade for the child while creating a request,03-OCT-24 02.22.54.024000 PM
5846.0,HR/Normal user tries to update the answer,03-OCT-24 02.24.51.445000 PM
6021.0,Normal user enters the Provvidenza Figli page,03-OCT-24 02.20.19.645000 PM
5901.0,HR/Normal user tries to update the answer,03-OCT-24 02.03.07.738000 PM
7828.0,Normal / HR user updates the answer,03-OCT-24 02.21.11.170000 PM
7600.0,HR/Normal user tries to update the answer,03-OCT-24 01.47.21.425000 PM
6599.0,Normal user assign new grade for the child while creating a request,03-OCT-24 02.47.32.204000 PM
5901.0,HR/Normal user tries to update the answer,03-OCT-24 02.03.42.641000 PM
5994.0,HR/Normal user tries to update the answer,03-OCT-24 01.41.54.936000 PM
10644.0,HR/Normal user tries to update the answer,03-OCT-24 02.30.20.494000 PM
10644.0,Normal user enters the Provvidenza Figli page,03-OCT-24 02.30.27.608000 PM
7052.0,Normal / HR user updates the answer,03-OCT-24 02.48.59.665000 PM
5659.0,Normal user enters the Provvidenza Figli page,03-OCT-24 02.21.15.345000 PM
5643.0,HR/Normal user tries to update the answer,03-OCT-24 02.51.21.734000 PM
7040.0,Normal / HR user updates the answer,03-OCT-24 02.05.33.738000 PM
6096.0,Normal user update grade for a child,03-OCT-24 02.40.21.683000 PM
7018.0,Normal user assign new grade for the child while creating a request,03-OCT-24 02.10.29.692000 PM
7224.0,Normal user enters the Provvidenza Figli page,03-OCT-24 02.42.18.742000 PM
7123.0,Normal user enters the Provvidenza Figli page,03-OCT-24 01.53.54.440000 PM
9543.0,Normal user enters the Provvidenza Figli page,03-OCT-24 01.41.03.614000 PM
6243.0,Verifica possibilità di accesso a fondo pensione per Scelta Welfare,03-OCT-24 02.13.40.940000 PM
6881.0,HR/Normal user tries to update the answer,03-OCT-24 01.56.03.602000 PM
5643.0,HR/Normal user tries to update the answer,03-OCT-24 02.51.29.071000 PM
,Dettaglio elenco Cedolini e CU disponibili al download,10-OCT-24 10.38.07.265000 AM
,Download PDF dalla sezione Cedolini,31-OCT-24 02.49.56.577000 PM
7331.0,Normal user assign new grade for the child while creating a request,03-OCT-24 02.05.46.679000 PM
10678.0,Normal user enters the Provvidenza Figli page,03-OCT-24 02.45.40.004000 PM
5740.0,HR tried to update grade,03-OCT-24 02.06.26.311000 PM
9774.0,Normal user tries to create new Provvidenza request for a child,03-OCT-24 02.08.26.269000 PM
7437.0,Normal user enters the Provvidenza Figli page,03-OCT-24 02.37.28.449000 PM
8314.0,Normal user enters the Provvidenza Figli page,04-OCT-24 09.22.16.966000 AM
,Download PDF dalla sezione Cedolini,04-OCT-24 09.31.45.826000 AM
8866.0,Normal user assign new grade for the child while creating a request,03-OCT-24 02.01.58.238000 PM
15452.0,Normal user enters the Provvidenza Figli page,04-OCT-24 09.01.30.352000 AM
6807.0,Normal user enters the Provvidenza Figli page,03-OCT-24 02.50.07.643000 PM
5736.0,HR/Normal user tries to update the answer,03-OCT-24 02.25.53.679000 PM
5651.0,HR/Normal user tries to update the answer,03-OCT-24 02.46.41.892000 PM
6009.0,Normal user enters the Provvidenza Figli page,03-OCT-24 02.36.25.943000 PM
7675.0,Normal user enters the Provvidenza Figli page,03-OCT-24 02.03.08.470000 PM
13002928.0,Verifica possibilità di accesso a fondo pensione per Scelta Welfare,04-OCT-24 08.50.10.413000 AM
6021.0,Normal user tries to create new Provvidenza request for a child,03-OCT-24 02.18.33.134000 PM
7427.0,HR/Normal user tries to update the answer,04-OCT-24 02.37.34.304000 PM
6251.0,Dettaglio elenco Cedolini e CU disponibili al download,28-OCT-24 03.29.32.261000 PM
,Dettaglio elenco Cedolini e CU disponibili al download,28-OCT-24 02.47.40.961000 PM
5600.0,Normal / HR user updates the answer,03-OCT-24 02.37.43.315000 PM
8277.0,HR tried to update grade,03-OCT-24 02.40.40.271000 PM
6149.0,HR/Normal user tries to update the answer,03-OCT-24 02.37.39.284000 PM
6378.0,Normal user enters the Provvidenza Figli page,03-OCT-24 02.44.57.080000 PM
7212.0,Normal user enters the Provvidenza Figli page,10-OCT-24 12.41.59.481000 PM
6199.0,Normal user enters the Provvidenza Figli page,09-OCT-24 03.22.47.516000 PM
6469.0,HR/Normal user tries to update the answer,03-OCT-24 02.47.31.013000 PM
8314.0,HR/Normal user tries to update the answer,04-OCT-24 09.21.53.791000 AM
7401.0,Normal user assign new grade for the child while creating a request,04-OCT-24 08.46.15.047000 AM
,Dettaglio elenco Cedolini e CU disponibili al download,28-OCT-24 03.42.38.977000 PM
6677.0,HR/Normal user tries to update the answer,04-OCT-24 09.08.04.724000 AM
6528.0,HR/Normal user tries to update the answer,03-OCT-24 02.31.11.543000 PM
6519.0,HR/Normal user tries to update the answer,03-OCT-24 02.48.15.564000 PM
16672.0,HR/Normal user tries to update the answer,09-OCT-24 03.22.47.463000 PM
,Dettaglio elenco Cedolini e CU disponibili al download,21-OCT-24 03.40.34.486000 PM
10678.0,HR/Normal user tries to update the answer,03-OCT-24 02.44.20.277000 PM
7876.0,HR/Normal user tries to update the answer,03-OCT-24 01.51.06.645000 PM
5784.0,HR/Normal user tries to update the answer,03-OCT-24 02.31.33.669000 PM
7063.0,HR/Normal user tries to update the answer,04-OCT-24 09.05.11.613000 AM
5350.0,HR/Normal user tries to update the answer,04-OCT-24 09.15.31.638000 AM
16385.0,HR/Normal user tries to update the answer,03-OCT-24 02.43.26.730000 PM
,Dettaglio elenco Cedolini e CU disponibili al download,04-OCT-24 09.02.35.531000 AM
8330.0,Normal user update grade for a child,03-OCT-24 02.25.01.978000 PM
,Dettaglio elenco Cedolini e CU disponibili al download,09-OCT-24 12.57.01.619000 PM
5775.0,HR/Normal user tries to update the answer,03-OCT-24 02.20.57.471000 PM
5484.0,HR/Normal user tries to update the answer,03-OCT-24 02.21.53.912000 PM
6380.0,Normal user update grade for a child,03-OCT-24 02.05.20.058000 PM
6595.0,HR/Normal user tries to update the answer,04-OCT-24 09.12.21.959000 AM
5429.0,HR/Normal user tries to update the answer,03-OCT-24 02.24.01.454000 PM
7607.0,Normal user assign new grade for the child while creating a request,04-OCT-24 09.51.50.224000 AM
8314.0,HR/Normal user tries to update the answer,04-OCT-24 09.19.11.632000 AM
16429.0,Recupero dettagliutente per Scelta Welfare,15-OCT-24 09.34.28.186000 AM
5483.0,HR/Normal user tries to update the answer,04-OCT-24 10.00.30.673000 AM
6096.0,Normal user enters the Provvidenza Figli page,03-OCT-24 02.40.17.445000 PM
6226.0,Normal user enters the Provvidenza Figli page,03-OCT-24 02.34.57.912000 PM
6221.0,Normal user enters the Provvidenza Figli page,03-OCT-24 02.28.26.853000 PM
6104.0,Normal user enters the Provvidenza Figli page,03-OCT-24 02.26.34.680000 PM
16672.0,Recupero dettagli utente per invio adesione Fondo Nazionale,09-OCT-24 03.20.50.470000 PM
6906.0,Normal user enters the Provvidenza Figli page,04-OCT-24 08.50.56.763000 AM
,Dettaglio elenco Cedolini e CU disponibili al download,10-OCT-24 11.20.23.609000 AM
6076.0,Normal user assign new grade for the child while creating a request,04-OCT-24 10.02.30.139000 AM
13002973.0,Normal user enters the Provvidenza Figli page,18-OCT-24 04.32.07.049000 PM
5651.0,Normal user tries to create new Provvidenza request for a child,03-OCT-24 02.44.40.970000 PM
18291.0,Download PDF dalla sezione Cedolini,04-OCT-24 09.23.15.343000 AM
5240.0,Normal user tries to create new Provvidenza request for a child,04-OCT-24 08.54.19.070000 AM
6823.0,Normal user enters the Provvidenza Figli page,03-OCT-24 02.29.11.560000 PM
7265.0,Normal user enters the Provvidenza Figli page,04-OCT-24 09.23.47.335000 AM
8277.0,HR/Normal user tries to update the answer,03-OCT-24 02.40.50.154000 PM
7224.0,HR/Normal user tries to update the answer,03-OCT-24 02.41.41.125000 PM
6469.0,HR/Normal user tries to update the answer,03-OCT-24 02.47.59.088000 PM
5179.0,HR/Normal user tries to update the answer,04-OCT-24 09.39.16.300000 AM
7869.0,HR/Normal user tries to update the answer,03-OCT-24 02.51.18.369000 PM
,Download PDF dalla sezione Cedolini,04-OCT-24 09.08.33.431000 AM
5953.0,HR/Normal user tries to update the answer,03-OCT-24 02.40.55.214000 PM
5589.0,HR/Normal user tries to update the answer,03-OCT-24 02.29.02.263000 PM
6199.0,HR user update the status from Back office,09-OCT-24 03.37.00.464000 PM
,Dettaglio elenco Cedolini e CU disponibili al download,10-OCT-24 10.38.09.814000 AM
9117.0,Recupero dettagliutente per Scelta Welfare,09-OCT-24 12.36.23.994000 PM
5803.0,Normal user enters the Provvidenza Figli page,04-OCT-24 08.57.23.609000 AM
13002843.0,HR/Normal user tries to update the answer,30-OCT-24 03.37.24.733000 PM
6422.0,HR/Normal user tries to update the answer,09-OCT-24 04.22.20.425000 PM
,Download PDF dalla sezione Cedolini,01-OCT-24 06.04.07.307000 PM
,Dettaglio elenco Cedolini e CU disponibili al download,04-OCT-24 09.14.46.991000 AM
,Dettaglio elenco Cedolini e CU disponibili al download,30-OCT-24 06.46.32.134000 PM
6089.0,Normal user tries to create new Provvidenza request for a child,04-OCT-24 08.46.22.722000 AM
,Dettaglio elenco Cedolini e CU disponibili al download,28-OCT-24 02.39.50.972000 PM
6654.0,HR/Normal user tries to update the answer,04-OCT-24 08.57.40.184000 AM
16672.0,Normal user assign new grade for the child while creating a request,09-OCT-24 03.21.33.990000 PM
18618.0,Recupero dettagliutente per Scelta Welfare,16-OCT-24 02.12.17.583000 PM
6680.0,Normal user tries to create new Provvidenza request for a child,04-OCT-24 09.51.05.058000 AM
6595.0,HR/Normal user tries to update the answer,04-OCT-24 09.14.12.358000 AM
5749.0,Normal user enters the Provvidenza Figli page,04-OCT-24 09.54.08.151000 AM
13002973.0,Recupero dettagliutente per Scelta Welfare,18-OCT-24 04.36.48.171000 PM
5299.0,Normal user enters the Provvidenza Figli page,04-OCT-24 08.47.54.594000 AM
6359.0,Normal user enters the Provvidenza Figli page,04-OCT-24 09.24.34.977000 AM
18291.0,Download PDF dalla sezione Cedolini,04-OCT-24 09.23.42.554000 AM
6076.0,Dettaglio elenco Cedolini e CU disponibili al download,04-OCT-24 10.03.31.469000 AM
13001184.0,HR/Normal user tries to update the answer,18-OCT-24 04.06.15.413000 PM
7401.0,HR/Normal user tries to update the answer,04-OCT-24 08.46.30.528000 AM
,Download PDF dalla sezione Cedolini,24-OCT-24 05.49.17.400000 PM
18291.0,Download PDF dalla sezione Cedolini,04-OCT-24 09.23.14.394000 AM
6654.0,Normal user assign new grade for the child while creating a request,04-OCT-24 08.55.36.225000 AM
7067.0,Normal user tries to create new Provvidenza request for a child,04-OCT-24 08.56.41.082000 AM
17597.0,Verifica possibilità di accesso a fondo pensione per Scelta Welfare,28-OCT-24 03.14.13.899000 PM
,Dettaglio elenco Cedolini e CU disponibili al download,28-OCT-24 02.14.41.699000 PM
7941.0,HR/Normal user tries to update the answer,04-OCT-24 05.02.00.597000 PM
11253.0,Normal user tries to create new Provvidenza request for a child,04-OCT-24 05.00.20.869000 PM
,Download PDF dalla sezione Cedolini,28-OCT-24 02.01.24.733000 PM
5504.0,Normal user enters the Provvidenza Figli page,08-OCT-24 07.29.55.139000 AM
13002975.0,Normal user enters the Provvidenza Figli page,18-OCT-24 04.33.28.988000 PM
6359.0,Normal user assign new grade for the child while creating a request,04-OCT-24 09.25.45.336000 AM
13000565.0,Normal user tries to create new Provvidenza request for a child,04-OCT-24 09.34.59.927000 AM
18291.0,Download PDF dalla sezione Cedolini,04-OCT-24 09.23.16.325000 AM
7984.0,HR/Normal user tries to update the answer,04-OCT-24 09.03.02.693000 AM
13000565.0,Normal user enters the Provvidenza Figli page,04-OCT-24 09.34.52.285000 AM
9953.0,Dettaglio elenco Cedolini e CU disponibili al download,24-OCT-24 06.15.42.960000 PM
7843.0,Normal user enters the Provvidenza Figli page,07-OCT-24 10.47.07.505000 AM
6134.0,HR/Normal user tries to update the answer,09-OCT-24 04.17.21.346000 PM
,Download PDF dalla sezione Cedolini,29-OCT-24 04.45.30.799000 PM
,Download PDF dalla sezione Cedolini,24-OCT-24 05.54.20.717000 PM
,Download PDF dalla sezione Cedolini,24-OCT-24 06.29.49.331000 PM
6316.0,HR/Normal user tries to update the answer,08-OCT-24 08.29.35.198000 AM
6598.0,HR/Normal user tries to update the answer,07-OCT-24 10.31.04.938000 AM
13002985.0,Recupero dettagli utente per Scelta orario di lavoro,24-OCT-24 09.28.33.395000 AM
8245.0,Normal user assign new grade for the child while creating a request,07-OCT-24 10.46.01.903000 AM
7607.0,HR/Normal user tries to update the answer,04-OCT-24 09.52.04.806000 AM
,Dettaglio elenco Cedolini e CU disponibili al download,24-OCT-24 09.37.23.635000 AM
16321.0,HR/Normal user tries to update the answer,07-OCT-24 10.46.20.034000 AM
5226.0,Normal user enters the Provvidenza Figli page,07-OCT-24 10.58.43.260000 AM
13002970.0,Verifica possibilità di accesso a fondo pensione per Scelta Welfare,18-OCT-24 04.16.34.357000 PM
,Download PDF dalla sezione Cedolini,24-OCT-24 09.27.30.790000 AM
6058.0,HR/Normal user tries to update the answer,07-OCT-24 10.20.22.221000 AM
16321.0,HR/Normal user tries to update the answer,07-OCT-24 10.44.25.340000 AM
17543.0,Recupero dettagli utente per Scelta orario di lavoro,29-OCT-24 05.06.48.831000 PM
,Download PDF dalla sezione Cedolini,24-OCT-24 05.44.31.535000 PM
6174.0,Normal user assign new grade for the child while creating a request,07-OCT-24 10.41.07.504000 AM
8007.0,Normal user enters the Provvidenza Figli page,07-OCT-24 10.58.33.798000 AM
6057.0,Normal user tries to create new Provvidenza request for a child,07-OCT-24 11.16.51.532000 AM
5556.0,Normal user assign new grade for the child while creating a request,07-OCT-24 10.48.57.274000 AM
5853.0,Normal user enters the Provvidenza Figli page,08-OCT-24 08.43.31.031000 AM
,Dettaglio elenco Cedolini e CU disponibili al download,24-OCT-24 05.57.29.574000 PM
7216.0,Normal user enters the Provvidenza Figli page,07-OCT-24 11.28.11.005000 AM
,Dettaglio elenco Cedolini e CU disponibili al download,28-OCT-24 02.08.16.254000 PM
,Dettaglio elenco Cedolini e CU disponibili al download,24-OCT-24 09.07.54.534000 AM
,Dettaglio elenco Cedolini e CU disponibili al download,31-OCT-24 05.52.04.130000 PM
,Dettaglio elenco Cedolini e CU disponibili al download,24-OCT-24 05.26.28.500000 PM
5226.0,Normal user tries to create new Provvidenza request for a child,07-OCT-24 10.58.46.079000 AM
,Dettaglio elenco Cedolini e CU disponibili al download,07-OCT-24 10.19.12.368000 AM
5854.0,Normal user enters the Provvidenza Figli page,10-OCT-24 03.01.08.485000 PM
,Download PDF dalla sezione Cedolini,01-OCT-24 01.48.00.101000 PM
,Download PDF dalla sezione Cedolini,31-OCT-24 05.53.49.488000 PM
,Dettaglio elenco Cedolini e CU disponibili al download,10-OCT-24 03.27.17.582000 PM
5827.0,Normal user enters the Provvidenza Figli page,10-OCT-24 01.10.14.194000 PM
9204.0,Normal user enters the Provvidenza Figli page,08-OCT-24 12.11.54.767000 PM
7205.0,Normal user enters the Provvidenza Figli page,08-OCT-24 12.22.52.895000 PM
5827.0,HR/Normal user tries to update the answer,10-OCT-24 01.10.46.361000 PM
6940.0,Normal user enters the Provvidenza Figli page,08-OCT-24 12.03.27.788000 PM
6174.0,HR/Normal user tries to update the answer,07-OCT-24 10.41.25.272000 AM
,Download PDF dalla sezione Cedolini,23-OCT-24 10.33.10.290000 AM
,Dettaglio elenco Cedolini e CU disponibili al download,02-OCT-24 08.45.30.086000 AM
,Dettaglio elenco Cedolini e CU disponibili al download,17-OCT-24 10.37.15.929000 AM
7205.0,HR/Normal user tries to update the answer,08-OCT-24 12.25.12.154000 PM
6654.0,Normal user enters the Provvidenza Figli page,01-OCT-24 01.28.10.374000 PM
,Download PDF dalla sezione Cedolini,01-OCT-24 08.45.51.595000 AM
6355.0,Normal / HR user updates the answer,10-OCT-24 03.56.21.959000 PM
7348.0,HR/Normal user tries to update the answer,09-OCT-24 01.23.09.305000 PM
13002868.0,Recupero dettagli utente per Scelta orario di lavoro,22-OCT-24 04.04.11.604000 PM
13002972.0,Recupero dettagli utente per invio adesione Fondo Nazionale,17-OCT-24 10.48.17.996000 AM
13002974.0,Verifica possibilità di accesso a fondo pensione per Scelta Welfare,17-OCT-24 09.57.59.443000 AM
13002974.0,Recupero dettagliutente per Scelta Welfare,17-OCT-24 09.57.58.766000 AM
5361.0,Normal user enters the Provvidenza Figli page,09-OCT-24 01.08.20.387000 PM
,Dettaglio elenco Cedolini e CU disponibili al download,30-OCT-24 04.50.27.861000 PM
16786.0,Dettaglio elenco Cedolini e CU disponibili al download,17-OCT-24 10.19.30.250000 AM
,Download PDF dalla sezione Cedolini,28-OCT-24 12.03.45.504000 PM
13002974.0,Recupero dettagli utente per invio adesione Fondo Nazionale,17-OCT-24 10.07.58.617000 AM
,Download PDF dalla sezione Cedolini,30-OCT-24 04.56.50.138000 PM
,Download PDF dalla sezione Cedolini,17-OCT-24 10.37.57.444000 AM
,Dettaglio elenco Cedolini e CU disponibili al download,28-OCT-24 04.13.58.215000 PM
,Dettaglio elenco Cedolini e CU disponibili al download,28-OCT-24 05.18.32.371000 PM
,Dettaglio elenco Cedolini e CU disponibili al download,31-OCT-24 05.52.18.814000 PM
5297.0,Recupero dettagliutente per Scelta Welfare,29-OCT-24 05.32.22.901000 PM
,Download PDF dalla sezione Cedolini,18-OCT-24 11.12.13.438000 AM
13002224.0,Recupero dettagliutente per Scelta Welfare,16-OCT-24 12.54.06.415000 PM
5878.0,Normal user tries to create new Provvidenza request for a child,17-OCT-24 10.23.54.001000 AM
5878.0,Normal user assign new grade for the child while creating a request,17-OCT-24 10.24.46.290000 AM
,Dettaglio elenco Cedolini e CU disponibili al download,01-OCT-24 09.08.07.911000 AM
5361.0,HR/Normal user tries to update the answer,09-OCT-24 01.07.07.853000 PM
,Download PDF dalla sezione Cedolini,28-OCT-24 04.09.14.180000 PM
13002972.0,Recupero dettagli utente per Scelta orario di lavoro,17-OCT-24 10.31.50.830000 AM
8226.0,HR/Normal user tries to update the answer,07-OCT-24 09.02.10.183000 AM
6252.0,Normal user assign new grade for the child while creating a request,07-OCT-24 08.13.30.172000 AM
,Download PDF dalla sezione Cedolini,01-OCT-24 01.34.40.334000 PM
,Download PDF dalla sezione Cedolini,30-OCT-24 04.19.38.131000 PM
,Download PDF dalla sezione Cedolini,30-OCT-24 04.14.57.572000 PM
7348.0,Normal user update grade for a child,09-OCT-24 01.24.12.472000 PM
,Dettaglio elenco Cedolini e CU disponibili al download,18-OCT-24 09.59.52.249000 AM
,Download PDF dalla sezione Cedolini,30-OCT-24 04.59.25.904000 PM
,Dettaglio elenco Cedolini e CU disponibili al download,25-OCT-24 03.47.58.316000 PM
6151.0,HR tried to update grade,25-OCT-24 11.51.45.875000 AM
8226.0,HR/Normal user tries to update the answer,07-OCT-24 09.02.09.042000 AM
5927.0,Normal user enters the Provvidenza Figli page,07-OCT-24 09.01.59.786000 AM
,Download PDF dalla sezione Cedolini,29-OCT-24 01.13.15.730000 PM
6252.0,Normal user assign new grade for the child while creating a request,07-OCT-24 08.12.48.385000 AM
,Dettaglio elenco Cedolini e CU disponibili al download,28-OCT-24 09.46.21.235000 AM
5878.0,HR/Normal user tries to update the answer,17-OCT-24 10.24.06.989000 AM
5780.0,HR/Normal user tries to update the answer,07-OCT-24 08.20.14.815000 AM
7313.0,Normal user tries to create new Provvidenza request for a child,07-OCT-24 12.03.25.909000 PM
5555.0,HR/Normal user tries to update the answer,07-OCT-24 12.27.24.029000 PM
,Download PDF dalla sezione Cedolini,17-OCT-24 10.37.30.055000 AM
,Download PDF dalla sezione Cedolini,29-OCT-24 08.48.53.033000 AM
8226.0,Normal user enters the Provvidenza Figli page,07-OCT-24 09.01.55.149000 AM
,Dettaglio elenco Cedolini e CU disponibili al download,07-OCT-24 08.32.27.792000 AM
8166.0,Normal user assign new grade for the child while creating a request,07-OCT-24 08.14.02.827000 AM
17860.0,Recupero dettagliutente per Scelta Welfare,25-OCT-24 04.41.57.691000 PM
5607.0,Normal user enters the Provvidenza Figli page,07-OCT-24 12.06.30.827000 PM
6940.0,Normal user enters the Provvidenza Figli page,07-OCT-24 11.57.13.544000 AM
7313.0,Normal user enters the Provvidenza Figli page,07-OCT-24 12.03.32.554000 PM
13001303.0,Normal user enters the Provvidenza Figli page,08-OCT-24 11.20.03.121000 AM
13002993.0,Verifica possibilità di accesso a fondo pensione per Scelta Welfare,29-OCT-24 08.58.17.987000 AM
,Download PDF dalla sezione Cedolini,25-OCT-24 05.09.36.739000 PM
,Download PDF dalla sezione Cedolini,30-OCT-24 04.59.08.810000 PM
,Dettaglio elenco Cedolini e CU disponibili al download,25-OCT-24 11.46.56.233000 AM
5811.0,Normal user enters the Provvidenza Figli page,07-OCT-24 08.44.54.147000 AM
,Download PDF dalla sezione Cedolini,28-OCT-24 03.25.54.106000 PM
5459.0,Normal user enters the Provvidenza Figli page,07-OCT-24 11.46.01.643000 AM
6979.0,Normal user enters the Provvidenza Figli page,07-OCT-24 12.54.46.049000 PM
5945.0,HR/Normal user tries to update the answer,07-OCT-24 12.47.55.336000 PM
7492.0,HR tried to update grade,08-OCT-24 11.02.22.560000 AM
6282.0,HR/Normal user tries to update the answer,07-OCT-24 12.11.13.842000 PM
5945.0,Normal user enters the Provvidenza Figli page,07-OCT-24 12.46.58.016000 PM
,Dettaglio elenco Cedolini e CU disponibili al download,29-OCT-24 09.13.50.593000 AM
6076.0,Recupero dettagli utente per invio adesione Fondo Nazionale,02-OCT-24 09.16.33.442000 AM
7012.0,HR/Normal user tries to update the answer,04-OCT-24 01.27.41.401000 PM
7832.0,Normal user assign new grade for the child while creating a request,03-OCT-24 06.17.19.361000 PM
5367.0,Normal user assign new grade for the child while creating a request,06-OCT-24 11.34.26.534000 AM
16714.0,Recupero dettagliutente per Scelta Welfare,29-OCT-24 05.59.38.136000 PM
,Download PDF dalla sezione Cedolini,25-OCT-24 04.44.11.930000 PM
7380.0,HR/Normal user tries to update the answer,07-OCT-24 12.33.55.755000 PM
19201.0,HR/Normal user tries to update the answer,07-OCT-24 12.22.49.141000 PM
,Download PDF dalla sezione Cedolini,25-OCT-24 06.01.22.157000 PM
6771.0,Normal user enters the Provvidenza Figli page,07-OCT-24 12.42.29.664000 PM
13000882.0,Recupero dettagli utente per invio adesione Fondo Nazionale,07-OCT-24 12.34.51.702000 PM
5781.0,Normal user enters the Provvidenza Figli page,04-OCT-24 01.08.25.233000 PM
13000881.0,HR/Normal user tries to update the answer,04-OCT-24 01.54.12.726000 PM
7377.0,HR/Normal user tries to update the answer,05-OCT-24 04.13.44.410000 PM
16787.0,Verifica possibilità di accesso a fondo pensione per Scelta Welfare,04-OCT-24 01.15.25.195000 PM
5555.0,Normal user tries to create new Provvidenza request for a child,07-OCT-24 12.27.04.916000 PM
13000881.0,Normal user tries to create new Provvidenza request for a child,04-OCT-24 01.54.01.492000 PM
,Download PDF dalla sezione Cedolini,25-OCT-24 04.47.01.406000 PM
,Download PDF dalla sezione Cedolini,25-OCT-24 09.49.50.347000 AM
5327.0,Dettaglio elenco Cedolini e CU disponibili al download,25-OCT-24 09.47.28.735000 AM
,Download PDF dalla sezione Cedolini,25-OCT-24 10.20.19.101000 AM
7605.0,HR/Normal user tries to update the answer,04-OCT-24 01.42.47.966000 PM
7605.0,Normal user assign new grade for the child while creating a request,04-OCT-24 01.43.00.516000 PM
,Download PDF dalla sezione Cedolini,25-OCT-24 10.04.40.343000 AM
5945.0,Normal user enters the Provvidenza Figli page,07-OCT-24 12.51.37.800000 PM
7605.0,Normal user enters the Provvidenza Figli page,04-OCT-24 01.43.45.687000 PM
,Dettaglio elenco Cedolini e CU disponibili al download,03-OCT-24 06.16.54.624000 PM
10035.0,Verifica possibilità di accesso a fondo pensione per Scelta Welfare,09-OCT-24 08.26.03.941000 AM
6979.0,HR/Normal user tries to update the answer,07-OCT-24 12.55.05.035000 PM
13000881.0,Normal user assign new grade for the child while creating a request,04-OCT-24 01.53.25.844000 PM
16787.0,Normal user enters the Provvidenza Figli page,04-OCT-24 01.06.53.502000 PM
,Dettaglio elenco Cedolini e CU disponibili al download,25-OCT-24 10.12.43.297000 AM
,Dettaglio elenco Cedolini e CU disponibili al download,25-OCT-24 10.26.59.235000 AM
,Dettaglio elenco Cedolini e CU disponibili al download,24-OCT-24 12.32.01.310000 PM
7325.0,Normal user tries to create new Provvidenza request for a child,04-OCT-24 12.59.53.376000 PM
,Dettaglio elenco Cedolini e CU disponibili al download,25-OCT-24 10.57.39.293000 AM
5781.0,HR/Normal user tries to update the answer,04-OCT-24 01.08.46.567000 PM
,Download PDF dalla sezione Cedolini,25-OCT-24 10.30.25.000000 AM
,Download PDF dalla sezione Cedolini,29-OCT-24 09.55.58.673000 AM
,Download PDF dalla sezione Cedolini,25-OCT-24 10.01.04.286000 AM
,Download PDF dalla sezione Cedolini,25-OCT-24 10.11.18.686000 AM
,Dettaglio elenco Cedolini e CU disponibili al download,23-OCT-24 10.33.45.762000 AM
,Dettaglio elenco Cedolini e CU disponibili al download,25-OCT-24 10.19.41.947000 AM
,Download PDF dalla sezione Cedolini,27-OCT-24 08.49.09.226000 PM
6331.0,HR/Normal user tries to update the answer,07-OCT-24 12.26.09.013000 PM
,Download PDF dalla sezione Cedolini,25-OCT-24 10.43.48.019000 AM
,Download PDF dalla sezione Cedolini,23-OCT-24 10.32.18.428000 AM
,Dettaglio elenco Cedolini e CU disponibili al download,25-OCT-24 10.49.58.959000 AM
,Dettaglio elenco Cedolini e CU disponibili al download,25-OCT-24 01.00.01.544000 PM
,Download PDF dalla sezione Cedolini,25-OCT-24 10.40.49.755000 AM
,Download PDF dalla sezione Cedolini,25-OCT-24 10.27.21.566000 AM
,Download PDF dalla sezione Cedolini,25-OCT-24 10.06.35.364000 AM
,Download PDF dalla sezione Cedolini,23-OCT-24 10.33.52.012000 AM
,Download PDF dalla sezione Cedolini,23-OCT-24 10.31.58.766000 AM
,Download PDF dalla sezione Cedolini,23-OCT-24 10.33.07.217000 AM
,Download PDF dalla sezione Cedolini,25-OCT-24 10.04.57.280000 AM
5848.0,Normal user tries to create new Provvidenza request for a child,04-OCT-24 01.38.42.408000 PM
5592.0,Normal user enters the Provvidenza Figli page,17-OCT-24 03.30.47.089000 PM
,Download PDF dalla sezione Cedolini,25-OCT-24 09.49.55.685000 AM
5592.0,HR/Normal user tries to update the answer,17-OCT-24 03.27.43.495000 PM
,Download PDF dalla sezione Cedolini,25-OCT-24 10.50.17.186000 AM
,Dettaglio elenco Cedolini e CU disponibili al download,25-OCT-24 10.48.55.455000 AM
,Dettaglio elenco Cedolini e CU disponibili al download,23-OCT-24 11.01.28.286000 AM
,Dettaglio elenco Cedolini e CU disponibili al download,25-OCT-24 01.54.17.460000 PM
,Download PDF dalla sezione Cedolini,25-OCT-24 01.08.36.351000 PM
,Download PDF dalla sezione Cedolini,23-OCT-24 10.33.52.632000 AM
13000760.0,HR/Normal user tries to update the answer,03-OCT-24 01.36.09.774000 PM
7595.0,HR/Normal user tries to update the answer,03-OCT-24 02.15.11.243000 PM
6057.0,Normal user assign new grade for the child while creating a request,07-OCT-24 11.16.51.699000 AM
,Dettaglio elenco Cedolini e CU disponibili al download,25-OCT-24 08.25.02.461000 AM
,Dettaglio elenco Cedolini e CU disponibili al download,25-OCT-24 10.57.56.908000 AM
8088.0,HR/Normal user tries to update the answer,25-OCT-24 10.22.53.354000 AM
5556.0,HR/Normal user tries to update the answer,07-OCT-24 10.49.35.215000 AM
5556.0,Normal user enters the Provvidenza Figli page,07-OCT-24 10.49.48.018000 AM
8388.0,Normal user enters the Provvidenza Figli page,07-OCT-24 10.43.23.989000 AM
5828.0,HR/Normal user tries to update the answer,07-OCT-24 10.50.34.625000 AM
,Download PDF dalla sezione Cedolini,09-OCT-24 02.16.40.090000 PM
5776.0,HR/Normal user tries to update the answer,07-OCT-24 11.55.26.577000 PM
7530.0,HR/Normal user tries to update the answer,07-OCT-24 11.11.58.748000 AM
5459.0,HR/Normal user tries to update the answer,07-OCT-24 11.26.07.706000 AM
5776.0,Dettaglio elenco Cedolini e CU disponibili al download,07-OCT-24 11.56.54.072000 PM
5854.0,HR tried to update grade,03-OCT-24 01.32.17.764000 PM
7871.0,Dettaglio elenco Cedolini e CU disponibili al download,03-OCT-24 09.13.39.068000 AM
,Dettaglio elenco Cedolini e CU disponibili al download,10-OCT-24 05.39.16.620000 PM
7792.0,HR/Normal user tries to update the answer,07-OCT-24 11.53.16.708000 AM
,Dettaglio elenco Cedolini e CU disponibili al download,22-OCT-24 09.44.20.606000 PM
,Download PDF dalla sezione Cedolini,25-OCT-24 11.18.54.399000 AM
5302.0,HR/Normal user tries to update the answer,03-OCT-24 01.25.50.501000 PM
7128.0,HR/Normal user tries to update the answer,03-OCT-24 01.24.43.396000 PM
9223.0,Normal user enters the Provvidenza Figli page,03-OCT-24 02.07.32.696000 PM
5524.0,Recupero dettagli utente per Scelta orario di lavoro,15-OCT-24 03.18.58.773000 PM
7690.0,HR/Normal user tries to update the answer,03-OCT-24 01.34.53.693000 PM
6749.0,Dettaglio elenco Cedolini e CU disponibili al download,07-OCT-24 11.31.40.881000 AM
6174.0,Normal user enters the Provvidenza Figli page,07-OCT-24 10.53.53.849000 AM
5227.0,HR/Normal user tries to update the answer,03-OCT-24 01.26.10.602000 PM
6553.0,HR/Normal user tries to update the answer,03-OCT-24 02.37.08.066000 PM
6104.0,HR/Normal user tries to update the answer,03-OCT-24 02.27.34.842000 PM
5226.0,Normal user enters the Provvidenza Figli page,07-OCT-24 10.59.24.457000 AM
6006.0,HR/Normal user tries to update the answer,03-OCT-24 01.45.24.898000 PM
7216.0,Normal user enters the Provvidenza Figli page,07-OCT-24 11.44.14.584000 AM
5775.0,Normal user tries to create new Provvidenza request for a child,03-OCT-24 02.19.10.487000 PM
5657.0,Normal user enters the Provvidenza Figli page,03-OCT-24 02.20.45.807000 PM
6113.0,Normal user enters the Provvidenza Figli page,03-OCT-24 02.24.10.415000 PM
,Download PDF dalla sezione Cedolini,25-OCT-24 01.55.45.189000 PM
5764.0,Normal user tries to create new Provvidenza request for a child,03-OCT-24 01.56.42.592000 PM
,Download PDF dalla sezione Cedolini,25-OCT-24 01.52.33.861000 PM
8126.0,Dettaglio elenco Cedolini e CU disponibili al download,18-OCT-24 12.45.56.301000 PM
7733.0,HR/Normal user tries to update the answer,03-OCT-24 02.36.50.473000 PM
5764.0,HR/Normal user tries to update the answer,03-OCT-24 01.57.43.112000 PM
6393.0,HR/Normal user tries to update the answer,03-OCT-24 01.57.25.614000 PM
,Dettaglio elenco Cedolini e CU disponibili al download,25-OCT-24 11.01.11.049000 AM
,Dettaglio elenco Cedolini e CU disponibili al download,25-OCT-24 11.12.40.886000 AM
8622.0,HR/Normal user tries to update the answer,04-OCT-24 10.18.00.174000 AM
6076.0,Normal user enters the Provvidenza Figli page,04-OCT-24 10.02.28.270000 AM
7234.0,Normal / HR user updates the answer,04-OCT-24 10.40.21.012000 AM
5768.0,Normal user assign new grade for the child while creating a request,04-OCT-24 10.02.32.507000 AM
14647.0,HR/Normal user tries to update the answer,04-OCT-24 10.16.32.268000 AM
7662.0,HR/Normal user tries to update the answer,03-OCT-24 02.01.20.797000 PM
7165.0,HR tried to update grade,03-OCT-24 02.17.20.998000 PM
8062.0,HR/Normal user tries to update the answer,04-OCT-24 10.14.42.553000 AM
8438.0,HR/Normal user tries to update the answer,05-OCT-24 07.33.29.660000 PM
5241.0,HR/Normal user tries to update the answer,04-OCT-24 10.42.04.056000 AM
,Download PDF dalla sezione Cedolini,04-OCT-24 10.53.35.802000 AM
7073.0,HR/Normal user tries to update the answer,04-OCT-24 11.08.02.790000 AM
13002130.0,Recupero dettagliutente per Scelta Welfare,04-OCT-24 10.53.09.332000 AM
7468.0,HR/Normal user tries to update the answer,04-OCT-24 10.29.56.743000 AM
13002130.0,Normal user enters the Provvidenza Figli page,04-OCT-24 10.53.33.354000 AM
6049.0,Normal user assign new grade for the child while creating a request,04-OCT-24 10.55.00.234000 AM
5633.0,HR/Normal user tries to update the answer,04-OCT-24 10.13.56.508000 AM
7072.0,Download PDF dalla sezione Cedolini,29-OCT-24 04.32.36.215000 PM
7073.0,Normal user tries to create new Provvidenza request for a child,04-OCT-24 11.05.39.895000 AM
6049.0,HR/Normal user tries to update the answer,04-OCT-24 10.55.58.665000 AM
,Download PDF dalla sezione Cedolini,25-OCT-24 11.06.57.240000 AM
6672.0,Normal user enters the Provvidenza Figli page,04-OCT-24 11.16.57.726000 AM
17151.0,Normal user enters the Provvidenza Figli page,11-OCT-24 06.09.52.618000 PM
5899.0,Normal / HR user updates the answer,14-OCT-24 02.13.35.696000 PM
8324.0,Verifica possibilità di accesso a fondo pensione per Scelta Welfare,02-OCT-24 03.05.56.438000 PM
6385.0,HR/Normal user tries to update the answer,29-OCT-24 11.39.00.803000 AM
,Dettaglio elenco Cedolini e CU disponibili al download,29-OCT-24 11.41.32.873000 AM
6169.0,HR/Normal user tries to update the answer,04-OCT-24 05.47.01.790000 PM
6713.0,Normal user enters the Provvidenza Figli page,04-OCT-24 05.05.39.536000 PM
,Dettaglio elenco Cedolini e CU disponibili al download,24-OCT-24 05.01.16.313000 PM
6371.0,Normal user enters the Provvidenza Figli page,03-OCT-24 06.38.42.162000 PM
5272.0,HR/Normal user tries to update the answer,07-OCT-24 04.22.48.134000 PM
7012.0,Normal user assign new grade for the child while creating a request,04-OCT-24 01.27.34.593000 PM
,Download PDF dalla sezione Cedolini,04-OCT-24 12.39.43.910000 PM
,A valid user enters the MIFID page details of the user would be logged,31-OCT-24 06.30.17.234000 AM
7703.0,HR/Normal user tries to update the answer,04-OCT-24 12.42.49.083000 PM
14647.0,HR/Normal user tries to update the answer,04-OCT-24 10.16.35.804000 AM
5746.0,Dettaglio elenco Cedolini e CU disponibili al download,04-OCT-24 10.14.41.631000 AM
,Download PDF dalla sezione Cedolini,11-OCT-24 12.01.21.153000 PM
6482.0,Normal user enters the Provvidenza Figli page,10-OCT-24 08.53.20.776000 AM
16786.0,Dettaglio elenco Cedolini e CU disponibili al download,23-OCT-24 03.02.05.321000 PM
14622.0,Recupero dettagli utente per invio adesione Fondo Nazionale,07-OCT-24 01.22.24.221000 PM
5182.0,Normal / HR user updates the answer,09-OCT-24 12.13.29.289000 PM
13002717.0,Normal user enters the Provvidenza Figli page,01-OCT-24 11.19.39.103000 AM
6869.0,HR/Normal user tries to update the answer,04-OCT-24 08.10.13.861000 AM
,Download PDF dalla sezione Cedolini,28-OCT-24 09.16.29.876000 AM
,Dettaglio elenco Cedolini e CU disponibili al download,04-OCT-24 07.31.07.675000 AM
5271.0,Normal user enters the Provvidenza Figli page,21-OCT-24 09.45.51.339000 AM
6180.0,HR/Normal user tries to update the answer,04-OCT-24 08.57.02.736000 AM
9077.0,Normal user enters the Provvidenza Figli page,04-OCT-24 08.57.04.926000 AM
5299.0,Normal user update grade for a child,04-OCT-24 08.45.53.749000 AM
8314.0,Normal user tries to create new Provvidenza request for a child,04-OCT-24 09.18.52.732000 AM
8314.0,HR/Normal user tries to update the answer,04-OCT-24 09.19.16.594000 AM
18291.0,Download PDF dalla sezione Cedolini,04-OCT-24 09.23.32.025000 AM
13000916.0,HR/Normal user tries to update the answer,08-OCT-24 09.49.01.572000 AM
13001727.0,HR/Normal user tries to update the answer,08-OCT-24 09.27.32.981000 AM
5744.0,HR/Normal user tries to update the answer,04-OCT-24 08.24.25.086000 AM
,Download PDF dalla sezione Cedolini,29-OCT-24 01.13.29.229000 PM
13001727.0,Normal user enters the Provvidenza Figli page,08-OCT-24 09.25.28.664000 AM
19481.0,HR/Normal user tries to update the answer,04-OCT-24 02.54.03.651000 PM
7628.0,HR/Normal user tries to update the answer,07-OCT-24 09.05.57.279000 AM
8042.0,HR/Normal user tries to update the answer,03-OCT-24 02.14.33.349000 PM
6685.0,HR/Normal user tries to update the answer,03-OCT-24 02.13.35.911000 PM
6881.0,Normal user enters the Provvidenza Figli page,03-OCT-24 01.56.26.002000 PM
9543.0,HR/Normal user tries to update the answer,03-OCT-24 01.41.09.838000 PM
5618.0,Normal user tries to create new Provvidenza request for a child,07-OCT-24 10.06.20.463000 AM
,Download PDF dalla sezione Cedolini,16-OCT-24 11.28.24.901000 AM
5694.0,Normal user tries to create new Provvidenza request for a child,03-OCT-24 02.05.15.833000 PM
16786.0,HR tried to update grade,03-OCT-24 01.50.22.959000 PM
5788.0,HR/Normal user tries to update the answer,03-OCT-24 01.37.47.801000 PM
5855.0,Normal user assign new grade for the child while creating a request,03-OCT-24 02.10.16.181000 PM
6636.0,Normal user enters the Provvidenza Figli page,03-OCT-24 02.51.33.476000 PM
7212.0,HR/Normal user tries to update the answer,10-OCT-24 12.44.02.314000 PM
6881.0,Normal user assign new grade for the child while creating a request,03-OCT-24 01.55.59.335000 PM
,Dettaglio elenco Cedolini e CU disponibili al download,09-OCT-24 12.48.28.064000 PM
11399.0,HR/Normal user tries to update the answer,03-OCT-24 02.20.49.003000 PM
,Dettaglio elenco Cedolini e CU disponibili al download,04-OCT-24 08.54.30.099000 AM
18506.0,Recupero dettagli utente per invio adesione Fondo Nazionale,10-OCT-24 11.24.32.453000 AM
8042.0,HR/Normal user tries to update the answer,03-OCT-24 02.13.50.072000 PM
6813.0,Normal user tries to create new Provvidenza request for a child,03-OCT-24 02.54.42.890000 PM
5332.0,Normal user enters the Provvidenza Figli page,03-OCT-24 02.33.17.421000 PM
6150.0,HR/Normal user tries to update the answer,03-OCT-24 02.21.21.819000 PM
6787.0,HR/Normal user tries to update the answer,03-OCT-24 01.43.59.155000 PM
,Dettaglio elenco Cedolini e CU disponibili al download,10-OCT-24 12.51.03.266000 PM
,Dettaglio elenco Cedolini e CU disponibili al download,03-OCT-24 02.19.51.604000 PM
6926.0,HR/Normal user tries to update the answer,03-OCT-24 01.49.55.976000 PM
5488.0,HR/Normal user tries to update the answer,04-OCT-24 08.54.12.636000 AM
7720.0,Dettaglio elenco Cedolini e CU disponibili al download,04-OCT-24 09.28.32.280000 AM
6089.0,Normal user enters the Provvidenza Figli page,04-OCT-24 08.46.09.142000 AM
,Dettaglio elenco Cedolini e CU disponibili al download,24-OCT-24 09.59.34.183000 AM
5758.0,HR/Normal user tries to update the answer,07-OCT-24 10.28.13.579000 AM
7506.0,Normal user enters the Provvidenza Figli page,06-OCT-24 08.12.10.026000 PM
,Download PDF dalla sezione Cedolini,16-OCT-24 05.34.29.780000 PM
13002401.0,Recupero dettagliutente per Scelta Welfare,30-OCT-24 05.12.43.803000 PM
,Download PDF dalla sezione Cedolini,29-OCT-24 10.09.03.472000 AM
,Dettaglio elenco Cedolini e CU disponibili al download,29-OCT-24 10.42.34.659000 AM
6790.0,Dettaglio elenco Cedolini e CU disponibili al download,29-OCT-24 08.47.45.295000 AM
,Download PDF dalla sezione Cedolini,07-OCT-24 11.35.40.613000 AM
,Download PDF dalla sezione Cedolini,05-OCT-24 05.33.36.316000 PM
,Download PDF dalla sezione Cedolini,25-OCT-24 09.57.55.045000 AM
,Download PDF dalla sezione Cedolini,23-OCT-24 10.32.49.091000 AM
5592.0,Normal user enters the Provvidenza Figli page,17-OCT-24 03.27.17.364000 PM
6174.0,Normal user enters the Provvidenza Figli page,07-OCT-24 10.53.28.931000 AM
7792.0,Normal user assign new grade for the child while creating a request,07-OCT-24 11.52.54.588000 AM
6672.0,Normal user enters the Provvidenza Figli page,04-OCT-24 11.14.47.863000 AM
,Dettaglio elenco Cedolini e CU disponibili al download,03-OCT-24 10.08.06.804000 AM
8288.0,HR/Normal user tries to update the answer,08-OCT-24 02.22.31.077000 PM
,Lettura e accettazione dell'accordo di smartworking,01-OCT-24 03.59.05.028000 PM
5948.0,Normal user assign new grade for the child while creating a request,08-OCT-24 01.48.28.075000 PM
5948.0,Normal user tries to create new Provvidenza request for a child,08-OCT-24 01.48.27.961000 PM
6199.0,HR user enters the Change Tipo Provvidenza  configuration,03-OCT-24 10.39.20.401000 AM
5621.0,HR/Normal user tries to update the answer,30-OCT-24 03.25.52.288000 PM
5463.0,HR/Normal user tries to update the answer,03-OCT-24 10.48.19.907000 AM
,Dettaglio elenco Cedolini e CU disponibili al download,01-OCT-24 04.49.15.826000 PM
8370.0,HR/Normal user tries to update the answer,08-OCT-24 01.57.02.401000 PM
,Dettaglio elenco Cedolini e CU disponibili al download,01-OCT-24 04.48.15.626000 PM
6887.0,HR/Normal user tries to update the answer,08-OCT-24 02.58.59.095000 PM
5804.0,Dettaglio elenco Cedolini e CU disponibili al download,01-OCT-24 04.34.26.282000 PM
6887.0,Normal user enters the Provvidenza Figli page,08-OCT-24 02.58.40.592000 PM
,Download PDF dalla sezione Cedolini,29-OCT-24 04.06.37.020000 PM
7314.0,HR/Normal user tries to update the answer,10-OCT-24 08.52.43.643000 AM
6887.0,HR/Normal user tries to update the answer,08-OCT-24 02.58.16.718000 PM
8288.0,Normal / HR user updates the answer,08-OCT-24 02.23.01.004000 PM
16589.0,Verifica possibilità di accesso a fondo pensione per Scelta Welfare,30-OCT-24 02.57.22.467000 PM
13002994.0,Normal user enters the Provvidenza Figli page,25-OCT-24 10.22.52.027000 AM
,Dettaglio elenco Cedolini e CU disponibili al download,22-OCT-24 12.53.13.592000 PM
5621.0,HR/Normal user tries to update the answer,30-OCT-24 03.25.30.073000 PM
,Dettaglio elenco Cedolini e CU disponibili al download,30-OCT-24 02.58.30.111000 PM
,Download PDF dalla sezione Cedolini,25-OCT-24 10.21.04.070000 AM
8708.0,HR/Normal user tries to update the answer,03-OCT-24 01.20.53.935000 PM
5993.0,HR/Normal user tries to update the answer,03-OCT-24 01.20.19.036000 PM
13002972.0,Recupero dettagliutente per Scelta Welfare,23-OCT-24 09.03.53.739000 AM
,Dettaglio elenco Cedolini e CU disponibili al download,26-OCT-24 09.35.51.721000 AM
5797.0,Normal / HR user updates the answer,08-OCT-24 12.40.25.035000 PM
13000340.0,HR/Normal user tries to update the answer,03-OCT-24 01.17.05.262000 PM
,Download PDF dalla sezione Cedolini,26-OCT-24 10.02.10.181000 AM
6486.0,Normal user assign new grade for the child while creating a request,03-OCT-24 01.15.32.810000 PM
6486.0,HR/Normal user tries to update the answer,03-OCT-24 01.15.46.398000 PM
6915.0,Normal / HR user updates the answer,03-OCT-24 01.16.21.912000 PM
6199.0,Normal user enters the Provvidenza Figli page,10-OCT-24 08.40.44.994000 AM
16589.0,Recupero dettagli utente per Scelta orario di lavoro,30-OCT-24 02.57.49.059000 PM
6008.0,HR/Normal user tries to update the answer,03-OCT-24 01.17.29.072000 PM
6992.0,Normal user assign new grade for the child while creating a request,03-OCT-24 01.15.52.241000 PM
6199.0,Normal user enters the Provvidenza Figli page,10-OCT-24 08.46.09.325000 AM
,Dettaglio elenco Cedolini e CU disponibili al download,25-OCT-24 10.09.04.202000 AM
5863.0,Normal user enters the Provvidenza Figli page,03-OCT-24 01.14.27.684000 PM
,Download PDF dalla sezione Cedolini,25-OCT-24 10.09.18.007000 AM
6894.0,HR/Normal user tries to update the answer,03-OCT-24 01.17.48.116000 PM
9473.0,HR/Normal user tries to update the answer,03-OCT-24 01.18.56.891000 PM
5721.0,HR/Normal user tries to update the answer,03-OCT-24 01.16.31.314000 PM
7314.0,Normal user assign new grade for the child while creating a request,10-OCT-24 08.52.13.834000 AM
7232.0,HR/Normal user tries to update the answer,03-OCT-24 01.15.35.440000 PM
,Download PDF dalla sezione Cedolini,25-OCT-24 10.04.38.324000 AM
,Download PDF dalla sezione Cedolini,25-OCT-24 10.37.36.705000 AM
5868.0,HR/Normal user tries to update the answer,03-OCT-24 01.18.49.671000 PM
,Download PDF dalla sezione Cedolini,29-OCT-24 04.05.08.064000 PM
7961.0,Normal user enters the Provvidenza Figli page,03-OCT-24 01.16.14.229000 PM
7486.0,HR/Normal user tries to update the answer,03-OCT-24 01.20.56.345000 PM
15870.0,Normal user update grade for a child,03-OCT-24 01.17.55.103000 PM
5219.0,Normal user enters the Provvidenza Figli page,03-OCT-24 01.17.04.906000 PM
6164.0,HR/Normal user tries to update the answer,03-OCT-24 01.16.37.478000 PM
6482.0,Normal / HR user updates the answer,10-OCT-24 08.52.56.596000 AM
,Dettaglio elenco Cedolini e CU disponibili al download,25-OCT-24 10.36.16.005000 AM
6894.0,Normal user enters the Provvidenza Figli page,03-OCT-24 01.17.38.098000 PM
8708.0,HR/Normal user tries to update the answer,03-OCT-24 01.21.00.114000 PM
6802.0,Normal user enters the Provvidenza Figli page,03-OCT-24 01.19.45.646000 PM
8708.0,HR/Normal user tries to update the answer,03-OCT-24 01.21.40.404000 PM
9473.0,Normal user tries to create new Provvidenza request for a child,03-OCT-24 01.18.44.051000 PM
6669.0,HR/Normal user tries to update the answer,03-OCT-24 01.20.58.353000 PM
6839.0,HR/Normal user tries to update the answer,03-OCT-24 01.17.23.878000 PM
8108.0,HR/Normal user tries to update the answer,03-OCT-24 01.18.50.570000 PM
6164.0,Normal user enters the Provvidenza Figli page,03-OCT-24 01.15.29.369000 PM
,Download PDF dalla sezione Cedolini,25-OCT-24 10.47.05.126000 AM
6894.0,Normal user enters the Provvidenza Figli page,03-OCT-24 01.16.17.060000 PM
5666.0,HR/Normal user tries to update the answer,03-OCT-24 01.17.10.112000 PM
6669.0,Normal user tries to create new Provvidenza request for a child,03-OCT-24 01.20.12.429000 PM
5893.0,Normal user enters the Provvidenza Figli page,03-OCT-24 01.15.21.872000 PM
7116.0,Normal user tries to create new Provvidenza request for a child,03-OCT-24 01.22.23.261000 PM
6882.0,HR/Normal user tries to update the answer,03-OCT-24 01.22.04.426000 PM
8124.0,Normal user enters the Provvidenza Figli page,03-OCT-24 01.22.13.403000 PM
5797.0,HR/Normal user tries to update the answer,08-OCT-24 12.40.20.266000 PM
6568.0,Download PDF dalla sezione Cedolini,29-OCT-24 02.01.09.964000 PM
5761.0,Normal user tries to create new Provvidenza request for a child,03-OCT-24 01.17.19.832000 PM
5687.0,Normal user tries to create new Provvidenza request for a child,03-OCT-24 01.17.27.986000 PM
7486.0,Normal user assign new grade for the child while creating a request,03-OCT-24 01.15.21.363000 PM
6597.0,HR/Normal user tries to update the answer,03-OCT-24 01.17.04.259000 PM
8410.0,HR/Normal user tries to update the answer,03-OCT-24 01.18.24.474000 PM
6669.0,HR/Normal user tries to update the answer,03-OCT-24 01.20.28.998000 PM
7707.0,HR/Normal user tries to update the answer,03-OCT-24 01.21.22.401000 PM
5895.0,HR/Normal user tries to update the answer,03-OCT-24 01.20.27.397000 PM
9473.0,Normal user enters the Provvidenza Figli page,03-OCT-24 01.19.38.840000 PM
17958.0,Dettaglio elenco Cedolini e CU disponibili al download,03-OCT-24 01.22.01.868000 PM
,Dettaglio elenco Cedolini e CU disponibili al download,25-OCT-24 10.27.19.585000 AM
7342.0,HR/Normal user tries to update the answer,03-OCT-24 01.16.29.114000 PM
9473.0,Normal user enters the Provvidenza Figli page,03-OCT-24 01.18.24.753000 PM
17789.0,HR/Normal user tries to update the answer,03-OCT-24 01.21.22.553000 PM
,Dettaglio elenco Cedolini e CU disponibili al download,30-OCT-24 10.20.59.655000 AM
6918.0,Normal user tries to create new Provvidenza request for a child,03-OCT-24 01.16.38.390000 PM
6360.0,Normal user enters the Provvidenza Figli page,03-OCT-24 01.17.42.943000 PM
17394.0,HR/Normal user tries to update the answer,03-OCT-24 01.16.35.478000 PM
5690.0,HR/Normal user tries to update the answer,08-OCT-24 12.41.45.583000 PM
13000340.0,HR/Normal user tries to update the answer,03-OCT-24 01.17.48.296000 PM
6258.0,Normal user assign new grade for the child while creating a request,03-OCT-24 01.21.01.579000 PM
,Download PDF dalla sezione Cedolini,29-OCT-24 04.05.05.279000 PM
7036.0,HR/Normal user tries to update the answer,03-OCT-24 01.22.14.249000 PM
6109.0,Dettaglio elenco Cedolini e CU disponibili al download,03-OCT-24 01.21.38.076000 PM
17394.0,Normal user enters the Provvidenza Figli page,03-OCT-24 01.16.12.915000 PM
,Dettaglio elenco Cedolini e CU disponibili al download,25-OCT-24 10.46.48.510000 AM
6035.0,Normal / HR user updates the answer,03-OCT-24 01.17.49.661000 PM
7342.0,Normal / HR user updates the answer,03-OCT-24 01.16.06.329000 PM
7311.0,HR/Normal user tries to update the answer,03-OCT-24 07.11.14.063000 PM
,Dettaglio elenco Cedolini e CU disponibili al download,29-OCT-24 02.30.17.283000 PM
5849.0,Normal user assign new grade for the child while creating a request,03-OCT-24 07.21.11.575000 PM
8309.0,Normal user tries to create new Provvidenza request for a child,03-OCT-24 01.15.59.010000 PM
7601.0,HR/Normal user tries to update the answer,03-OCT-24 01.19.09.418000 PM
8192.0,Normal user assign new grade for the child while creating a request,03-OCT-24 01.16.58.219000 PM
6556.0,Normal / HR user updates the answer,03-OCT-24 01.18.04.707000 PM
5993.0,Recupero dettagliutente per Scelta Welfare,03-OCT-24 01.16.57.796000 PM
5891.0,HR/Normal user tries to update the answer,03-OCT-24 01.22.12.365000 PM
7816.0,HR/Normal user tries to update the answer,03-OCT-24 01.16.01.405000 PM
13001115.0,Verifica possibilità di accesso a fondo pensione per Scelta Welfare,08-OCT-24 01.05.05.945000 PM
17720.0,HR/Normal user tries to update the answer,03-OCT-24 01.19.40.167000 PM
6882.0,Normal / HR user updates the answer,03-OCT-24 01.21.17.504000 PM
18705.0,Normal user tries to create new Provvidenza request for a child,03-OCT-24 01.16.46.244000 PM
5467.0,Normal user tries to create new Provvidenza request for a child,08-OCT-24 12.36.03.251000 PM
6258.0,Normal user enters the Provvidenza Figli page,03-OCT-24 01.18.38.071000 PM
6745.0,HR/Normal user tries to update the answer,03-OCT-24 08.15.16.206000 PM
6745.0,Normal user assign new grade for the child while creating a request,03-OCT-24 08.15.54.373000 PM
,Dettaglio elenco Cedolini e CU disponibili al download,24-OCT-24 03.05.40.301000 PM
,Dettaglio elenco Cedolini e CU disponibili al download,01-OCT-24 01.27.27.843000 PM
,Dettaglio elenco Cedolini e CU disponibili al download,24-OCT-24 02.40.09.856000 PM
,Dettaglio elenco Cedolini e CU disponibili al download,24-OCT-24 02.59.40.612000 PM
6349.0,Normal user tries to create new Provvidenza request for a child,03-OCT-24 09.35.54.640000 PM
6199.0,Normal user enters the Provvidenza Figli page,03-OCT-24 10.50.39.300000 AM
,Dettaglio elenco Cedolini e CU disponibili al download,10-OCT-24 09.04.36.586000 AM
13002985.0,Recupero dettagli utente per Scelta orario di lavoro,26-OCT-24 04.21.05.661000 PM
6867.0,HR/Normal user tries to update the answer,03-OCT-24 01.19.30.457000 PM
6199.0,HR user tries to load Funzioni Batch,03-OCT-24 10.43.08.130000 AM
8708.0,Normal user enters the Provvidenza Figli page,03-OCT-24 01.21.54.013000 PM
5463.0,Normal user tries to create new Provvidenza request for a child,03-OCT-24 10.48.08.983000 AM
,Download PDF dalla sezione Cedolini,27-OCT-24 09.18.41.640000 AM
6199.0,HR user enters the Change Tipo Provvidenza  configuration,03-OCT-24 10.42.04.630000 AM
6882.0,HR/Normal user tries to update the answer,03-OCT-24 01.20.35.438000 PM
6199.0,HR user enters the Change Tipo Provvidenza  configuration,03-OCT-24 10.43.11.435000 AM
7342.0,Normal user enters the Provvidenza Figli page,03-OCT-24 01.14.37.856000 PM
7205.0,HR/Normal user tries to update the answer,08-OCT-24 12.25.07.095000 PM
,Download PDF dalla sezione Cedolini,30-OCT-24 09.28.51.454000 AM
6915.0,HR/Normal user tries to update the answer,03-OCT-24 01.15.28.473000 PM
5666.0,Normal user enters the Provvidenza Figli page,03-OCT-24 01.17.43.941000 PM
6894.0,HR/Normal user tries to update the answer,03-OCT-24 01.17.46.238000 PM
,Dettaglio elenco Cedolini e CU disponibili al download,30-OCT-24 09.28.48.694000 AM
6915.0,HR/Normal user tries to update the answer,03-OCT-24 01.16.20.972000 PM
13001434.0,HR/Normal user tries to update the answer,03-OCT-24 01.19.52.422000 PM
7434.0,Normal user enters the Provvidenza Figli page,03-OCT-24 01.17.16.733000 PM
6067.0,HR/Normal user tries to update the answer,03-OCT-24 01.21.17.369000 PM
17789.0,HR/Normal user tries to update the answer,03-OCT-24 01.21.04.290000 PM
,Download PDF dalla sezione Cedolini,28-OCT-24 09.57.22.909000 AM
6484.0,HR/Normal user tries to update the answer,08-OCT-24 08.13.24.450000 PM
,Dettaglio elenco Cedolini e CU disponibili al download,28-OCT-24 09.57.21.492000 AM
15870.0,HR/Normal user tries to update the answer,03-OCT-24 01.17.07.253000 PM
7036.0,HR/Normal user tries to update the answer,03-OCT-24 01.19.02.565000 PM
,Dettaglio elenco Cedolini e CU disponibili al download,28-OCT-24 10.08.11.786000 AM
,Dettaglio elenco Cedolini e CU disponibili al download,25-OCT-24 03.10.19.345000 PM
,Download PDF dalla sezione Cedolini,11-OCT-24 10.33.09.460000 AM
,Dettaglio elenco Cedolini e CU disponibili al download,25-OCT-24 03.18.22.775000 PM
,Download PDF dalla sezione Cedolini,11-OCT-24 09.32.45.872000 AM
,Dettaglio elenco Cedolini e CU disponibili al download,25-OCT-24 03.38.36.623000 PM
,Dettaglio elenco Cedolini e CU disponibili al download,25-OCT-24 03.44.58.063000 PM
6186.0,HR/Normal user tries to update the answer,11-OCT-24 09.53.26.650000 AM
5516.0,HR/Normal user tries to update the answer,11-OCT-24 08.30.56.720000 PM
6745.0,Normal user assign new grade for the child while creating a request,03-OCT-24 08.15.04.535000 PM
,Dettaglio elenco Cedolini e CU disponibili al download,25-OCT-24 03.36.40.045000 PM
7098.0,Recupero dettagli utente per invio adesione Fondo Nazionale,11-OCT-24 09.23.39.602000 AM
6143.0,HR/Normal user tries to update the answer,17-OCT-24 04.41.11.449000 PM
6349.0,HR/Normal user tries to update the answer,03-OCT-24 09.35.24.446000 PM
18424.0,Verifica possibilità di accesso a fondo pensione per Scelta Welfare,27-OCT-24 09.22.30.521000 AM
5327.0,Normal user assign new grade for the child while creating a request,11-OCT-24 10.21.39.885000 AM
,Dettaglio elenco Cedolini e CU disponibili al download,28-OCT-24 07.38.54.725000 AM
,Download PDF dalla sezione Cedolini,27-OCT-24 08.54.40.233000 AM
6143.0,HR/Normal user tries to update the answer,17-OCT-24 04.41.11.102000 PM
,Download PDF dalla sezione Cedolini,11-OCT-24 10.16.10.747000 AM
5987.0,Recupero dettagli utente per Scelta orario di lavoro,23-OCT-24 12.39.45.093000 PM
,Dettaglio elenco Cedolini e CU disponibili al download,27-OCT-24 09.18.37.829000 AM
6163.0,Normal user assign new grade for the child while creating a request,04-OCT-24 06.50.38.732000 PM
,Dettaglio elenco Cedolini e CU disponibili al download,31-OCT-24 02.31.58.586000 PM
,Download PDF dalla sezione Cedolini,28-OCT-24 08.03.59.353000 AM
5771.0,Normal user enters the Provvidenza Figli page,04-OCT-24 06.45.23.894000 PM
8969.0,HR/Normal user tries to update the answer,04-OCT-24 06.18.39.297000 PM
,Download PDF dalla sezione Cedolini,11-OCT-24 02.18.21.171000 PM
,Download PDF dalla sezione Cedolini,27-OCT-24 04.41.18.967000 PM
13002519.0,Recupero dettagliutente per Scelta Welfare,03-OCT-24 10.45.16.418000 AM
6163.0,Normal user assign new grade for the child while creating a request,04-OCT-24 06.51.31.525000 PM
,Dettaglio elenco Cedolini e CU disponibili al download,07-OCT-24 01.17.39.424000 PM
,Dettaglio elenco Cedolini e CU disponibili al download,31-OCT-24 02.48.52.954000 PM
,Dettaglio elenco Cedolini e CU disponibili al download,25-OCT-24 12.56.38.553000 PM
,Dettaglio elenco Cedolini e CU disponibili al download,31-OCT-24 11.22.02.212000 AM
6199.0,HR user tries to load Funzioni Batch,17-OCT-24 04.38.00.704000 PM
7852.0,HR tried to update grade,07-OCT-24 02.30.03.376000 PM
5622.0,HR/Normal user tries to update the answer,17-OCT-24 08.12.09.796000 AM
18424.0,Recupero dettagliutente per Scelta Welfare,27-OCT-24 09.22.30.311000 AM
5662.0,Normal user enters the Provvidenza Figli page,03-OCT-24 09.46.45.567000 PM
,Download PDF dalla sezione Cedolini,25-OCT-24 01.55.17.760000 PM
6349.0,HR/Normal user tries to update the answer,03-OCT-24 09.35.19.136000 PM
13001109.0,Normal user enters the Provvidenza Figli page,03-OCT-24 10.16.25.526000 PM
,Download PDF dalla sezione Cedolini,07-OCT-24 02.28.27.007000 PM
,Download PDF dalla sezione Cedolini,25-OCT-24 12.57.25.426000 PM
,Dettaglio elenco Cedolini e CU disponibili al download,16-OCT-24 04.29.43.349000 PM
,Dettaglio elenco Cedolini e CU disponibili al download,25-OCT-24 01.49.25.582000 PM
6349.0,Normal user enters the Provvidenza Figli page,03-OCT-24 09.36.19.885000 PM
13001109.0,Normal / HR user updates the answer,03-OCT-24 10.14.03.493000 PM
15600.0,Normal user assign new grade for the child while creating a request,03-OCT-24 10.07.51.364000 PM
,Download PDF dalla sezione Cedolini,17-OCT-24 05.48.28.072000 PM
6163.0,HR/Normal user tries to update the answer,04-OCT-24 06.51.40.372000 PM
5972.0,HR/Normal user tries to update the answer,03-OCT-24 09.53.55.736000 PM
10871.0,Recupero dettagli utente per Scelta orario di lavoro,16-OCT-24 08.06.48.787000 AM
6420.0,Normal user assign new grade for the child while creating a request,07-OCT-24 05.18.15.387000 PM
,Dettaglio elenco Cedolini e CU disponibili al download,11-OCT-24 12.01.14.033000 PM
6349.0,Normal user tries to create new Provvidenza request for a child,03-OCT-24 09.35.06.701000 PM
,Download PDF dalla sezione Cedolini,25-OCT-24 12.49.00.078000 PM
15649.0,Normal / HR user updates the answer,24-OCT-24 09.58.05.801000 AM
6186.0,Normal user update grade for a child,11-OCT-24 12.42.44.775000 PM
5884.0,Normal user enters the Provvidenza Figli page,07-OCT-24 05.27.19.196000 PM
5934.0,Normal user tries to create new Provvidenza request for a child,07-OCT-24 02.13.10.629000 PM
13002119.0,Recupero dettagli utente per invio adesione Fondo Nazionale,07-OCT-24 06.19.19.685000 PM
,Download PDF dalla sezione Cedolini,25-OCT-24 03.17.29.620000 PM
,Dettaglio elenco Cedolini e CU disponibili al download,24-OCT-24 09.32.08.286000 AM
13001389.0,Recupero dettagli utente per Scelta orario di lavoro,24-OCT-24 10.47.04.683000 AM
5502.0,Normal user enters the Provvidenza Figli page,07-OCT-24 03.32.26.297000 PM
18604.0,Verifica possibilità di accesso a fondo pensione per Scelta Welfare,11-OCT-24 12.26.06.323000 PM
6181.0,HR/Normal user tries to update the answer,11-OCT-24 12.24.18.352000 PM
6380.0,Normal user enters the Provvidenza Figli page,07-OCT-24 03.39.52.336000 PM
6119.0,Normal user enters the Provvidenza Figli page,03-OCT-24 06.16.18.873000 PM
13002305.0,Recupero dettagliutente per Scelta Welfare,09-OCT-24 07.40.25.303000 PM
,Download PDF dalla sezione Cedolini,25-OCT-24 03.30.45.991000 PM
13001109.0,Normal user enters the Provvidenza Figli page,03-OCT-24 10.18.24.848000 PM
5297.0,Verifica possibilità di accesso a fondo pensione per Scelta Welfare,24-OCT-24 08.10.36.942000 AM
,Download PDF dalla sezione Cedolini,31-OCT-24 04.16.02.946000 PM
5297.0,Recupero dettagliutente per Scelta Welfare,24-OCT-24 08.10.54.835000 AM
6964.0,Normal user enters the Provvidenza Figli page,06-OCT-24 03.43.15.133000 PM
13000916.0,Normal user enters the Provvidenza Figli page,07-OCT-24 03.32.43.866000 PM
,Dettaglio elenco Cedolini e CU disponibili al download,30-OCT-24 04.57.10.389000 PM
5272.0,HR/Normal user tries to update the answer,07-OCT-24 04.22.23.790000 PM
9545.0,Normal user assign new grade for the child while creating a request,03-OCT-24 06.10.29.784000 PM
,Download PDF dalla sezione Cedolini,30-OCT-24 05.21.01.005000 PM
6551.0,Normal user assign new grade for the child while creating a request,03-OCT-24 06.02.44.505000 PM
7906.0,Verifica possibilità di accesso a fondo pensione per Scelta Welfare,30-OCT-24 04.58.17.246000 PM
5139.0,HR/Normal user tries to update the answer,04-OCT-24 11.19.04.328000 AM
5139.0,Normal user tries to create new Provvidenza request for a child,04-OCT-24 11.18.34.688000 AM
7513.0,HR/Normal user tries to update the answer,04-OCT-24 11.38.56.865000 AM
5925.0,Normal user tries to create new Provvidenza request for a child,09-OCT-24 06.16.55.993000 PM
,Dettaglio elenco Cedolini e CU disponibili al download,24-OCT-24 04.47.20.416000 PM
9638.0,Recupero dettagli utente per Scelta orario di lavoro,07-OCT-24 03.37.23.860000 PM
7801.0,Normal user enters the Provvidenza Figli page,04-OCT-24 11.43.16.313000 AM
7266.0,HR tried to update grade,06-OCT-24 05.19.13.791000 PM
5925.0,HR/Normal user tries to update the answer,09-OCT-24 06.18.01.510000 PM
,Download PDF dalla sezione Cedolini,30-OCT-24 04.50.03.857000 PM
5139.0,Normal user enters the Provvidenza Figli page,04-OCT-24 11.20.05.722000 AM
7266.0,Normal user enters the Provvidenza Figli page,06-OCT-24 05.24.58.239000 PM
5502.0,HR/Normal user tries to update the answer,07-OCT-24 03.31.15.671000 PM
8259.0,HR/Normal user tries to update the answer,04-OCT-24 11.33.16.401000 AM
6764.0,Dettaglio elenco Cedolini e CU disponibili al download,04-OCT-24 12.09.32.197000 PM
6377.0,HR/Normal user tries to update the answer,04-OCT-24 11.55.22.090000 AM
,Dettaglio elenco Cedolini e CU disponibili al download,30-OCT-24 04.42.44.742000 PM
5351.0,Normal user assign new grade for the child while creating a request,04-OCT-24 11.23.45.168000 AM
5139.0,HR/Normal user tries to update the answer,04-OCT-24 11.19.00.866000 AM
,Dettaglio elenco Cedolini e CU disponibili al download,09-OCT-24 06.50.59.502000 PM
,Dettaglio elenco Cedolini e CU disponibili al download,04-OCT-24 12.39.42.609000 PM
,Dettaglio elenco Cedolini e CU disponibili al download,18-OCT-24 11.46.21.645000 AM
6482.0,Normal user enters the Provvidenza Figli page,04-OCT-24 04.04.56.358000 PM
5450.0,Normal user tries to create new Provvidenza request for a child,07-OCT-24 04.18.44.742000 PM
5188.0,Verifica possibilità di accesso a fondo pensione per Scelta Welfare,04-OCT-24 04.42.56.081000 PM
13001389.0,Recupero dettagli utente per Scelta orario di lavoro,07-OCT-24 03.23.24.466000 PM
,Download PDF dalla sezione Cedolini,21-OCT-24 11.07.44.484000 AM
11253.0,Normal user enters the Provvidenza Figli page,04-OCT-24 05.01.28.188000 PM
5980.0,Normal user enters the Provvidenza Figli page,04-OCT-24 04.09.28.988000 PM
13001060.0,Normal user enters the Provvidenza Figli page,04-OCT-24 04.07.44.643000 PM
,Download PDF dalla sezione Cedolini,25-OCT-24 04.17.42.314000 PM
,Download PDF dalla sezione Cedolini,21-OCT-24 11.07.22.185000 AM
11253.0,HR tried to update grade,04-OCT-24 05.00.32.319000 PM
7941.0,Normal user tries to create new Provvidenza request for a child,04-OCT-24 05.02.09.887000 PM
7941.0,HR/Normal user tries to update the answer,04-OCT-24 05.01.56.929000 PM
7941.0,HR/Normal user tries to update the answer,04-OCT-24 05.02.25.758000 PM
5188.0,HR/Normal user tries to update the answer,04-OCT-24 04.50.00.262000 PM
5188.0,HR/Normal user tries to update the answer,04-OCT-24 04.50.07.202000 PM
5199.0,Normal user enters the Provvidenza Figli page,16-OCT-24 03.20.59.481000 PM
7932.0,HR tried to update grade,04-OCT-24 04.00.48.241000 PM
,Download PDF dalla sezione Cedolini,25-OCT-24 04.03.02.810000 PM
,Dettaglio elenco Cedolini e CU disponibili al download,24-OCT-24 01.46.13.207000 PM
,Download PDF dalla sezione Cedolini,02-OCT-24 11.33.02.391000 AM
13002682.0,Normal user enters the Provvidenza Figli page,03-OCT-24 11.37.41.452000 AM
,Download PDF dalla sezione Cedolini,21-OCT-24 11.07.05.291000 AM
7439.0,HR/Normal user tries to update the answer,03-OCT-24 03.12.16.811000 PM
6883.0,Normal user assign new grade for the child while creating a request,03-OCT-24 03.01.37.567000 PM
7141.0,HR/Normal user tries to update the answer,03-OCT-24 02.56.50.730000 PM
5954.0,HR/Normal user tries to update the answer,03-OCT-24 03.07.00.792000 PM
5984.0,Normal user assign new grade for the child while creating a request,03-OCT-24 03.15.37.130000 PM
5576.0,Normal user assign new grade for the child while creating a request,03-OCT-24 02.58.46.374000 PM
13001783.0,Normal user tries to create new Provvidenza request for a child,03-OCT-24 03.03.12.855000 PM
13003007.0,Verifica possibilità di accesso a fondo pensione per Scelta Welfare,25-OCT-24 04.19.49.381000 PM
6121.0,HR/Normal user tries to update the answer,03-OCT-24 03.10.16.866000 PM
7141.0,HR/Normal user tries to update the answer,03-OCT-24 02.57.13.221000 PM
,Dettaglio elenco Cedolini e CU disponibili al download,25-OCT-24 08.07.23.300000 AM
7355.0,Normal user enters the Provvidenza Figli page,03-OCT-24 03.08.37.125000 PM
5526.0,HR/Normal user tries to update the answer,03-OCT-24 03.01.28.626000 PM
6718.0,HR/Normal user tries to update the answer,03-OCT-24 03.00.23.954000 PM
6849.0,HR/Normal user tries to update the answer,03-OCT-24 03.38.36.822000 PM
13002957.0,Verifica possibilità di accesso a fondo pensione per Scelta Welfare,07-OCT-24 01.17.44.255000 PM
6121.0,Normal user enters the Provvidenza Figli page,03-OCT-24 03.10.30.271000 PM
5692.0,HR user tries to load Funzioni Batch,03-OCT-24 03.28.31.976000 PM
9233.0,Normal user tries to create new Provvidenza request for a child,03-OCT-24 03.19.44.925000 PM
13002832.0,Normal / HR user updates the answer,03-OCT-24 03.12.21.653000 PM
6788.0,Normal user enters the Provvidenza Figli page,03-OCT-24 03.02.43.613000 PM
6465.0,Normal user enters the Provvidenza Figli page,03-OCT-24 03.24.42.326000 PM
13000105.0,HR/Normal user tries to update the answer,03-OCT-24 02.56.17.418000 PM
5902.0,Normal user tries to create new Provvidenza request for a child,03-OCT-24 03.30.16.436000 PM
6914.0,HR/Normal user tries to update the answer,03-OCT-24 03.13.09.656000 PM
6121.0,HR/Normal user tries to update the answer,03-OCT-24 03.09.17.347000 PM
5790.0,HR/Normal user tries to update the answer,03-OCT-24 02.58.43.888000 PM
5433.0,Normal user enters the Provvidenza Figli page,03-OCT-24 03.00.27.540000 PM
6813.0,Normal user enters the Provvidenza Figli page,03-OCT-24 02.55.33.366000 PM
5842.0,HR/Normal user tries to update the answer,03-OCT-24 03.01.40.326000 PM
6847.0,HR/Normal user tries to update the answer,03-OCT-24 02.58.32.551000 PM
7448.0,HR/Normal user tries to update the answer,03-OCT-24 02.56.45.248000 PM
6249.0,Normal user enters the Provvidenza Figli page,03-OCT-24 03.28.16.247000 PM
,Dettaglio elenco Cedolini e CU disponibili al download,03-OCT-24 03.02.53.375000 PM
6366.0,HR/Normal user tries to update the answer,03-OCT-24 03.45.54.683000 PM
7203.0,Normal user enters the Provvidenza Figli page,03-OCT-24 03.46.13.281000 PM
,Download PDF dalla sezione Cedolini,24-OCT-24 09.25.48.268000 AM
5961.0,HR/Normal user tries to update the answer,03-OCT-24 03.05.09.561000 PM
7109.0,Normal / HR user updates the answer,03-OCT-24 03.02.28.813000 PM
6281.0,Normal user assign new grade for the child while creating a request,03-OCT-24 03.00.17.631000 PM
,Dettaglio elenco Cedolini e CU disponibili al download,03-OCT-24 03.29.23.244000 PM
6941.0,Normal user tries to create new Provvidenza request for a child,03-OCT-24 03.26.05.687000 PM
9652.0,Dettaglio elenco Cedolini e CU disponibili al download,03-OCT-24 03.03.35.113000 PM
7554.0,Normal user tries to create new Provvidenza request for a child,03-OCT-24 04.11.35.473000 PM
7588.0,Normal / HR user updates the answer,03-OCT-24 02.58.45.322000 PM
5433.0,HR/Normal user tries to update the answer,03-OCT-24 02.59.35.876000 PM
9881.0,HR/Normal user tries to update the answer,03-OCT-24 02.58.38.063000 PM
7136.0,Verifica possibilità di accesso a fondo pensione per Scelta Welfare,03-OCT-24 03.04.01.374000 PM
,Dettaglio elenco Cedolini e CU disponibili al download,02-OCT-24 11.17.56.158000 AM
6818.0,HR/Normal user tries to update the answer,03-OCT-24 03.24.45.557000 PM
7141.0,HR/Normal user tries to update the answer,03-OCT-24 02.56.55.017000 PM
6465.0,Normal user assign new grade for the child while creating a request,03-OCT-24 03.20.46.005000 PM
13001316.0,Normal user enters the Provvidenza Figli page,03-OCT-24 03.45.42.021000 PM
6788.0,Normal user assign new grade for the child while creating a request,03-OCT-24 03.04.08.393000 PM
6547.0,Normal user enters the Provvidenza Figli page,03-OCT-24 03.21.57.154000 PM
,Dettaglio elenco Cedolini e CU disponibili al download,25-OCT-24 08.11.44.578000 AM
8203.0,Normal user tries to create new Provvidenza request for a child,03-OCT-24 03.21.18.616000 PM
6159.0,HR/Normal user tries to update the answer,03-OCT-24 04.08.39.985000 PM
6368.0,HR/Normal user tries to update the answer,03-OCT-24 03.31.43.540000 PM
5718.0,HR/Normal user tries to update the answer,03-OCT-24 03.15.59.110000 PM
,Dettaglio elenco Cedolini e CU disponibili al download,25-OCT-24 08.08.54.658000 AM
13002833.0,Normal user enters the Provvidenza Figli page,03-OCT-24 02.59.52.319000 PM
6610.0,HR/Normal user tries to update the answer,03-OCT-24 03.09.04.851000 PM
9238.0,Normal user tries to create new Provvidenza request for a child,03-OCT-24 03.56.47.330000 PM
7141.0,Normal user tries to create new Provvidenza request for a child,03-OCT-24 02.57.05.956000 PM
7319.0,Normal user assign new grade for the child while creating a request,03-OCT-24 03.07.18.846000 PM
6159.0,HR/Normal user tries to update the answer,03-OCT-24 04.09.17.165000 PM
5313.0,Normal user enters the Provvidenza Figli page,03-OCT-24 03.49.11.374000 PM
5961.0,Normal / HR user updates the answer,03-OCT-24 03.05.58.966000 PM
5842.0,Normal user enters the Provvidenza Figli page,03-OCT-24 03.01.04.684000 PM
6124.0,HR/Normal user tries to update the answer,03-OCT-24 04.07.56.416000 PM
,Dettaglio elenco Cedolini e CU disponibili al download,01-OCT-24 01.59.56.886000 PM
9881.0,HR/Normal user tries to update the answer,03-OCT-24 02.58.33.319000 PM
5961.0,HR/Normal user tries to update the answer,03-OCT-24 03.06.20.419000 PM
5938.0,HR/Normal user tries to update the answer,03-OCT-24 03.20.04.340000 PM
5435.0,HR/Normal user tries to update the answer,03-OCT-24 03.17.52.777000 PM
5658.0,HR/Normal user tries to update the answer,03-OCT-24 03.26.55.560000 PM
5850.0,HR/Normal user tries to update the answer,03-OCT-24 03.38.38.826000 PM
6046.0,HR/Normal user tries to update the answer,03-OCT-24 03.02.15.743000 PM
,Download PDF dalla sezione Cedolini,26-OCT-24 05.48.20.888000 PM
13001316.0,HR/Normal user tries to update the answer,03-OCT-24 03.45.56.879000 PM
7554.0,Normal user enters the Provvidenza Figli page,03-OCT-24 04.11.06.332000 PM
7554.0,Normal user assign new grade for the child while creating a request,03-OCT-24 04.11.35.646000 PM
5561.0,Normal user enters the Provvidenza Figli page,03-OCT-24 04.11.42.448000 PM
6465.0,HR/Normal user tries to update the answer,03-OCT-24 03.20.54.986000 PM
6928.0,HR/Normal user tries to update the answer,03-OCT-24 03.53.29.161000 PM
5404.0,HR/Normal user tries to update the answer,03-OCT-24 03.18.35.823000 PM
13001994.0,Normal user enters the Provvidenza Figli page,03-OCT-24 03.56.20.309000 PM
,Dettaglio elenco Cedolini e CU disponibili al download,01-OCT-24 01.47.51.129000 PM
,Download PDF dalla sezione Cedolini,31-OCT-24 02.51.41.032000 PM
6914.0,Normal user enters the Provvidenza Figli page,03-OCT-24 03.12.57.344000 PM
6082.0,Normal user tries to create new Provvidenza request for a child,03-OCT-24 03.42.15.276000 PM
5961.0,Normal user enters the Provvidenza Figli page,03-OCT-24 03.06.41.088000 PM
6244.0,HR/Normal user tries to update the answer,11-OCT-24 04.32.39.990000 PM
,Download PDF dalla sezione Cedolini,24-OCT-24 04.10.26.679000 PM
6872.0,Normal / HR user updates the answer,11-OCT-24 04.19.58.809000 PM
,Dettaglio elenco Cedolini e CU disponibili al download,24-OCT-24 05.01.10.699000 PM
17731.0,Normal user assign new grade for the child while creating a request,14-OCT-24 03.52.27.780000 PM
5601.0,Normal user tries to create new Provvidenza request for a child,03-OCT-24 04.11.35.811000 PM
8320.0,HR/Normal user tries to update the answer,03-OCT-24 04.03.50.498000 PM
6880.0,Normal user enters the Provvidenza Figli page,03-OCT-24 03.30.53.507000 PM
5407.0,HR/Normal user tries to update the answer,03-OCT-24 03.13.19.649000 PM
,Dettaglio elenco Cedolini e CU disponibili al download,03-OCT-24 03.58.41.015000 PM
5535.0,HR/Normal user tries to update the answer,03-OCT-24 03.03.01.680000 PM
16792.0,Recupero dettagli utente per invio adesione Fondo Nazionale,31-OCT-24 12.13.12.281000 PM
6244.0,HR tried to update grade,11-OCT-24 04.32.26.601000 PM
,Dettaglio elenco Cedolini e CU disponibili al download,24-OCT-24 04.28.16.707000 PM
6159.0,Normal user enters the Provvidenza Figli page,03-OCT-24 04.11.47.590000 PM
13001798.0,Normal user tries to create new Provvidenza request for a child,03-OCT-24 03.40.58.367000 PM
,Accesso alle funzionalità BackOffice di Cedolini e CU per dettaglio PDF caricati per società,24-OCT-24 05.02.05.649000 PM
5988.0,Normal user enters the Provvidenza Figli page,07-OCT-24 04.48.19.134000 PM
6082.0,Normal user enters the Provvidenza Figli page,03-OCT-24 03.42.12.663000 PM
13002224.0,Normal user enters the Provvidenza Figli page,03-OCT-24 03.47.11.411000 PM
,Dettaglio elenco Cedolini e CU disponibili al download,18-OCT-24 12.41.43.248000 PM
5313.0,HR/Normal user tries to update the answer,03-OCT-24 03.50.06.970000 PM
5570.0,HR/Normal user tries to update the answer,14-OCT-24 03.48.03.458000 PM
,Dettaglio elenco Cedolini e CU disponibili al download,24-OCT-24 04.58.43.298000 PM
17731.0,HR/Normal user tries to update the answer,14-OCT-24 03.52.35.010000 PM
6677.0,HR/Normal user tries to update the answer,03-OCT-24 03.48.24.121000 PM
7203.0,HR/Normal user tries to update the answer,03-OCT-24 03.46.32.698000 PM
13002957.0,Normal user enters the Provvidenza Figli page,14-OCT-24 10.54.23.773000 AM
,Dettaglio elenco Cedolini e CU disponibili al download,26-OCT-24 06.11.14.686000 PM
6244.0,Normal user assign new grade for the child while creating a request,11-OCT-24 04.32.20.221000 PM
,Dettaglio elenco Cedolini e CU disponibili al download,24-OCT-24 04.42.47.476000 PM
6361.0,Normal user enters the Provvidenza Figli page,03-OCT-24 03.31.58.501000 PM
5804.0,HR/Normal user tries to update the answer,03-OCT-24 03.18.30.328000 PM
,Accesso alle funzionalità BackOffice di Cedolini e CU per dettaglio PDF caricati per società,24-OCT-24 05.09.11.269000 PM
13002783.0,Verifica possibilità di accesso a fondo pensione per Scelta Welfare,16-OCT-24 12.52.50.457000 PM
17151.0,Normal user enters the Provvidenza Figli page,11-OCT-24 06.11.28.868000 PM
13000882.0,Verifica possibilità di accesso a fondo pensione per Scelta Welfare,07-OCT-24 12.34.25.850000 PM
19323.0,Normal user update grade for a child,03-OCT-24 04.05.38.571000 PM
,Dettaglio elenco Cedolini e CU disponibili al download,24-OCT-24 04.57.39.123000 PM
7141.0,Normal user tries to create new Provvidenza request for a child,03-OCT-24 02.56.26.657000 PM
,Dettaglio elenco Cedolini e CU disponibili al download,30-OCT-24 10.32.33.864000 AM
6331.0,HR/Normal user tries to update the answer,07-OCT-24 12.26.57.688000 PM
7313.0,HR/Normal user tries to update the answer,07-OCT-24 11.59.10.393000 AM
,Download PDF dalla sezione Cedolini,14-OCT-24 10.39.43.799000 AM
5555.0,Normal user enters the Provvidenza Figli page,07-OCT-24 12.27.58.499000 PM
19201.0,Normal user enters the Provvidenza Figli page,07-OCT-24 12.23.14.367000 PM
,Dettaglio elenco Cedolini e CU disponibili al download,24-OCT-24 04.38.12.284000 PM
,Download PDF dalla sezione Cedolini,25-OCT-24 01.50.10.853000 PM
13002562.0,Recupero dettagliutente per Scelta Welfare,16-OCT-24 12.59.45.518000 PM
6000.0,HR/Normal user tries to update the answer,04-OCT-24 09.59.44.474000 PM
7188.0,HR/Normal user tries to update the answer,07-OCT-24 12.07.35.777000 PM
,Dettaglio elenco Cedolini e CU disponibili al download,07-OCT-24 12.34.55.630000 PM
,Download PDF dalla sezione Cedolini,14-OCT-24 11.23.50.153000 AM
,Download PDF dalla sezione Cedolini,11-OCT-24 07.04.57.736000 PM
5647.0,HR/Normal user tries to update the answer,07-OCT-24 01.00.44.718000 PM
,Dettaglio elenco Cedolini e CU disponibili al download,08-OCT-24 02.34.35.839000 PM
9204.0,Normal user enters the Provvidenza Figli page,07-OCT-24 12.28.47.701000 PM
7188.0,HR/Normal user tries to update the answer,07-OCT-24 12.07.33.401000 PM
11980973.0,Recupero dettagli utente per Scelta orario di lavoro,28-OCT-24 04.11.41.683000 PM
5948.0,HR/Normal user tries to update the answer,08-OCT-24 01.48.57.440000 PM
,Download PDF dalla sezione Cedolini,24-OCT-24 05.28.45.789000 PM
5945.0,HR/Normal user tries to update the answer,07-OCT-24 12.52.07.653000 PM
6000.0,Normal user tries to create new Provvidenza request for a child,04-OCT-24 10.00.25.624000 PM
19201.0,Normal user tries to create new Provvidenza request for a child,07-OCT-24 12.22.41.201000 PM
6771.0,HR/Normal user tries to update the answer,07-OCT-24 12.42.08.818000 PM
5555.0,HR/Normal user tries to update the answer,07-OCT-24 12.27.55.752000 PM
13002974.0,Recupero dettagli utente per Scelta orario di lavoro,21-OCT-24 03.32.43.057000 PM
,Download PDF dalla sezione Cedolini,22-OCT-24 01.45.17.404000 PM
5590.0,HR/Normal user tries to update the answer,07-OCT-24 08.27.33.197000 AM
5607.0,Normal user enters the Provvidenza Figli page,07-OCT-24 12.05.32.018000 PM
19201.0,Recupero dettagliutente per Scelta Welfare,07-OCT-24 12.23.56.061000 PM
,Download PDF dalla sezione Cedolini,22-OCT-24 01.47.40.199000 PM
5945.0,Normal user enters the Provvidenza Figli page,07-OCT-24 12.52.17.085000 PM
,Dettaglio elenco Cedolini e CU disponibili al download,24-OCT-24 04.47.56.216000 PM
7375.0,HR/Normal user tries to update the answer,03-OCT-24 05.29.39.629000 PM
6855.0,HR/Normal user tries to update the answer,03-OCT-24 05.43.34.377000 PM
6872.0,HR/Normal user tries to update the answer,11-OCT-24 04.16.35.416000 PM
5945.0,Normal user enters the Provvidenza Figli page,07-OCT-24 12.51.03.115000 PM
6982.0,Normal user enters the Provvidenza Figli page,07-OCT-24 08.10.50.708000 AM
5817.0,Normal user assign new grade for the child while creating a request,03-OCT-24 05.48.44.947000 PM
6872.0,Normal user tries to create new Provvidenza request for a child,11-OCT-24 04.16.21.910000 PM
6119.0,Normal user update grade for a child,03-OCT-24 06.20.05.343000 PM
5502.0,Normal user tries to create new Provvidenza request for a child,07-OCT-24 03.29.47.437000 PM
13002305.0,Recupero dettagli utente per invio adesione Fondo Nazionale,11-OCT-24 12.54.25.985000 PM
,Dettaglio elenco Cedolini e CU disponibili al download,07-OCT-24 08.41.13.996000 AM
,Download PDF dalla sezione Cedolini,24-OCT-24 12.16.32.044000 PM
,Dettaglio elenco Cedolini e CU disponibili al download,28-OCT-24 04.15.04.703000 PM
,Dettaglio elenco Cedolini e CU disponibili al download,28-OCT-24 04.12.18.074000 PM
7506.0,HR/Normal user tries to update the answer,06-OCT-24 08.11.58.326000 PM
13000882.0,Normal user enters the Provvidenza Figli page,07-OCT-24 12.31.48.360000 PM
5811.0,Normal user enters the Provvidenza Figli page,07-OCT-24 08.43.31.904000 AM
6551.0,Normal user enters the Provvidenza Figli page,03-OCT-24 06.02.11.536000 PM
,Dettaglio elenco Cedolini e CU disponibili al download,25-OCT-24 02.14.27.154000 PM
5817.0,HR/Normal user tries to update the answer,03-OCT-24 05.49.02.581000 PM
19201.0,Normal user tries to create new Provvidenza request for a child,07-OCT-24 12.23.15.812000 PM
5945.0,Normal user update grade for a child,07-OCT-24 12.50.59.972000 PM
8264.0,HR/Normal user tries to update the answer,03-OCT-24 05.43.08.044000 PM
7276.0,HR/Normal user tries to update the answer,03-OCT-24 06.04.22.823000 PM
5979.0,Normal user assign new grade for the child while creating a request,03-OCT-24 06.01.39.234000 PM
9545.0,Normal user tries to create new Provvidenza request for a child,03-OCT-24 06.10.29.686000 PM
5831.0,Normal user enters the Provvidenza Figli page,06-OCT-24 08.00.20.886000 PM
5988.0,HR/Normal user tries to update the answer,11-OCT-24 04.23.51.838000 PM
,Dettaglio elenco Cedolini e CU disponibili al download,28-OCT-24 04.28.55.107000 PM
,Dettaglio elenco Cedolini e CU disponibili al download,28-OCT-24 04.12.28.374000 PM
5335.0,Normal user tries to create new Provvidenza request for a child,04-OCT-24 09.27.27.713000 PM
5297.0,Recupero dettagliutente per Scelta Welfare,03-OCT-24 06.27.33.816000 PM
5817.0,HR/Normal user tries to update the answer,03-OCT-24 05.48.50.766000 PM
13002858.0,Verifica possibilità di accesso a fondo pensione per Scelta Welfare,28-OCT-24 04.36.32.169000 PM
15798.0,Dettaglio elenco Cedolini e CU disponibili al download,28-OCT-24 04.33.14.249000 PM
7150.0,Normal user tries to create new Provvidenza request for a child,07-OCT-24 07.52.50.003000 AM
,Dettaglio elenco Cedolini e CU disponibili al download,03-OCT-24 06.21.33.159000 PM
5681.0,Normal user tries to create new Provvidenza request for a child,03-OCT-24 07.01.59.485000 PM
,Download PDF dalla sezione Cedolini,28-OCT-24 04.38.17.692000 PM
7391.0,Normal user enters the Provvidenza Figli page,03-OCT-24 06.15.19.740000 PM
6771.0,Normal user assign new grade for the child while creating a request,07-OCT-24 12.41.15.775000 PM
6979.0,Normal user tries to create new Provvidenza request for a child,07-OCT-24 12.52.59.510000 PM
6130.0,Dettaglio elenco Cedolini e CU disponibili al download,28-OCT-24 04.35.44.867000 PM
6199.0,Normal user enters the Provvidenza Figli page,11-OCT-24 05.06.55.600000 PM
6872.0,Normal user enters the Provvidenza Figli page,11-OCT-24 04.18.50.124000 PM
6872.0,Normal / HR user updates the answer,11-OCT-24 04.19.12.892000 PM
6371.0,HR/Normal user tries to update the answer,03-OCT-24 06.36.43.674000 PM
5581.0,HR/Normal user tries to update the answer,07-OCT-24 08.46.46.816000 AM
6199.0,Normal user enters the Provvidenza Figli page,11-OCT-24 04.58.12.923000 PM
,Dettaglio elenco Cedolini e CU disponibili al download,03-OCT-24 06.36.47.180000 PM
7066.0,Normal user assign new grade for the child while creating a request,06-OCT-24 04.07.34.348000 PM
6551.0,Normal user tries to create new Provvidenza request for a child,03-OCT-24 06.02.44.396000 PM
13000579.0,Recupero dettagliutente per Scelta Welfare,28-OCT-24 04.14.31.765000 PM
13002786.0,Verifica possibilità di accesso a fondo pensione per Scelta Welfare,16-OCT-24 10.03.27.696000 AM
16487.0,Recupero dettagliutente per Scelta Welfare,28-OCT-24 04.17.33.115000 PM
,Download PDF dalla sezione Cedolini,01-OCT-24 10.55.54.996000 AM
6872.0,Normal / HR user updates the answer,11-OCT-24 04.17.36.012000 PM
8015.0,HR/Normal user tries to update the answer,03-OCT-24 05.27.50.506000 PM
6244.0,Normal user enters the Provvidenza Figli page,11-OCT-24 04.31.28.199000 PM
13002729.0,HR/Normal user tries to update the answer,16-OCT-24 10.53.43.898000 AM
13002729.0,Normal user assign new grade for the child while creating a request,16-OCT-24 10.53.03.718000 AM
8262.0,Dettaglio elenco Cedolini e CU disponibili al download,28-OCT-24 04.33.59.104000 PM
6199.0,Normal user enters the Provvidenza Figli page,28-OCT-24 04.36.02.009000 PM
5335.0,Normal user enters the Provvidenza Figli page,04-OCT-24 09.30.12.320000 PM
10871.0,HR/Normal user tries to update the answer,03-OCT-24 06.20.20.418000 PM
,Dettaglio elenco Cedolini e CU disponibili al download,28-OCT-24 04.10.57.619000 PM
9377.0,Verifica possibilità di accesso a fondo pensione per Scelta Welfare,28-OCT-24 04.19.12.387000 PM
7307.0,Dettaglio elenco Cedolini e CU disponibili al download,28-OCT-24 04.14.54.490000 PM
8264.0,HR/Normal user tries to update the answer,03-OCT-24 05.43.19.076000 PM
19323.0,Download PDF dalla sezione Cedolini,29-OCT-24 01.04.15.320000 PM
9545.0,HR/Normal user tries to update the answer,03-OCT-24 06.10.03.258000 PM
,Dettaglio elenco Cedolini e CU disponibili al download,29-OCT-24 12.57.12.070000 PM
,Download PDF dalla sezione Cedolini,01-OCT-24 10.20.16.573000 AM
8090.0,Dettaglio elenco Cedolini e CU disponibili al download,28-OCT-24 04.41.22.656000 PM
6822.0,HR tried to update grade,09-OCT-24 05.00.12.420000 PM
5521.0,Dettaglio elenco Cedolini e CU disponibili al download,28-OCT-24 04.33.53.501000 PM
,Dettaglio elenco Cedolini e CU disponibili al download,01-OCT-24 10.48.26.396000 AM
6709.0,Normal user update grade for a child,02-OCT-24 04.33.51.130000 PM
6130.0,Dettaglio elenco Cedolini e CU disponibili al download,28-OCT-24 04.35.21.697000 PM
,Download PDF dalla sezione Cedolini,29-OCT-24 12.54.24.657000 PM
13000120.0,Verifica possibilità di accesso a fondo pensione per Scelta Welfare,28-OCT-24 04.40.04.304000 PM
,Download PDF dalla sezione Cedolini,02-OCT-24 04.25.35.404000 PM
6199.0,Normal user enters the Provvidenza Figli page,09-OCT-24 05.23.42.902000 PM
,Dettaglio elenco Cedolini e CU disponibili al download,29-OCT-24 12.50.55.808000 PM
,Download PDF dalla sezione Cedolini,15-OCT-24 08.16.07.213000 PM
,Dettaglio elenco Cedolini e CU disponibili al download,24-OCT-24 01.25.58.588000 PM
5905.0,Normal user enters the Provvidenza Figli page,04-OCT-24 12.35.10.550000 PM
,Download PDF dalla sezione Cedolini,02-OCT-24 04.56.27.907000 PM
,Dettaglio elenco Cedolini e CU disponibili al download,24-OCT-24 01.51.52.362000 PM
7055.0,Normal user enters the Provvidenza Figli page,06-OCT-24 05.48.37.531000 PM
,Download PDF dalla sezione Cedolini,09-OCT-24 11.51.17.417000 AM
7266.0,Normal / HR user updates the answer,06-OCT-24 05.18.14.566000 PM
7098.0,Normal user enters the Provvidenza Figli page,11-OCT-24 09.25.29.862000 AM
5568.0,Normal user enters the Provvidenza Figli page,04-OCT-24 03.32.05.526000 PM
19481.0,Normal user assign new grade for the child while creating a request,04-OCT-24 02.53.49.894000 PM
7098.0,Dettaglio elenco Cedolini e CU disponibili al download,11-OCT-24 09.23.59.557000 AM
,Download PDF dalla sezione Cedolini,01-OCT-24 10.48.30.032000 AM
6659.0,Normal user enters the Provvidenza Figli page,03-OCT-24 03.21.21.244000 PM
5902.0,Normal user enters the Provvidenza Figli page,03-OCT-24 03.28.08.089000 PM
8318.0,Normal user tries to create new Provvidenza request for a child,03-OCT-24 03.26.17.712000 PM
7607.0,Normal user enters the Provvidenza Figli page,09-OCT-24 04.58.48.860000 PM
,Dettaglio elenco Cedolini e CU disponibili al download,02-OCT-24 11.40.50.532000 AM
9737.0,HR/Normal user tries to update the answer,09-OCT-24 11.25.30.872000 AM
5612.0,Normal user enters the Provvidenza Figli page,03-OCT-24 03.32.04.032000 PM
6990.0,HR/Normal user tries to update the answer,03-OCT-24 03.40.04.968000 PM
6733.0,Normal user enters the Provvidenza Figli page,09-OCT-24 11.56.56.059000 AM
10389.0,Normal user tries to create new Provvidenza request for a child,03-OCT-24 03.34.33.255000 PM
18554.0,Normal / HR user updates the answer,03-OCT-24 03.27.44.427000 PM
8189.0,Normal user enters the Provvidenza Figli page,10-OCT-24 02.45.57.683000 PM
7451.0,Dettaglio elenco Cedolini e CU disponibili al download,29-OCT-24 09.18.33.254000 AM
,Dettaglio elenco Cedolini e CU disponibili al download,04-OCT-24 02.49.08.770000 PM
,Download PDF dalla sezione Cedolini,04-OCT-24 03.18.32.302000 PM
6913.0,HR/Normal user tries to update the answer,03-OCT-24 03.32.45.054000 PM
13001798.0,HR/Normal user tries to update the answer,03-OCT-24 03.41.27.611000 PM
8203.0,HR/Normal user tries to update the answer,03-OCT-24 03.20.41.473000 PM
15308.0,Normal user enters the Provvidenza Figli page,04-OCT-24 03.19.22.329000 PM
,Dettaglio elenco Cedolini e CU disponibili al download,11-OCT-24 10.16.03.265000 AM
,Dettaglio elenco Cedolini e CU disponibili al download,11-OCT-24 10.02.14.233000 AM
5568.0,HR/Normal user tries to update the answer,04-OCT-24 03.31.08.143000 PM
6900.0,HR/Normal user tries to update the answer,04-OCT-24 03.39.42.471000 PM
6465.0,Normal user enters the Provvidenza Figli page,03-OCT-24 03.24.20.793000 PM
,Dettaglio elenco Cedolini e CU disponibili al download,28-OCT-24 01.09.01.395000 PM
6240.0,Normal user enters the Provvidenza Figli page,03-OCT-24 03.31.11.924000 PM
,Download PDF dalla sezione Cedolini,21-OCT-24 12.14.37.222000 PM
6474.0,HR/Normal user tries to update the answer,03-OCT-24 03.48.17.491000 PM
13002608.0,Normal user enters the Provvidenza Figli page,09-OCT-24 11.25.07.938000 AM
,Dettaglio elenco Cedolini e CU disponibili al download,28-OCT-24 12.27.17.292000 PM
6913.0,Normal user tries to create new Provvidenza request for a child,03-OCT-24 03.30.36.351000 PM
6677.0,Normal user tries to create new Provvidenza request for a child,03-OCT-24 03.47.58.455000 PM
15308.0,HR/Normal user tries to update the answer,04-OCT-24 03.20.09.756000 PM
,Dettaglio elenco Cedolini e CU disponibili al download,22-OCT-24 11.53.07.293000 AM
6987.0,Normal user tries to create new Provvidenza request for a child,03-OCT-24 03.32.24.136000 PM
6465.0,HR/Normal user tries to update the answer,03-OCT-24 03.21.04.790000 PM
6793.0,HR/Normal user tries to update the answer,03-OCT-24 03.27.38.397000 PM
6913.0,HR/Normal user tries to update the answer,03-OCT-24 03.32.43.074000 PM
6849.0,Normal / HR user updates the answer,03-OCT-24 03.39.51.742000 PM
6987.0,HR/Normal user tries to update the answer,03-OCT-24 03.31.52.662000 PM
5902.0,HR/Normal user tries to update the answer,03-OCT-24 03.29.58.170000 PM
,Dettaglio elenco Cedolini e CU disponibili al download,03-OCT-24 03.23.43.632000 PM
13001316.0,HR/Normal user tries to update the answer,03-OCT-24 03.45.59.399000 PM
6913.0,Normal user enters the Provvidenza Figli page,03-OCT-24 03.32.27.389000 PM
13001798.0,HR/Normal user tries to update the answer,03-OCT-24 03.40.26.671000 PM
9238.0,Normal user assign new grade for the child while creating a request,03-OCT-24 03.56.47.482000 PM
6465.0,Normal user enters the Provvidenza Figli page,03-OCT-24 03.19.45.714000 PM
,Dettaglio elenco Cedolini e CU disponibili al download,03-OCT-24 03.49.08.829000 PM
6368.0,Normal user update grade for a child,03-OCT-24 03.34.03.220000 PM
,Dettaglio elenco Cedolini e CU disponibili al download,03-OCT-24 03.22.42.615000 PM
,Dettaglio elenco Cedolini e CU disponibili al download,28-OCT-24 12.59.55.072000 PM
6659.0,Normal user enters the Provvidenza Figli page,03-OCT-24 03.23.08.391000 PM
7149.0,Normal user tries to create new Provvidenza request for a child,04-OCT-24 03.16.53.229000 PM
5313.0,Normal user assign new grade for the child while creating a request,03-OCT-24 03.50.52.828000 PM
,Download PDF dalla sezione Cedolini,11-OCT-24 10.02.19.666000 AM
10389.0,HR tried to update grade,03-OCT-24 03.34.39.953000 PM
13001994.0,Normal / HR user updates the answer,03-OCT-24 03.57.07.976000 PM
,Dettaglio elenco Cedolini e CU disponibili al download,02-OCT-24 03.40.49.558000 PM
6659.0,HR/Normal user tries to update the answer,03-OCT-24 03.22.17.904000 PM
6474.0,HR/Normal user tries to update the answer,03-OCT-24 03.47.52.747000 PM
6941.0,HR/Normal user tries to update the answer,03-OCT-24 03.26.55.685000 PM
5612.0,Normal user enters the Provvidenza Figli page,03-OCT-24 03.31.21.918000 PM
6037.0,Normal user enters the Provvidenza Figli page,08-OCT-24 05.36.18.001000 PM
,Download PDF dalla sezione Cedolini,02-OCT-24 11.29.31.576000 AM
5664.0,Normal user assign new grade for the child while creating a request,23-OCT-24 11.33.23.347000 AM
7864.0,Normal user enters the Provvidenza Figli page,03-OCT-24 03.33.15.256000 PM
6361.0,HR/Normal user tries to update the answer,03-OCT-24 03.42.28.511000 PM
5612.0,Normal user enters the Provvidenza Figli page,03-OCT-24 03.30.04.790000 PM
6204.0,HR/Normal user tries to update the answer,03-OCT-24 04.00.44.297000 PM
5576.0,HR/Normal user tries to update the answer,03-OCT-24 02.59.40.473000 PM
6727.0,Normal / HR user updates the answer,03-OCT-24 03.01.16.563000 PM
5718.0,Normal user assign new grade for the child while creating a request,03-OCT-24 03.15.33.005000 PM
5902.0,Normal user tries to create new Provvidenza request for a child,03-OCT-24 03.29.45.035000 PM
13002717.0,Normal user enters the Provvidenza Figli page,02-OCT-24 03.55.10.811000 PM
6245.0,HR/Normal user tries to update the answer,03-OCT-24 02.56.31.582000 PM
,Download PDF dalla sezione Cedolini,23-OCT-24 12.02.52.506000 PM
6204.0,Normal user tries to create new Provvidenza request for a child,03-OCT-24 03.59.46.129000 PM
,Download PDF dalla sezione Cedolini,03-OCT-24 03.22.44.899000 PM
,Download PDF dalla sezione Cedolini,28-OCT-24 10.37.18.551000 AM
6340.0,Normal user enters the Provvidenza Figli page,03-OCT-24 02.57.18.499000 PM
6818.0,HR/Normal user tries to update the answer,03-OCT-24 03.24.39.688000 PM
5849.0,Normal user enters the Provvidenza Figli page,18-OCT-24 04.20.36.525000 PM
6368.0,Normal user assign new grade for the child while creating a request,03-OCT-24 03.31.18.443000 PM
6509.0,Normal user enters the Provvidenza Figli page,03-OCT-24 03.59.11.577000 PM
,Dettaglio elenco Cedolini e CU disponibili al download,28-OCT-24 10.45.25.451000 AM
13001184.0,Normal user tries to create new Provvidenza request for a child,18-OCT-24 04.02.14.888000 PM
13002734.0,Normal user enters the Provvidenza Figli page,23-OCT-24 11.38.12.790000 AM
13002970.0,Recupero dettagliutente per Scelta Welfare,18-OCT-24 04.16.34.132000 PM
,Dettaglio elenco Cedolini e CU disponibili al download,03-OCT-24 03.28.09.880000 PM
5926.0,Normal user assign new grade for the child while creating a request,10-OCT-24 09.29.27.225000 AM
7018.0,Dettaglio elenco Cedolini e CU disponibili al download,02-OCT-24 04.05.44.663000 PM
,Dettaglio elenco Cedolini e CU disponibili al download,03-OCT-24 03.50.53.953000 PM
,Download PDF dalla sezione Cedolini,18-OCT-24 03.44.51.281000 PM
,Dettaglio elenco Cedolini e CU disponibili al download,28-OCT-24 11.14.55.973000 AM
,Dettaglio elenco Cedolini e CU disponibili al download,01-OCT-24 01.50.55.182000 PM
7658.0,Normal user enters the Provvidenza Figli page,07-OCT-24 09.27.01.131000 AM
5758.0,HR/Normal user tries to update the answer,07-OCT-24 10.28.00.470000 AM
6335.0,Normal user enters the Provvidenza Figli page,11-OCT-24 08.09.13.649000 PM
,Download PDF dalla sezione Cedolini,28-OCT-24 10.52.36.506000 AM
7762.0,Normal user enters the Provvidenza Figli page,07-OCT-24 09.59.15.033000 AM
,Dettaglio elenco Cedolini e CU disponibili al download,23-OCT-24 04.22.38.671000 PM
5095.0,Normal user update grade for a child,08-OCT-24 04.46.06.590000 PM
6924.0,Normal user enters the Provvidenza Figli page,08-OCT-24 05.12.14.074000 PM
6244.0,HR/Normal user tries to update the answer,11-OCT-24 04.32.04.079000 PM
,Dettaglio elenco Cedolini e CU disponibili al download,11-OCT-24 10.11.09.933000 PM
,Dettaglio elenco Cedolini e CU disponibili al download,24-OCT-24 05.25.07.945000 PM
5758.0,Normal user tries to create new Provvidenza request for a child,07-OCT-24 10.27.54.666000 AM
7762.0,HR/Normal user tries to update the answer,07-OCT-24 09.58.11.492000 AM
8163.0,Normal user assign new grade for the child while creating a request,08-OCT-24 05.09.26.515000 PM
,Download PDF dalla sezione Cedolini,24-OCT-24 05.06.26.340000 PM
,Dettaglio elenco Cedolini e CU disponibili al download,25-OCT-24 12.37.58.284000 AM
6199.0,HR user update the status from Back office,11-OCT-24 11.06.35.464000 AM
5533.0,HR tried to update grade,08-OCT-24 05.12.38.496000 PM
6924.0,Normal / HR user updates the answer,08-OCT-24 05.10.15.216000 PM
,Dettaglio elenco Cedolini e CU disponibili al download,23-OCT-24 02.38.30.000000 PM
5926.0,HR/Normal user tries to update the answer,10-OCT-24 09.30.20.399000 AM
,Download PDF dalla sezione Cedolini,14-OCT-24 05.03.34.409000 PM
7985.0,Recupero dettagli utente per Scelta orario di lavoro,10-OCT-24 09.39.07.519000 AM
5926.0,HR/Normal user tries to update the answer,10-OCT-24 09.29.44.923000 AM
6199.0,Normal user enters the Provvidenza Figli page,08-OCT-24 05.23.43.062000 PM
,Download PDF dalla sezione Cedolini,21-OCT-24 12.13.19.540000 PM
6972.0,Normal user assign new grade for the child while creating a request,14-OCT-24 04.36.38.802000 PM
6933.0,HR/Normal user tries to update the answer,25-OCT-24 08.58.07.049000 AM
13002974.0,Verifica possibilità di accesso a fondo pensione per Scelta Welfare,14-OCT-24 04.54.37.872000 PM
5271.0,Normal user enters the Provvidenza Figli page,21-OCT-24 12.46.51.305000 PM
5948.0,Normal user enters the Provvidenza Figli page,08-OCT-24 01.47.50.796000 PM
,Download PDF dalla sezione Cedolini,23-OCT-24 02.35.05.622000 PM
13002973.0,Recupero dettagli utente per Scelta orario di lavoro,21-OCT-24 01.26.13.575000 PM
13002533.0,Verifica possibilità di accesso a fondo pensione per Scelta Welfare,14-OCT-24 10.48.26.885000 AM
5946.0,Normal user assign new grade for the child while creating a request,16-OCT-24 05.28.02.238000 PM
,Download PDF dalla sezione Cedolini,25-OCT-24 09.29.25.589000 AM
,Download PDF dalla sezione Cedolini,25-OCT-24 08.55.21.944000 AM
6199.0,Normal user enters the Provvidenza Figli page,21-OCT-24 11.59.53.427000 AM
,Download PDF dalla sezione Cedolini,14-OCT-24 10.09.33.171000 AM
,Dettaglio elenco Cedolini e CU disponibili al download,23-OCT-24 02.32.44.959000 PM
,Dettaglio elenco Cedolini e CU disponibili al download,25-OCT-24 09.20.43.723000 AM
,Dettaglio elenco Cedolini e CU disponibili al download,11-OCT-24 08.08.44.736000 AM
,Dettaglio elenco Cedolini e CU disponibili al download,06-OCT-24 10.08.05.650000 AM
,Download PDF dalla sezione Cedolini,25-OCT-24 08.36.17.898000 AM
16786.0,Dettaglio elenco Cedolini e CU disponibili al download,23-OCT-24 02.43.13.736000 PM
,Download PDF dalla sezione Cedolini,25-OCT-24 08.57.40.682000 AM
,Dettaglio elenco Cedolini e CU disponibili al download,25-OCT-24 08.58.54.792000 AM
,Dettaglio elenco Cedolini e CU disponibili al download,25-OCT-24 09.06.46.763000 AM
,Download PDF dalla sezione Cedolini,25-OCT-24 09.06.48.627000 AM
,Download PDF dalla sezione Cedolini,25-OCT-24 08.39.02.126000 AM
,Download PDF dalla sezione Cedolini,25-OCT-24 09.19.07.759000 AM
7098.0,Recupero dettagli utente per invio adesione Fondo Nazionale,11-OCT-24 09.17.17.143000 AM
,Dettaglio elenco Cedolini e CU disponibili al download,25-OCT-24 08.49.51.938000 AM
,Dettaglio elenco Cedolini e CU disponibili al download,14-OCT-24 10.09.20.556000 AM
,Download PDF dalla sezione Cedolini,25-OCT-24 09.06.57.653000 AM
,Download PDF dalla sezione Cedolini,25-OCT-24 08.44.11.802000 AM
7098.0,Normal user tries to create new Provvidenza request for a child,11-OCT-24 09.14.38.408000 AM
,Dettaglio elenco Cedolini e CU disponibili al download,25-OCT-24 09.33.12.685000 AM
5757.0,Normal user enters the Provvidenza Figli page,07-OCT-24 12.55.39.855000 PM
5183.0,Recupero dettagliutente per Scelta Welfare,23-OCT-24 03.48.50.191000 PM
,Dettaglio elenco Cedolini e CU disponibili al download,30-OCT-24 10.46.17.232000 AM
19449.0,Download PDF dalla sezione Cedolini,14-OCT-24 10.26.11.891000 AM
,Download PDF dalla sezione Cedolini,29-OCT-24 09.36.39.781000 AM
,Download PDF dalla sezione Cedolini,25-OCT-24 08.49.15.503000 AM
,Dettaglio elenco Cedolini e CU disponibili al download,25-OCT-24 09.18.44.774000 AM
7098.0,HR/Normal user tries to update the answer,11-OCT-24 09.15.11.177000 AM
,Download PDF dalla sezione Cedolini,25-OCT-24 09.00.42.024000 AM
5432.0,HR tried to update grade,11-OCT-24 08.33.35.994000 AM
,Dettaglio elenco Cedolini e CU disponibili al download,25-OCT-24 09.10.51.580000 AM
,Download PDF dalla sezione Cedolini,25-OCT-24 09.14.58.864000 AM
,Download PDF dalla sezione Cedolini,25-OCT-24 09.35.22.404000 AM
,Dettaglio elenco Cedolini e CU disponibili al download,25-OCT-24 09.26.49.030000 AM
6922.0,Dettaglio elenco Cedolini e CU disponibili al download,06-OCT-24 10.08.18.556000 AM
6933.0,HR/Normal user tries to update the answer,25-OCT-24 08.58.53.124000 AM
5879.0,Normal user enters the Provvidenza Figli page,03-OCT-24 04.23.40.488000 PM
7554.0,Normal user enters the Provvidenza Figli page,03-OCT-24 04.13.54.765000 PM
,Dettaglio elenco Cedolini e CU disponibili al download,25-OCT-24 09.04.13.453000 AM
5188.0,Normal user update grade for a child,10-OCT-24 12.00.52.267000 PM
8023.0,Dettaglio elenco Cedolini e CU disponibili al download,09-OCT-24 10.13.04.333000 AM
7303.0,HR/Normal user tries to update the answer,03-OCT-24 04.55.51.177000 PM
6621.0,HR/Normal user tries to update the answer,03-OCT-24 04.22.19.094000 PM
,Download PDF dalla sezione Cedolini,25-OCT-24 08.46.10.279000 AM
,Dettaglio elenco Cedolini e CU disponibili al download,29-OCT-24 09.48.42.908000 AM
5188.0,Normal user enters the Provvidenza Figli page,10-OCT-24 12.00.42.796000 PM
5712.0,Normal user enters the Provvidenza Figli page,03-OCT-24 05.35.11.111000 PM
,Download PDF dalla sezione Cedolini,25-OCT-24 08.43.11.322000 AM
,Download PDF dalla sezione Cedolini,25-OCT-24 08.58.30.761000 AM
,Download PDF dalla sezione Cedolini,25-OCT-24 09.29.31.059000 AM
,Dettaglio elenco Cedolini e CU disponibili al download,07-OCT-24 08.51.01.428000 AM
5561.0,HR/Normal user tries to update the answer,03-OCT-24 04.14.34.309000 PM
5683.0,Normal user tries to create new Provvidenza request for a child,15-OCT-24 10.35.04.770000 AM
8055.0,Normal user assign new grade for the child while creating a request,03-OCT-24 04.13.33.374000 PM
5182.0,Normal user tries to create new Provvidenza request for a child,09-OCT-24 10.18.52.917000 AM
7212.0,HR/Normal user tries to update the answer,10-OCT-24 12.43.09.329000 PM
6680.0,Normal user enters the Provvidenza Figli page,03-OCT-24 04.22.33.050000 PM
8136.0,HR/Normal user tries to update the answer,03-OCT-24 04.35.27.957000 PM
6380.0,Normal user assign new grade for the child while creating a request,03-OCT-24 05.11.54.769000 PM
6380.0,Normal user enters the Provvidenza Figli page,03-OCT-24 05.12.53.217000 PM
6199.0,Normal user enters the Provvidenza Figli page,10-OCT-24 12.30.17.004000 PM
7375.0,Normal user tries to create new Provvidenza request for a child,03-OCT-24 05.29.21.966000 PM
7998.0,HR/Normal user tries to update the answer,03-OCT-24 05.04.51.480000 PM
19449.0,Dettaglio elenco Cedolini e CU disponibili al download,25-OCT-24 02.19.57.494000 PM
5879.0,HR/Normal user tries to update the answer,03-OCT-24 04.24.11.521000 PM
5827.0,HR/Normal user tries to update the answer,10-OCT-24 01.12.54.670000 PM
5601.0,Normal user enters the Provvidenza Figli page,03-OCT-24 04.16.36.774000 PM
7998.0,Normal user enters the Provvidenza Figli page,03-OCT-24 05.04.14.522000 PM
6942.0,HR/Normal user tries to update the answer,15-OCT-24 11.17.40.597000 AM
5494.0,HR/Normal user tries to update the answer,03-OCT-24 05.17.31.592000 PM
5812.0,Normal user assign new grade for the child while creating a request,03-OCT-24 04.27.24.434000 PM
6199.0,Normal user enters the Provvidenza Figli page,10-OCT-24 12.03.49.593000 PM
5601.0,Normal user enters the Provvidenza Figli page,03-OCT-24 04.17.08.664000 PM
5827.0,Normal user enters the Provvidenza Figli page,10-OCT-24 01.16.43.307000 PM
5817.0,Normal user tries to create new Provvidenza request for a child,03-OCT-24 05.47.05.207000 PM
6621.0,HR/Normal user tries to update the answer,03-OCT-24 04.24.01.570000 PM
7147.0,Normal user update grade for a child,03-OCT-24 04.36.19.619000 PM
6183.0,Normal user enters the Provvidenza Figli page,03-OCT-24 04.20.57.342000 PM
6828.0,HR/Normal user tries to update the answer,03-OCT-24 05.31.36.004000 PM
,Download PDF dalla sezione Cedolini,03-OCT-24 05.16.42.357000 PM
5879.0,Normal user enters the Provvidenza Figli page,03-OCT-24 04.24.39.595000 PM
7212.0,Download PDF dalla sezione Cedolini,10-OCT-24 12.25.28.897000 PM
6665.0,HR tried to update grade,09-OCT-24 10.45.09.403000 AM
5197.0,Normal user assign new grade for the child while creating a request,03-OCT-24 04.26.56.246000 PM
6691.0,Recupero dettagliutente per Scelta Welfare,28-OCT-24 04.27.13.816000 PM
5601.0,Normal user update grade for a child,03-OCT-24 05.18.44.882000 PM
7773.0,Verifica possibilità di accesso a fondo pensione per Scelta Welfare,30-OCT-24 12.09.15.155000 PM
6558.0,HR/Normal user tries to update the answer,03-OCT-24 05.10.24.493000 PM
5139.0,Normal user assign new grade for the child while creating a request,04-OCT-24 11.20.11.142000 AM
5561.0,HR/Normal user tries to update the answer,03-OCT-24 04.14.38.850000 PM
6199.0,HR user update the status from Back office,10-OCT-24 12.27.20.047000 PM
,Dettaglio elenco Cedolini e CU disponibili al download,03-OCT-24 05.10.45.238000 PM
7256.0,Normal user tries to create new Provvidenza request for a child,03-OCT-24 05.03.03.917000 PM
7554.0,HR/Normal user tries to update the answer,03-OCT-24 04.11.49.163000 PM
8055.0,Normal user tries to create new Provvidenza request for a child,03-OCT-24 04.13.33.266000 PM
7832.0,HR/Normal user tries to update the answer,03-OCT-24 06.17.37.297000 PM
5701.0,Normal user enters the Provvidenza Figli page,03-OCT-24 04.43.06.903000 PM
5715.0,Dettaglio elenco Cedolini e CU disponibili al download,15-OCT-24 11.24.23.195000 AM
,Dettaglio elenco Cedolini e CU disponibili al download,27-OCT-24 08.47.19.208000 PM
5494.0,HR/Normal user tries to update the answer,03-OCT-24 05.17.24.094000 PM
6980.0,Verifica possibilità di accesso a fondo pensione per Scelta Welfare,03-OCT-24 01.36.34.099000 PM
7173.0,Normal user enters the Provvidenza Figli page,03-OCT-24 04.26.02.633000 PM
7243.0,Normal user enters the Provvidenza Figli page,03-OCT-24 01.24.56.073000 PM
7386.0,HR/Normal user tries to update the answer,03-OCT-24 01.24.24.645000 PM
7207.0,HR/Normal user tries to update the answer,03-OCT-24 01.24.32.965000 PM
6097.0,HR/Normal user tries to update the answer,03-OCT-24 01.17.36.426000 PM
6556.0,Normal / HR user updates the answer,03-OCT-24 01.17.37.895000 PM
7637.0,HR/Normal user tries to update the answer,03-OCT-24 01.26.22.086000 PM
9473.0,HR/Normal user tries to update the answer,03-OCT-24 01.25.21.974000 PM
,Dettaglio elenco Cedolini e CU disponibili al download,27-OCT-24 06.47.06.403000 PM
,Dettaglio elenco Cedolini e CU disponibili al download,03-OCT-24 01.34.46.523000 PM
7690.0,HR/Normal user tries to update the answer,03-OCT-24 01.35.03.300000 PM
13000760.0,HR/Normal user tries to update the answer,03-OCT-24 01.36.08.524000 PM
7486.0,Normal user enters the Provvidenza Figli page,03-OCT-24 01.20.59.202000 PM
5254.0,Normal user tries to create new Provvidenza request for a child,03-OCT-24 01.24.57.807000 PM
6068.0,HR/Normal user tries to update the answer,03-OCT-24 01.22.05.982000 PM
9407.0,HR/Normal user tries to update the answer,03-OCT-24 01.36.07.514000 PM
6179.0,HR/Normal user tries to update the answer,03-OCT-24 01.24.40.193000 PM
7906.0,HR/Normal user tries to update the answer,03-OCT-24 01.18.53.955000 PM
7091.0,Normal user enters the Provvidenza Figli page,03-OCT-24 05.16.43.150000 PM
7458.0,Normal / HR user updates the answer,03-OCT-24 01.22.18.303000 PM
5604.0,Normal user enters the Provvidenza Figli page,03-OCT-24 01.27.26.118000 PM
7752.0,Normal user enters the Provvidenza Figli page,03-OCT-24 01.21.16.863000 PM
8108.0,Normal user tries to create new Provvidenza request for a child,03-OCT-24 01.18.42.911000 PM
8263.0,HR/Normal user tries to update the answer,03-OCT-24 01.20.49.127000 PM
7742.0,HR/Normal user tries to update the answer,03-OCT-24 01.19.56.299000 PM
5681.0,HR/Normal user tries to update the answer,03-OCT-24 07.02.15.362000 PM
5993.0,Normal user assign new grade for the child while creating a request,03-OCT-24 01.20.04.237000 PM
6377.0,HR/Normal user tries to update the answer,04-OCT-24 11.55.01.948000 AM
7333.0,Normal user tries to create new Provvidenza request for a child,03-OCT-24 01.18.03.334000 PM
6372.0,HR/Normal user tries to update the answer,03-OCT-24 01.27.09.405000 PM
5854.0,Normal user assign new grade for the child while creating a request,03-OCT-24 01.31.38.507000 PM
6109.0,Normal user tries to create new Provvidenza request for a child,03-OCT-24 01.20.45.826000 PM
6470.0,Normal user tries to create new Provvidenza request for a child,03-OCT-24 01.20.12.748000 PM
7629.0,HR/Normal user tries to update the answer,03-OCT-24 01.16.57.027000 PM
9403.0,HR/Normal user tries to update the answer,03-OCT-24 01.15.24.695000 PM
6132.0,Normal user enters the Provvidenza Figli page,03-OCT-24 01.20.45.866000 PM
6360.0,HR/Normal user tries to update the answer,03-OCT-24 01.19.20.538000 PM
6669.0,Normal user enters the Provvidenza Figli page,03-OCT-24 01.18.23.909000 PM
7606.0,HR/Normal user tries to update the answer,03-OCT-24 01.27.50.075000 PM
6008.0,HR/Normal user tries to update the answer,03-OCT-24 01.17.34.913000 PM
9407.0,Normal user enters the Provvidenza Figli page,03-OCT-24 01.35.16.984000 PM
15870.0,Normal user assign new grade for the child while creating a request,03-OCT-24 01.16.54.957000 PM
7232.0,Normal / HR user updates the answer,03-OCT-24 01.16.28.357000 PM
7342.0,Normal / HR user updates the answer,03-OCT-24 01.15.59.123000 PM
7151.0,Normal / HR user updates the answer,03-OCT-24 01.18.30.247000 PM
8023.0,HR/Normal user tries to update the answer,03-OCT-24 01.18.52.488000 PM
7207.0,Normal user enters the Provvidenza Figli page,03-OCT-24 01.24.14.444000 PM
8108.0,HR/Normal user tries to update the answer,03-OCT-24 01.18.59.367000 PM
9359.0,Normal user assign new grade for the child while creating a request,03-OCT-24 01.19.35.800000 PM
13001546.0,Verifica possibilità di accesso a fondo pensione per Scelta Welfare,24-OCT-24 02.03.26.349000 PM
6457.0,HR/Normal user tries to update the answer,03-OCT-24 01.27.00.711000 PM
6850.0,HR/Normal user tries to update the answer,03-OCT-24 01.28.12.439000 PM
6438.0,HR/Normal user tries to update the answer,03-OCT-24 01.15.38.544000 PM
6839.0,HR/Normal user tries to update the answer,03-OCT-24 01.17.05.607000 PM
9474.0,HR/Normal user tries to update the answer,03-OCT-24 01.35.19.306000 PM
,Dettaglio elenco Cedolini e CU disponibili al download,30-OCT-24 12.58.51.300000 PM
,Dettaglio elenco Cedolini e CU disponibili al download,24-OCT-24 02.54.26.236000 PM
7098.0,HR/Normal user tries to update the answer,11-OCT-24 09.15.37.096000 AM
7836.0,HR/Normal user tries to update the answer,03-OCT-24 01.24.20.814000 PM
13001175.0,Normal user enters the Provvidenza Figli page,03-OCT-24 01.32.17.840000 PM
6364.0,HR/Normal user tries to update the answer,03-OCT-24 01.30.36.677000 PM
6918.0,HR/Normal user tries to update the answer,03-OCT-24 01.17.02.491000 PM
,Dettaglio elenco Cedolini e CU disponibili al download,03-OCT-24 01.25.06.010000 PM
5254.0,HR/Normal user tries to update the answer,03-OCT-24 01.25.47.728000 PM
7816.0,HR/Normal user tries to update the answer,03-OCT-24 01.15.15.000000 PM
15870.0,Normal user update grade for a child,03-OCT-24 01.19.11.107000 PM
6107.0,Dettaglio elenco Cedolini e CU disponibili al download,31-OCT-24 01.51.06.481000 PM
7813.0,Normal user tries to create new Provvidenza request for a child,03-OCT-24 01.16.21.992000 PM
6450.0,Normal user enters the Provvidenza Figli page,03-OCT-24 01.28.41.116000 PM
7199.0,HR/Normal user tries to update the answer,03-OCT-24 01.29.29.182000 PM
,Download PDF dalla sezione Cedolini,03-OCT-24 01.18.09.390000 PM
5957.0,Normal user tries to create new Provvidenza request for a child,03-OCT-24 01.37.11.989000 PM
13000055.0,Verifica possibilità di accesso a fondo pensione per Scelta Welfare,31-OCT-24 01.07.35.716000 PM
15870.0,Normal user enters the Provvidenza Figli page,03-OCT-24 01.18.30.159000 PM
,Dettaglio elenco Cedolini e CU disponibili al download,03-OCT-24 01.28.58.981000 PM
7047.0,HR/Normal user tries to update the answer,03-OCT-24 01.29.02.243000 PM
13000340.0,Normal user assign new grade for the child while creating a request,03-OCT-24 01.16.51.233000 PM
5958.0,Normal user assign new grade for the child while creating a request,03-OCT-24 01.18.16.545000 PM
9473.0,Normal user update grade for a child,03-OCT-24 01.20.27.827000 PM
7486.0,HR/Normal user tries to update the answer,03-OCT-24 01.20.54.632000 PM
7961.0,HR/Normal user tries to update the answer,03-OCT-24 01.16.59.777000 PM
7002.0,Normal user enters the Provvidenza Figli page,03-OCT-24 01.30.57.693000 PM
17709.0,Dettaglio elenco Cedolini e CU disponibili al download,01-OCT-24 10.34.25.958000 AM
13001862.0,HR/Normal user tries to update the answer,03-OCT-24 01.35.48.937000 PM
8309.0,HR/Normal user tries to update the answer,03-OCT-24 01.16.11.800000 PM
7813.0,HR/Normal user tries to update the answer,03-OCT-24 01.17.40.755000 PM
,Download PDF dalla sezione Cedolini,03-OCT-24 01.19.04.489000 PM
7868.0,Normal user tries to create new Provvidenza request for a child,03-OCT-24 01.20.17.086000 PM
6852.0,Normal user enters the Provvidenza Figli page,03-OCT-24 01.17.57.773000 PM
6850.0,Normal user assign new grade for the child while creating a request,03-OCT-24 01.27.32.256000 PM
8192.0,Normal user tries to create new Provvidenza request for a child,03-OCT-24 01.16.58.100000 PM
,Dettaglio elenco Cedolini e CU disponibili al download,03-OCT-24 01.21.34.789000 PM
,Dettaglio elenco Cedolini e CU disponibili al download,24-OCT-24 02.55.40.517000 PM
7199.0,HR/Normal user tries to update the answer,03-OCT-24 01.31.18.880000 PM
7199.0,HR/Normal user tries to update the answer,03-OCT-24 01.29.27.011000 PM
7637.0,Normal / HR user updates the answer,03-OCT-24 01.24.55.485000 PM
6763.0,Normal user enters the Provvidenza Figli page,03-OCT-24 01.27.59.343000 PM
9359.0,HR/Normal user tries to update the answer,03-OCT-24 01.19.43.170000 PM
13001434.0,HR tried to update grade,03-OCT-24 01.19.29.578000 PM
7629.0,Normal user enters the Provvidenza Figli page,03-OCT-24 01.16.28.399000 PM
,Dettaglio elenco Cedolini e CU disponibili al download,24-OCT-24 02.13.15.644000 PM
7458.0,Normal user enters the Provvidenza Figli page,03-OCT-24 01.21.08.857000 PM
6438.0,HR/Normal user tries to update the answer,03-OCT-24 01.15.44.043000 PM
6708.0,HR tried to update grade,03-OCT-24 01.27.30.098000 PM
6179.0,HR/Normal user tries to update the answer,03-OCT-24 01.23.41.134000 PM
6556.0,HR/Normal user tries to update the answer,03-OCT-24 01.18.34.744000 PM
7629.0,Normal user enters the Provvidenza Figli page,03-OCT-24 01.17.48.501000 PM
7342.0,Normal user tries to create new Provvidenza request for a child,03-OCT-24 01.15.47.170000 PM
7458.0,HR/Normal user tries to update the answer,03-OCT-24 01.22.14.298000 PM
,Dettaglio elenco Cedolini e CU disponibili al download,24-OCT-24 02.41.50.683000 PM
5562.0,Normal user tries to create new Provvidenza request for a child,03-OCT-24 01.28.43.765000 PM
5854.0,HR/Normal user tries to update the answer,03-OCT-24 01.31.49.103000 PM
5472.0,Normal user enters the Provvidenza Figli page,03-OCT-24 01.31.46.145000 PM
9359.0,Normal user enters the Provvidenza Figli page,03-OCT-24 01.19.33.876000 PM
6882.0,HR/Normal user tries to update the answer,03-OCT-24 01.20.23.154000 PM
5604.0,Normal user enters the Provvidenza Figli page,03-OCT-24 01.28.15.531000 PM
6843.0,Normal user tries to create new Provvidenza request for a child,04-OCT-24 12.21.57.411000 PM
8350.0,HR/Normal user tries to update the answer,03-OCT-24 01.21.25.334000 PM
5868.0,HR/Normal user tries to update the answer,03-OCT-24 01.19.03.658000 PM
6852.0,HR/Normal user tries to update the answer,03-OCT-24 01.16.59.930000 PM
6067.0,HR/Normal user tries to update the answer,03-OCT-24 01.19.42.248000 PM
5562.0,HR/Normal user tries to update the answer,03-OCT-24 01.28.51.698000 PM
6008.0,Normal user tries to create new Provvidenza request for a child,03-OCT-24 01.18.15.572000 PM
,Dettaglio elenco Cedolini e CU disponibili al download,17-OCT-24 08.21.42.711000 AM
5891.0,HR/Normal user tries to update the answer,03-OCT-24 01.24.06.338000 PM
7128.0,Normal user assign new grade for the child while creating a request,03-OCT-24 01.23.44.709000 PM
7386.0,HR/Normal user tries to update the answer,03-OCT-24 01.21.01.050000 PM
7386.0,HR tried to update grade,03-OCT-24 01.20.41.853000 PM
8423.0,Normal user tries to create new Provvidenza request for a child,29-OCT-24 08.18.03.432000 AM
,Dettaglio elenco Cedolini e CU disponibili al download,27-OCT-24 04.35.17.248000 PM
8108.0,HR/Normal user tries to update the answer,03-OCT-24 01.19.01.035000 PM
6068.0,Normal user tries to create new Provvidenza request for a child,03-OCT-24 01.21.56.444000 PM
7016.0,HR/Normal user tries to update the answer,03-OCT-24 01.21.13.797000 PM
7636.0,HR/Normal user tries to update the answer,03-OCT-24 01.22.05.119000 PM
6067.0,HR/Normal user tries to update the answer,03-OCT-24 01.21.26.218000 PM
7263.0,HR/Normal user tries to update the answer,03-OCT-24 01.22.16.243000 PM
7199.0,Normal user assign new grade for the child while creating a request,03-OCT-24 01.29.47.650000 PM
5802.0,HR/Normal user tries to update the answer,03-OCT-24 01.23.24.478000 PM
14669.0,HR/Normal user tries to update the answer,03-OCT-24 01.22.10.748000 PM
8708.0,HR/Normal user tries to update the answer,03-OCT-24 01.21.12.761000 PM
5462.0,HR/Normal user tries to update the answer,03-OCT-24 01.19.02.593000 PM
7386.0,Normal user tries to create new Provvidenza request for a child,03-OCT-24 01.20.37.387000 PM
7283.0,Normal user enters the Provvidenza Figli page,03-OCT-24 01.29.29.467000 PM
6396.0,HR/Normal user tries to update the answer,08-OCT-24 08.59.48.844000 AM
7486.0,HR/Normal user tries to update the answer,03-OCT-24 01.16.09.761000 PM
6229.0,Normal / HR user updates the answer,08-OCT-24 09.26.08.636000 AM
7231.0,Normal user assign new grade for the child while creating a request,08-OCT-24 09.18.19.239000 AM
,Dettaglio elenco Cedolini e CU disponibili al download,29-OCT-24 08.23.58.457000 AM
13001727.0,Normal user enters the Provvidenza Figli page,08-OCT-24 09.24.46.516000 AM
17329.0,Verifica possibilità di accesso a fondo pensione per Scelta Welfare,08-OCT-24 09.28.26.447000 AM
13001727.0,Normal user enters the Provvidenza Figli page,08-OCT-24 09.27.53.174000 AM
13000916.0,Normal user update grade for a child,08-OCT-24 09.53.56.996000 AM
13002972.0,Verifica possibilità di accesso a fondo pensione per Scelta Welfare,17-OCT-24 09.34.49.291000 AM
5913.0,Normal user enters the Provvidenza Figli page,08-OCT-24 09.56.58.958000 AM
7035.0,HR/Normal user tries to update the answer,08-OCT-24 09.26.00.089000 AM
13002972.0,Normal user enters the Provvidenza Figli page,17-OCT-24 09.45.51.796000 AM
,Download PDF dalla sezione Cedolini,17-OCT-24 09.50.32.113000 AM
7477.0,Dettaglio elenco Cedolini e CU disponibili al download,08-OCT-24 09.34.26.694000 AM
13000916.0,Normal user enters the Provvidenza Figli page,08-OCT-24 09.49.52.959000 AM
17329.0,Dettaglio elenco Cedolini e CU disponibili al download,08-OCT-24 09.26.13.807000 AM
8372.0,HR/Normal user tries to update the answer,03-OCT-24 02.41.50.636000 PM
13002833.0,HR/Normal user tries to update the answer,03-OCT-24 02.53.24.563000 PM
7302.0,Normal user assign new grade for the child while creating a request,03-OCT-24 02.39.18.029000 PM
11418.0,Normal user enters the Provvidenza Figli page,15-OCT-24 09.56.08.404000 PM
5776.0,Normal user enters the Provvidenza Figli page,07-OCT-24 11.56.05.420000 PM
6727.0,Normal user enters the Provvidenza Figli page,03-OCT-24 03.01.25.111000 PM
10057.0,Normal user enters the Provvidenza Figli page,03-OCT-24 02.41.03.941000 PM
6229.0,HR/Normal user tries to update the answer,08-OCT-24 09.26.24.262000 AM
7430.0,Normal user enters the Provvidenza Figli page,03-OCT-24 02.46.19.373000 PM
13002930.0,Recupero dettagliutente per Scelta Welfare,01-OCT-24 12.55.18.719000 PM
9881.0,Normal user enters the Provvidenza Figli page,03-OCT-24 02.59.16.822000 PM
6847.0,HR/Normal user tries to update the answer,03-OCT-24 02.59.10.551000 PM
6790.0,Normal user enters the Provvidenza Figli page,03-OCT-24 02.50.25.404000 PM
16074.0,Normal user enters the Provvidenza Figli page,03-OCT-24 02.49.51.359000 PM
6631.0,Normal user enters the Provvidenza Figli page,03-OCT-24 02.54.53.060000 PM
5663.0,HR/Normal user tries to update the answer,03-OCT-24 03.03.24.748000 PM
5611.0,HR/Normal user tries to update the answer,03-OCT-24 02.54.34.175000 PM
,Dettaglio elenco Cedolini e CU disponibili al download,03-OCT-24 02.39.48.736000 PM
6583.0,Normal user assign new grade for the child while creating a request,03-OCT-24 02.39.29.979000 PM
6983.0,Normal user assign new grade for the child while creating a request,03-OCT-24 02.55.14.560000 PM
5954.0,HR/Normal user tries to update the answer,03-OCT-24 03.07.03.861000 PM
7588.0,HR tried to update grade,03-OCT-24 02.58.21.425000 PM
18654.0,Download PDF dalla sezione Cedolini,30-OCT-24 09.15.35.453000 AM
7272.0,Normal user enters the Provvidenza Figli page,03-OCT-24 02.59.00.226000 PM
,Download PDF dalla sezione Cedolini,03-OCT-24 03.04.50.170000 PM
5961.0,HR/Normal user tries to update the answer,03-OCT-24 03.06.27.046000 PM
5790.0,Normal user assign new grade for the child while creating a request,03-OCT-24 02.58.30.769000 PM
6225.0,HR/Normal user tries to update the answer,03-OCT-24 03.08.28.878000 PM
13000105.0,HR/Normal user tries to update the answer,03-OCT-24 02.45.56.476000 PM
7448.0,Normal user enters the Provvidenza Figli page,03-OCT-24 02.56.40.668000 PM
5290.0,Normal user enters the Provvidenza Figli page,03-OCT-24 02.54.46.994000 PM
,Download PDF dalla sezione Cedolini,03-OCT-24 01.29.00.188000 PM
5290.0,HR/Normal user tries to update the answer,03-OCT-24 02.54.17.126000 PM
6281.0,HR/Normal user tries to update the answer,03-OCT-24 03.00.25.370000 PM
,Dettaglio elenco Cedolini e CU disponibili al download,03-OCT-24 02.53.51.049000 PM
6727.0,Normal user tries to create new Provvidenza request for a child,03-OCT-24 03.00.23.141000 PM
,Dettaglio elenco Cedolini e CU disponibili al download,03-OCT-24 02.57.10.861000 PM
5663.0,Normal user assign new grade for the child while creating a request,03-OCT-24 03.02.22.868000 PM
6847.0,Normal user tries to create new Provvidenza request for a child,03-OCT-24 02.58.16.721000 PM
6727.0,HR/Normal user tries to update the answer,03-OCT-24 03.01.18.818000 PM
7575.0,HR/Normal user tries to update the answer,03-OCT-24 02.56.12.066000 PM
,Download PDF dalla sezione Cedolini,01-OCT-24 12.34.55.166000 PM
7477.0,HR/Normal user tries to update the answer,08-OCT-24 09.27.56.534000 AM
6599.0,Normal user enters the Provvidenza Figli page,03-OCT-24 02.48.20.773000 PM
5096.0,Normal user enters the Provvidenza Figli page,03-OCT-24 02.57.26.766000 PM
5663.0,Normal user enters the Provvidenza Figli page,03-OCT-24 03.09.34.317000 PM
13002128.0,Normal user tries to create new Provvidenza request for a child,03-OCT-24 02.54.00.794000 PM
6790.0,Normal user assign new grade for the child while creating a request,03-OCT-24 02.49.26.959000 PM
6469.0,HR/Normal user tries to update the answer,03-OCT-24 02.47.52.987000 PM
5096.0,Normal / HR user updates the answer,03-OCT-24 02.56.59.683000 PM
5096.0,Normal user tries to create new Provvidenza request for a child,03-OCT-24 02.55.35.194000 PM
5643.0,Normal user assign new grade for the child while creating a request,03-OCT-24 02.51.46.937000 PM
6788.0,HR/Normal user tries to update the answer,03-OCT-24 03.04.26.387000 PM
5407.0,Normal user enters the Provvidenza Figli page,03-OCT-24 03.13.26.719000 PM
6599.0,HR/Normal user tries to update the answer,03-OCT-24 02.47.49.642000 PM
5954.0,Normal user tries to create new Provvidenza request for a child,03-OCT-24 03.06.55.630000 PM
7302.0,HR/Normal user tries to update the answer,03-OCT-24 02.39.55.762000 PM
6601.0,HR/Normal user tries to update the answer,03-OCT-24 02.50.44.902000 PM
13002179.0,Normal user tries to create new Provvidenza request for a child,03-OCT-24 02.48.27.262000 PM
7745.0,Normal user enters the Provvidenza Figli page,03-OCT-24 03.01.22.100000 PM
6652.0,Normal user tries to create new Provvidenza request for a child,03-OCT-24 03.04.27.843000 PM
16466.0,Normal user enters the Provvidenza Figli page,03-OCT-24 03.07.43.390000 PM
5718.0,Normal user enters the Provvidenza Figli page,03-OCT-24 03.15.21.779000 PM
7439.0,Normal user tries to create new Provvidenza request for a child,03-OCT-24 03.15.00.410000 PM
5451.0,HR/Normal user tries to update the answer,03-OCT-24 03.04.56.769000 PM
6050.0,Normal user enters the Provvidenza Figli page,03-OCT-24 03.18.31.221000 PM
6914.0,Normal user enters the Provvidenza Figli page,03-OCT-24 03.11.42.862000 PM
6121.0,Normal user assign new grade for the child while creating a request,03-OCT-24 03.08.56.412000 PM
13002580.0,Normal user enters the Provvidenza Figli page,03-OCT-24 03.08.10.964000 PM
,Download PDF dalla sezione Cedolini,30-OCT-24 09.39.30.543000 AM
5407.0,Normal user enters the Provvidenza Figli page,03-OCT-24 03.10.36.037000 PM
,Download PDF dalla sezione Cedolini,30-OCT-24 12.14.10.417000 AM
5611.0,Normal user tries to create new Provvidenza request for a child,03-OCT-24 02.54.15.810000 PM
,Download PDF dalla sezione Cedolini,29-OCT-24 09.03.01.038000 AM
13002833.0,Normal / HR user updates the answer,03-OCT-24 02.53.16.637000 PM
7575.0,Normal user assign new grade for the child while creating a request,03-OCT-24 02.55.52.741000 PM
5435.0,Normal user enters the Provvidenza Figli page,03-OCT-24 03.18.51.189000 PM
5765.0,Normal user enters the Provvidenza Figli page,11-OCT-24 02.52.15.426000 PM
6340.0,HR/Normal user tries to update the answer,03-OCT-24 02.54.33.350000 PM
5526.0,Normal user assign new grade for the child while creating a request,03-OCT-24 02.59.59.317000 PM
7131.0,Normal user enters the Provvidenza Figli page,03-OCT-24 02.59.53.606000 PM
6636.0,HR/Normal user tries to update the answer,03-OCT-24 02.51.02.338000 PM
13002179.0,HR/Normal user tries to update the answer,03-OCT-24 02.48.36.401000 PM
5961.0,HR/Normal user tries to update the answer,03-OCT-24 03.05.21.470000 PM
6790.0,HR/Normal user tries to update the answer,03-OCT-24 02.50.51.033000 PM
6790.0,HR/Normal user tries to update the answer,03-OCT-24 02.50.57.438000 PM
9438.0,HR/Normal user tries to update the answer,03-OCT-24 03.06.41.016000 PM
,Dettaglio elenco Cedolini e CU disponibili al download,09-OCT-24 03.01.45.368000 PM
5629.0,HR/Normal user tries to update the answer,03-OCT-24 03.09.16.500000 PM
16010.0,Normal user enters the Provvidenza Figli page,03-OCT-24 03.10.03.942000 PM
9774.0,Normal user enters the Provvidenza Figli page,03-OCT-24 03.10.19.806000 PM
5984.0,Normal user enters the Provvidenza Figli page,03-OCT-24 03.17.24.572000 PM
5612.0,HR/Normal user tries to update the answer,03-OCT-24 02.42.52.853000 PM
13002834.0,Normal user assign new grade for the child while creating a request,03-OCT-24 03.02.24.762000 PM
19442.0,Download PDF dalla sezione Cedolini,09-OCT-24 02.24.13.401000 PM
7485.0,Normal user enters the Provvidenza Figli page,03-OCT-24 02.42.05.928000 PM
6245.0,HR/Normal user tries to update the answer,03-OCT-24 02.56.38.616000 PM
5290.0,Normal user enters the Provvidenza Figli page,03-OCT-24 02.54.10.987000 PM
5984.0,Normal user enters the Provvidenza Figli page,03-OCT-24 03.15.16.172000 PM
6599.0,HR/Normal user tries to update the answer,03-OCT-24 02.48.39.958000 PM
6340.0,HR/Normal user tries to update the answer,03-OCT-24 02.55.09.866000 PM
14634.0,Normal user tries to create new Provvidenza request for a child,09-OCT-24 06.02.37.771000 PM
5925.0,HR/Normal user tries to update the answer,09-OCT-24 06.19.26.035000 PM
5938.0,Normal user assign new grade for the child while creating a request,03-OCT-24 03.12.40.198000 PM
6610.0,Normal user tries to create new Provvidenza request for a child,03-OCT-24 03.08.53.793000 PM
7615.0,HR/Normal user tries to update the answer,03-OCT-24 02.43.26.062000 PM
6914.0,HR/Normal user tries to update the answer,03-OCT-24 03.13.06.306000 PM
7398.0,Normal user tries to create new Provvidenza request for a child,09-OCT-24 05.52.49.217000 PM
14634.0,HR/Normal user tries to update the answer,09-OCT-24 06.03.08.810000 PM
6958.0,HR/Normal user tries to update the answer,03-OCT-24 03.10.07.099000 PM
7803.0,Normal user assign new grade for the child while creating a request,03-OCT-24 03.13.23.336000 PM
,Download PDF dalla sezione Cedolini,24-OCT-24 07.19.12.007000 PM
17167.0,Recupero dettagliutente per Scelta Welfare,09-OCT-24 02.30.35.353000 PM
5825.0,Normal user tries to create new Provvidenza request for a child,04-OCT-24 02.46.45.754000 PM
7398.0,HR/Normal user tries to update the answer,09-OCT-24 05.53.13.068000 PM
13002608.0,Normal user tries to create new Provvidenza request for a child,09-OCT-24 11.24.36.646000 AM
5925.0,HR/Normal user tries to update the answer,09-OCT-24 06.19.21.081000 PM
13001668.0,HR/Normal user tries to update the answer,08-OCT-24 09.53.07.388000 AM
5319.0,Normal user tries to create new Provvidenza request for a child,14-OCT-24 01.00.51.831000 PM
,Download PDF dalla sezione Cedolini,31-OCT-24 05.52.20.054000 PM
5925.0,HR/Normal user tries to update the answer,09-OCT-24 06.17.22.079000 PM
,Download PDF dalla sezione Cedolini,24-OCT-24 09.28.37.813000 PM
7081.0,Recupero dettagliutente per Scelta Welfare,29-OCT-24 12.05.44.976000 PM
6941.0,HR/Normal user tries to update the answer,03-OCT-24 03.26.32.359000 PM
,Dettaglio elenco Cedolini e CU disponibili al download,29-OCT-24 11.36.31.747000 AM
,Download PDF dalla sezione Cedolini,29-OCT-24 11.33.14.388000 AM
13001831.0,Normal user tries to create new Provvidenza request for a child,21-OCT-24 08.49.38.656000 AM
5902.0,Normal user enters the Provvidenza Figli page,03-OCT-24 03.28.19.834000 PM
,Download PDF dalla sezione Cedolini,11-OCT-24 02.18.37.593000 PM
,Dettaglio elenco Cedolini e CU disponibili al download,29-OCT-24 11.42.54.872000 AM
6474.0,HR/Normal user tries to update the answer,03-OCT-24 03.48.29.209000 PM
,Download PDF dalla sezione Cedolini,29-OCT-24 12.03.09.141000 PM
6003.0,HR/Normal user tries to update the answer,03-OCT-24 10.44.22.347000 PM
13001109.0,Normal user enters the Provvidenza Figli page,03-OCT-24 10.25.50.820000 PM
,Download PDF dalla sezione Cedolini,04-OCT-24 03.33.13.724000 PM
,Dettaglio elenco Cedolini e CU disponibili al download,29-OCT-24 11.34.34.594000 AM
6390.0,Normal user enters the Provvidenza Figli page,10-OCT-24 03.21.14.391000 PM
,Dettaglio elenco Cedolini e CU disponibili al download,21-OCT-24 04.48.30.923000 PM
7355.0,HR/Normal user tries to update the answer,03-OCT-24 03.09.14.145000 PM
6818.0,Normal user assign new grade for the child while creating a request,03-OCT-24 03.24.05.791000 PM
,Dettaglio elenco Cedolini e CU disponibili al download,18-OCT-24 08.32.05.393000 AM
,Dettaglio elenco Cedolini e CU disponibili al download,29-OCT-24 11.28.02.112000 AM
7684.0,Verifica possibilità di accesso a fondo pensione per Scelta Welfare,21-OCT-24 08.59.04.482000 AM
5783.0,Normal user assign new grade for the child while creating a request,03-OCT-24 11.47.36.694000 PM
7684.0,HR/Normal user tries to update the answer,21-OCT-24 08.58.21.369000 AM
13001109.0,HR/Normal user tries to update the answer,03-OCT-24 10.15.11.844000 PM
18618.0,Verifica possibilità di accesso a fondo pensione per Scelta Welfare,16-OCT-24 02.12.33.475000 PM
5783.0,Normal user enters the Provvidenza Figli page,03-OCT-24 11.46.48.922000 PM
5662.0,HR tried to update grade,03-OCT-24 09.45.29.828000 PM
13002734.0,Recupero dettagli utente per invio adesione Fondo Nazionale,23-OCT-24 11.38.03.797000 AM
6199.0,Normal user enters the Provvidenza Figli page,28-OCT-24 05.36.05.149000 PM
,Dettaglio elenco Cedolini e CU disponibili al download,18-OCT-24 09.45.44.214000 AM
6820.0,Dettaglio elenco Cedolini e CU disponibili al download,28-OCT-24 06.22.04.118000 PM
13002971.0,Normal user enters the Provvidenza Figli page,18-OCT-24 09.10.48.467000 AM
7455.0,Dettaglio elenco Cedolini e CU disponibili al download,31-OCT-24 10.48.26.570000 AM
5366.0,Normal user assign new grade for the child while creating a request,21-OCT-24 01.13.12.728000 PM
15872.0,Normal user enters the Provvidenza Figli page,09-OCT-24 09.59.12.941000 AM
5783.0,Normal user tries to create new Provvidenza request for a child,03-OCT-24 11.48.29.965000 PM
,Dettaglio elenco Cedolini e CU disponibili al download,29-OCT-24 11.27.00.038000 AM
7150.0,Normal user enters the Provvidenza Figli page,07-OCT-24 07.54.08.268000 AM
,Download PDF dalla sezione Cedolini,31-OCT-24 10.07.48.775000 AM
5366.0,HR/Normal user tries to update the answer,21-OCT-24 01.12.42.636000 PM
6186.0,Normal user update grade for a child,11-OCT-24 03.35.34.800000 PM
6860.0,Normal user enters the Provvidenza Figli page,07-OCT-24 08.20.39.676000 PM
,Dettaglio elenco Cedolini e CU disponibili al download,23-OCT-24 12.02.49.920000 PM
,Dettaglio elenco Cedolini e CU disponibili al download,11-OCT-24 11.18.54.086000 AM
5339.0,Normal user enters the Provvidenza Figli page,07-OCT-24 06.38.49.409000 PM
,Download PDF dalla sezione Cedolini,09-OCT-24 10.39.55.505000 AM
5765.0,HR/Normal user tries to update the answer,11-OCT-24 02.53.29.361000 PM
6621.0,Normal user enters the Provvidenza Figli page,03-OCT-24 04.25.15.024000 PM
6199.0,Normal user enters the Provvidenza Figli page,11-OCT-24 11.06.35.834000 AM
7173.0,HR/Normal user tries to update the answer,03-OCT-24 04.26.35.762000 PM
5812.0,HR/Normal user tries to update the answer,03-OCT-24 04.27.07.412000 PM
6183.0,HR/Normal user tries to update the answer,03-OCT-24 04.20.17.995000 PM
6186.0,Normal user update grade for a child,11-OCT-24 03.36.34.702000 PM
5601.0,Normal user enters the Provvidenza Figli page,03-OCT-24 04.17.00.903000 PM
13002975.0,Normal user enters the Provvidenza Figli page,21-OCT-24 10.56.51.312000 AM
,Download PDF dalla sezione Cedolini,01-OCT-24 02.34.21.989000 PM
8055.0,HR/Normal user tries to update the answer,03-OCT-24 04.13.44.602000 PM
5182.0,Normal user enters the Provvidenza Figli page,09-OCT-24 10.22.00.235000 AM
6925.0,Download PDF dalla sezione Cedolini,03-OCT-24 04.22.47.361000 PM
6397.0,Normal user enters the Provvidenza Figli page,03-OCT-24 04.31.41.065000 PM
7269.0,Normal user enters the Provvidenza Figli page,03-OCT-24 04.19.27.756000 PM
,Download PDF dalla sezione Cedolini,25-OCT-24 10.53.04.842000 PM
7147.0,Normal user assign new grade for the child while creating a request,03-OCT-24 04.28.52.151000 PM
6397.0,HR/Normal user tries to update the answer,03-OCT-24 04.30.47.313000 PM
5812.0,Normal user enters the Provvidenza Figli page,03-OCT-24 04.26.47.870000 PM
5319.0,HR/Normal user tries to update the answer,18-OCT-24 04.04.54.108000 PM
7071.0,Normal user enters the Provvidenza Figli page,03-OCT-24 04.25.47.885000 PM
8730.0,HR/Normal user tries to update the answer,18-OCT-24 02.10.50.310000 PM
6665.0,HR/Normal user tries to update the answer,09-OCT-24 10.45.36.791000 AM
,Download PDF dalla sezione Cedolini,28-OCT-24 10.40.04.941000 AM
,Dettaglio elenco Cedolini e CU disponibili al download,23-OCT-24 01.41.07.503000 PM
8136.0,HR/Normal user tries to update the answer,03-OCT-24 04.36.11.763000 PM
7303.0,HR/Normal user tries to update the answer,03-OCT-24 04.56.07.814000 PM
5095.0,Verifica possibilità di accesso a fondo pensione per Scelta Welfare,01-OCT-24 02.49.47.195000 PM
15457.0,HR/Normal user tries to update the answer,03-OCT-24 04.43.33.570000 PM
5926.0,Normal user tries to create new Provvidenza request for a child,10-OCT-24 09.29.26.773000 AM
6665.0,HR/Normal user tries to update the answer,09-OCT-24 10.46.05.042000 AM
8136.0,Normal user assign new grade for the child while creating a request,03-OCT-24 04.35.08.712000 PM
,Download PDF dalla sezione Cedolini,29-OCT-24 02.16.08.764000 PM
,Download PDF dalla sezione Cedolini,31-OCT-24 01.44.16.307000 PM
11418.0,HR/Normal user tries to update the answer,15-OCT-24 09.55.46.242000 PM
11418.0,HR/Normal user tries to update the answer,15-OCT-24 09.55.31.771000 PM
13001928.0,HR/Normal user tries to update the answer,03-OCT-24 04.35.06.534000 PM
7283.0,HR/Normal user tries to update the answer,07-OCT-24 10.30.48.863000 AM
5552.0,Normal user enters the Provvidenza Figli page,21-OCT-24 10.08.06.185000 AM
,Lettura e accettazione dell'accordo di smartworking,17-OCT-24 11.24.03.806000 AM
6725.0,Dettaglio elenco Cedolini e CU disponibili al download,16-OCT-24 11.48.02.238000 AM
11418.0,HR/Normal user tries to update the answer,15-OCT-24 09.55.55.799000 PM
,Download PDF dalla sezione Cedolini,16-OCT-24 12.24.16.415000 PM
18000.0,Normal user assign new grade for the child while creating a request,09-OCT-24 10.48.39.520000 AM
,Download PDF dalla sezione Cedolini,25-OCT-24 05.58.57.163000 PM
4977.0,Recupero dettagliutente per Scelta Welfare,23-OCT-24 04.34.20.059000 PM
,Download PDF dalla sezione Cedolini,26-OCT-24 06.11.43.612000 PM
8264.0,Normal user tries to create new Provvidenza request for a child,03-OCT-24 05.43.00.695000 PM
11418.0,HR/Normal user tries to update the answer,15-OCT-24 09.56.19.921000 PM
5601.0,Normal user enters the Provvidenza Figli page,03-OCT-24 05.20.02.597000 PM
,Dettaglio elenco Cedolini e CU disponibili al download,24-OCT-24 11.41.28.147000 AM
,Dettaglio elenco Cedolini e CU disponibili al download,15-OCT-24 10.40.09.272000 AM
,Download PDF dalla sezione Cedolini,01-OCT-24 05.36.07.862000 PM
,Dettaglio elenco Cedolini e CU disponibili al download,07-OCT-24 10.26.05.352000 AM
7900.0,Dettaglio elenco Cedolini e CU disponibili al download,14-OCT-24 03.09.15.792000 PM
5758.0,Normal user enters the Provvidenza Figli page,07-OCT-24 10.27.35.914000 AM
7071.0,HR/Normal user tries to update the answer,03-OCT-24 04.25.34.167000 PM
8969.0,Normal user enters the Provvidenza Figli page,04-OCT-24 06.19.51.463000 PM
,Dettaglio elenco Cedolini e CU disponibili al download,25-OCT-24 05.58.32.969000 PM
5817.0,Recupero dettagli utente per invio adesione Fondo Nazionale,03-OCT-24 05.53.02.578000 PM
8969.0,HR/Normal user tries to update the answer,04-OCT-24 06.20.14.441000 PM
6037.0,HR tried to update grade,08-OCT-24 05.34.35.253000 PM
8264.0,Normal user enters the Provvidenza Figli page,03-OCT-24 05.43.28.670000 PM
5358.0,HR/Normal user tries to update the answer,08-OCT-24 04.15.17.975000 PM
,Download PDF dalla sezione Cedolini,30-OCT-24 04.26.07.759000 PM
5358.0,Normal user tries to create new Provvidenza request for a child,08-OCT-24 04.16.06.796000 PM
18260.0,HR/Normal user tries to update the answer,04-OCT-24 05.50.26.417000 PM
5533.0,Normal user tries to create new Provvidenza request for a child,08-OCT-24 05.12.32.360000 PM
,Dettaglio elenco Cedolini e CU disponibili al download,26-OCT-24 02.39.32.122000 PM
6199.0,Normal user enters the Provvidenza Figli page,31-OCT-24 08.01.18.672000 AM
6725.0,Recupero dettagli utente per Scelta orario di lavoro,16-OCT-24 11.49.20.648000 AM
5188.0,Normal user update grade for a child,04-OCT-24 04.49.48.544000 PM
,Dettaglio elenco Cedolini e CU disponibili al download,15-OCT-24 08.46.13.150000 AM
8163.0,Normal user enters the Provvidenza Figli page,08-OCT-24 05.10.07.149000 PM
7941.0,HR/Normal user tries to update the answer,04-OCT-24 05.02.24.071000 PM
,Dettaglio elenco Cedolini e CU disponibili al download,24-OCT-24 11.52.27.351000 AM
5817.0,Normal user assign new grade for the child while creating a request,03-OCT-24 05.47.05.366000 PM
,Dettaglio elenco Cedolini e CU disponibili al download,24-OCT-24 11.55.12.965000 AM
5817.0,Recupero dettagli utente per Scelta orario di lavoro,03-OCT-24 05.53.09.100000 PM
11253.0,Normal user enters the Provvidenza Figli page,04-OCT-24 05.00.14.975000 PM
17471.0,Verifica possibilità di accesso a fondo pensione per Scelta Welfare,07-OCT-24 09.57.10.405000 AM
6316.0,Normal user enters the Provvidenza Figli page,08-OCT-24 08.28.05.926000 AM
6713.0,HR/Normal user tries to update the answer,04-OCT-24 05.06.43.628000 PM
7446.0,HR/Normal user tries to update the answer,08-OCT-24 08.14.17.335000 AM
5095.0,Normal user tries to create new Provvidenza request for a child,08-OCT-24 04.36.15.721000 PM
16940.0,HR/Normal user tries to update the answer,04-OCT-24 04.53.34.796000 PM
5188.0,Normal user enters the Provvidenza Figli page,04-OCT-24 04.49.08.786000 PM
5771.0,HR/Normal user tries to update the answer,04-OCT-24 06.39.19.030000 PM
,Dettaglio elenco Cedolini e CU disponibili al download,30-OCT-24 03.58.09.981000 PM
6161.0,Normal user assign new grade for the child while creating a request,04-OCT-24 05.25.57.693000 PM
,Dettaglio elenco Cedolini e CU disponibili al download,04-OCT-24 06.51.50.771000 PM
13002682.0,Verifica possibilità di accesso a fondo pensione per Scelta Welfare,03-OCT-24 11.17.19.701000 AM
6161.0,HR/Normal user tries to update the answer,04-OCT-24 05.26.26.225000 PM
,Download PDF dalla sezione Cedolini,03-OCT-24 11.36.44.743000 AM
,Download PDF dalla sezione Cedolini,16-OCT-24 10.06.36.090000 AM
6161.0,Normal user assign new grade for the child while creating a request,04-OCT-24 05.27.17.123000 PM
13001490.0,HR tried to update grade,04-OCT-24 05.25.00.669000 PM
7864.0,Verifica possibilità di accesso a fondo pensione per Scelta Welfare,28-OCT-24 04.13.35.742000 PM
13001785.0,Normal user assign new grade for the child while creating a request,28-OCT-24 04.56.39.354000 PM
13002929.0,Verifica possibilità di accesso a fondo pensione per Scelta Welfare,03-OCT-24 11.23.43.555000 AM
7375.0,Normal user enters the Provvidenza Figli page,03-OCT-24 05.30.58.008000 PM
6316.0,Normal user tries to create new Provvidenza request for a child,08-OCT-24 08.28.48.966000 AM
,Download PDF dalla sezione Cedolini,23-OCT-24 10.33.55.287000 AM
,Download PDF dalla sezione Cedolini,28-OCT-24 04.51.54.263000 PM
,Download PDF dalla sezione Cedolini,23-OCT-24 10.32.10.063000 AM
,Download PDF dalla sezione Cedolini,23-OCT-24 10.36.33.901000 AM
,Download PDF dalla sezione Cedolini,28-OCT-24 04.44.08.191000 PM
13002972.0,Verifica possibilità di accesso a fondo pensione per Scelta Welfare,15-OCT-24 12.35.01.646000 PM
,Dettaglio elenco Cedolini e CU disponibili al download,28-OCT-24 04.37.09.625000 PM
17696.0,Verifica possibilità di accesso a fondo pensione per Scelta Welfare,22-OCT-24 02.49.56.460000 PM
,Download PDF dalla sezione Cedolini,28-OCT-24 04.39.40.133000 PM
,Download PDF dalla sezione Cedolini,01-OCT-24 09.27.06.902000 AM
7659.0,Download PDF dalla sezione Cedolini,28-OCT-24 04.13.14.021000 PM
,Dettaglio elenco Cedolini e CU disponibili al download,28-OCT-24 04.18.45.961000 PM
,Download PDF dalla sezione Cedolini,28-OCT-24 05.14.05.548000 PM
,Dettaglio elenco Cedolini e CU disponibili al download,28-OCT-24 04.27.54.984000 PM
,Download PDF dalla sezione Cedolini,23-OCT-24 10.33.53.313000 AM
,Dettaglio elenco Cedolini e CU disponibili al download,21-OCT-24 05.13.20.448000 PM
,Dettaglio elenco Cedolini e CU disponibili al download,22-OCT-24 04.51.55.335000 PM
,Dettaglio elenco Cedolini e CU disponibili al download,28-OCT-24 04.40.50.581000 PM
,Dettaglio elenco Cedolini e CU disponibili al download,28-OCT-24 04.09.01.218000 PM
,Dettaglio elenco Cedolini e CU disponibili al download,28-OCT-24 04.38.15.759000 PM
7918.0,Dettaglio elenco Cedolini e CU disponibili al download,28-OCT-24 04.12.07.859000 PM
5538.0,Dettaglio elenco Cedolini e CU disponibili al download,28-OCT-24 04.36.54.816000 PM
,Download PDF dalla sezione Cedolini,29-OCT-24 12.59.07.949000 PM
,Download PDF dalla sezione Cedolini,23-OCT-24 10.32.38.203000 AM
,Dettaglio elenco Cedolini e CU disponibili al download,28-OCT-24 04.48.31.034000 PM
16317.0,Recupero dettagli utente per Scelta orario di lavoro,21-OCT-24 06.06.25.187000 PM
,Download PDF dalla sezione Cedolini,23-OCT-24 10.32.34.698000 AM
6913.0,Verifica possibilità di accesso a fondo pensione per Scelta Welfare,25-OCT-24 12.19.12.954000 PM
7659.0,Download PDF dalla sezione Cedolini,28-OCT-24 04.12.17.276000 PM
,Dettaglio elenco Cedolini e CU disponibili al download,28-OCT-24 04.22.03.945000 PM
,Download PDF dalla sezione Cedolini,23-OCT-24 10.33.06.353000 AM
,Dettaglio elenco Cedolini e CU disponibili al download,25-OCT-24 12.03.22.966000 PM
19449.0,Download PDF dalla sezione Cedolini,14-OCT-24 10.21.48.088000 AM
13002986.0,Verifica possibilità di accesso a fondo pensione per Scelta Welfare,22-OCT-24 05.07.51.234000 PM
,Download PDF dalla sezione Cedolini,28-OCT-24 04.43.25.035000 PM
,Download PDF dalla sezione Cedolini,28-OCT-24 04.24.31.517000 PM
,Dettaglio elenco Cedolini e CU disponibili al download,25-OCT-24 12.41.15.032000 PM
7684.0,HR/Normal user tries to update the answer,21-OCT-24 08.57.22.482000 AM
13001629.0,Recupero dettagliutente per Scelta Welfare,15-OCT-24 08.59.20.903000 AM
9377.0,Dettaglio elenco Cedolini e CU disponibili al download,21-OCT-24 09.02.58.587000 AM
13002124.0,Normal user enters the Provvidenza Figli page,29-OCT-24 12.39.06.002000 PM
13001831.0,HR/Normal user tries to update the answer,21-OCT-24 08.51.11.285000 AM
9659.0,Verifica possibilità di accesso a fondo pensione per Scelta Welfare,29-OCT-24 05.09.32.953000 PM
7573.0,Verifica possibilità di accesso a fondo pensione per Scelta Welfare,29-OCT-24 01.02.42.581000 PM
,Dettaglio elenco Cedolini e CU disponibili al download,01-OCT-24 10.54.04.146000 AM
,Dettaglio elenco Cedolini e CU disponibili al download,09-OCT-24 08.45.10.789000 AM
13001682.0,Recupero dettagliutente per Scelta Welfare,09-OCT-24 08.59.04.055000 AM
7684.0,Normal user assign new grade for the child while creating a request,21-OCT-24 08.57.13.014000 AM
13001831.0,Normal user enters the Provvidenza Figli page,21-OCT-24 08.49.30.255000 AM
,Dettaglio elenco Cedolini e CU disponibili al download,25-OCT-24 08.36.03.788000 AM
,Dettaglio elenco Cedolini e CU disponibili al download,25-OCT-24 11.38.56.102000 AM
7684.0,Normal user enters the Provvidenza Figli page,21-OCT-24 08.59.59.272000 AM
,Dettaglio elenco Cedolini e CU disponibili al download,09-OCT-24 08.58.35.721000 AM
,Download PDF dalla sezione Cedolini,25-OCT-24 08.55.03.786000 AM
,Download PDF dalla sezione Cedolini,14-OCT-24 08.11.43.758000 AM
15872.0,HR/Normal user tries to update the answer,09-OCT-24 09.58.44.973000 AM
,Download PDF dalla sezione Cedolini,07-OCT-24 02.28.19.615000 PM
6913.0,Verifica possibilità di accesso a fondo pensione per Scelta Welfare,25-OCT-24 12.19.47.457000 PM
,Download PDF dalla sezione Cedolini,14-OCT-24 09.25.37.476000 AM
,Download PDF dalla sezione Cedolini,25-OCT-24 12.45.57.268000 PM
,Download PDF dalla sezione Cedolini,25-OCT-24 12.46.38.191000 PM
,Dettaglio elenco Cedolini e CU disponibili al download,25-OCT-24 08.59.27.369000 AM
6047.0,HR/Normal user tries to update the answer,10-OCT-24 04.15.43.934000 PM
,Download PDF dalla sezione Cedolini,30-OCT-24 02.44.44.156000 PM
,Dettaglio elenco Cedolini e CU disponibili al download,14-OCT-24 09.23.02.168000 AM
15872.0,Normal user tries to create new Provvidenza request for a child,09-OCT-24 09.58.22.572000 AM
,Dettaglio elenco Cedolini e CU disponibili al download,21-OCT-24 03.26.01.365000 PM
8277.0,Dettaglio elenco Cedolini e CU disponibili al download,30-OCT-24 03.21.15.258000 PM
,Download PDF dalla sezione Cedolini,25-OCT-24 08.11.45.535000 AM
8795.0,Download PDF dalla sezione Cedolini,29-OCT-24 09.29.41.620000 AM
7884.0,Dettaglio elenco Cedolini e CU disponibili al download,25-OCT-24 08.17.20.111000 AM
6582.0,HR/Normal user tries to update the answer,03-OCT-24 02.04.54.060000 PM
,Download PDF dalla sezione Cedolini,14-OCT-24 09.40.14.876000 AM
5683.0,Normal user enters the Provvidenza Figli page,15-OCT-24 10.34.42.087000 AM
6844.0,HR/Normal user tries to update the answer,03-OCT-24 01.31.40.940000 PM
9403.0,Normal user tries to create new Provvidenza request for a child,03-OCT-24 01.38.43.463000 PM
,Dettaglio elenco Cedolini e CU disponibili al download,25-OCT-24 11.20.03.737000 AM
,Dettaglio elenco Cedolini e CU disponibili al download,25-OCT-24 06.58.55.695000 AM
6764.0,Normal user tries to create new Provvidenza request for a child,03-OCT-24 01.22.45.517000 PM
5955.0,HR/Normal user tries to update the answer,03-OCT-24 01.39.33.065000 PM
8040.0,Normal / HR user updates the answer,03-OCT-24 01.55.30.237000 PM
5619.0,HR/Normal user tries to update the answer,03-OCT-24 02.25.28.011000 PM
5604.0,HR/Normal user tries to update the answer,03-OCT-24 01.27.30.761000 PM
5704.0,Normal user enters the Provvidenza Figli page,03-OCT-24 01.27.22.303000 PM
,Download PDF dalla sezione Cedolini,07-OCT-24 02.37.41.989000 PM
13002831.0,Normal user enters the Provvidenza Figli page,03-OCT-24 01.33.37.312000 PM
7718.0,Normal user enters the Provvidenza Figli page,03-OCT-24 02.08.09.266000 PM
,Download PDF dalla sezione Cedolini,25-OCT-24 08.29.10.095000 AM
,Dettaglio elenco Cedolini e CU disponibili al download,24-OCT-24 05.54.14.303000 PM
6811.0,HR/Normal user tries to update the answer,03-OCT-24 01.22.47.230000 PM
5840.0,Normal user enters the Provvidenza Figli page,03-OCT-24 02.13.55.818000 PM
,Download PDF dalla sezione Cedolini,25-OCT-24 12.03.35.305000 PM
6113.0,Normal user assign new grade for the child while creating a request,03-OCT-24 02.24.14.327000 PM
,Download PDF dalla sezione Cedolini,24-OCT-24 05.57.50.246000 PM
,Dettaglio elenco Cedolini e CU disponibili al download,25-OCT-24 11.20.22.984000 AM
6980.0,Normal user enters the Provvidenza Figli page,03-OCT-24 01.39.03.724000 PM
6850.0,Dettaglio elenco Cedolini e CU disponibili al download,03-OCT-24 01.28.38.527000 PM
6393.0,HR/Normal user tries to update the answer,03-OCT-24 01.57.46.353000 PM
13001231.0,HR/Normal user tries to update the answer,03-OCT-24 01.38.59.877000 PM
5955.0,Normal user assign new grade for the child while creating a request,03-OCT-24 01.38.59.514000 PM
6006.0,HR/Normal user tries to update the answer,03-OCT-24 01.45.37.903000 PM
,Download PDF dalla sezione Cedolini,25-OCT-24 11.34.54.630000 AM
7386.0,Normal user assign new grade for the child while creating a request,03-OCT-24 01.24.12.144000 PM
6135.0,HR/Normal user tries to update the answer,03-OCT-24 02.34.38.351000 PM
6024.0,HR/Normal user tries to update the answer,08-OCT-24 10.09.49.764000 AM
7165.0,HR/Normal user tries to update the answer,03-OCT-24 02.16.29.427000 PM
5847.0,Normal user tries to create new Provvidenza request for a child,03-OCT-24 01.24.35.407000 PM
5755.0,Normal user enters the Provvidenza Figli page,03-OCT-24 01.29.25.706000 PM
6850.0,HR/Normal user tries to update the answer,03-OCT-24 01.28.06.605000 PM
7123.0,Normal user tries to create new Provvidenza request for a child,03-OCT-24 01.55.39.076000 PM
6136.0,Normal / HR user updates the answer,03-OCT-24 01.28.55.182000 PM
,Dettaglio elenco Cedolini e CU disponibili al download,01-OCT-24 11.49.11.452000 AM
5821.0,Normal user assign new grade for the child while creating a request,03-OCT-24 02.30.09.655000 PM
5302.0,HR/Normal user tries to update the answer,03-OCT-24 01.26.15.781000 PM
,Download PDF dalla sezione Cedolini,25-OCT-24 11.48.36.999000 AM
7283.0,Normal user enters the Provvidenza Figli page,03-OCT-24 01.31.40.420000 PM
6367.0,Normal user enters the Provvidenza Figli page,03-OCT-24 01.22.44.239000 PM
6624.0,HR/Normal user tries to update the answer,03-OCT-24 01.33.42.009000 PM
7034.0,Normal user enters the Provvidenza Figli page,03-OCT-24 02.08.58.004000 PM
7207.0,HR/Normal user tries to update the answer,03-OCT-24 01.24.24.467000 PM
6764.0,Normal user enters the Provvidenza Figli page,03-OCT-24 01.22.44.380000 PM
9403.0,HR/Normal user tries to update the answer,03-OCT-24 01.38.57.129000 PM
5994.0,Normal / HR user updates the answer,03-OCT-24 01.46.40.458000 PM
5854.0,HR/Normal user tries to update the answer,03-OCT-24 01.31.46.777000 PM
7989.0,Normal / HR user updates the answer,03-OCT-24 02.29.27.344000 PM
6457.0,Normal user assign new grade for the child while creating a request,03-OCT-24 01.26.44.645000 PM
9543.0,HR/Normal user tries to update the answer,03-OCT-24 01.41.15.485000 PM
5639.0,Normal user assign new grade for the child while creating a request,03-OCT-24 02.13.31.947000 PM
7111.0,Normal user assign new grade for the child while creating a request,03-OCT-24 02.29.46.178000 PM
7111.0,HR/Normal user tries to update the answer,03-OCT-24 02.30.09.656000 PM
6578.0,HR/Normal user tries to update the answer,03-OCT-24 02.13.14.863000 PM
17324.0,Normal user enters the Provvidenza Figli page,03-OCT-24 02.15.00.853000 PM
,Dettaglio elenco Cedolini e CU disponibili al download,25-OCT-24 11.56.29.399000 AM
7600.0,Recupero dettagliutente per Scelta Welfare,03-OCT-24 02.01.31.839000 PM
6221.0,HR/Normal user tries to update the answer,03-OCT-24 02.28.46.311000 PM
5875.0,Normal user tries to create new Provvidenza request for a child,03-OCT-24 01.45.17.314000 PM
6001.0,HR/Normal user tries to update the answer,17-OCT-24 02.06.33.562000 PM
11399.0,Normal user enters the Provvidenza Figli page,03-OCT-24 02.20.25.292000 PM
7487.0,HR/Normal user tries to update the answer,03-OCT-24 01.27.24.920000 PM
5847.0,HR/Normal user tries to update the answer,03-OCT-24 01.25.31.876000 PM
8274.0,Normal user enters the Provvidenza Figli page,03-OCT-24 02.15.41.368000 PM
6531.0,HR/Normal user tries to update the answer,03-OCT-24 02.35.00.128000 PM
16786.0,HR/Normal user tries to update the answer,03-OCT-24 01.49.00.471000 PM
5659.0,Normal user enters the Provvidenza Figli page,03-OCT-24 02.18.29.762000 PM
,Download PDF dalla sezione Cedolini,25-OCT-24 06.58.58.273000 AM
5527.0,HR/Normal user tries to update the answer,08-OCT-24 10.12.50.933000 AM
,Dettaglio elenco Cedolini e CU disponibili al download,03-OCT-24 01.33.34.858000 PM
5854.0,Normal user enters the Provvidenza Figli page,03-OCT-24 01.32.32.861000 PM
5884.0,HR/Normal user tries to update the answer,03-OCT-24 01.51.24.600000 PM
5784.0,Normal user enters the Provvidenza Figli page,03-OCT-24 02.33.01.747000 PM
6763.0,HR/Normal user tries to update the answer,03-OCT-24 01.25.22.484000 PM
7099.0,Normal user enters the Provvidenza Figli page,03-OCT-24 01.56.49.872000 PM
,Dettaglio elenco Cedolini e CU disponibili al download,03-OCT-24 02.21.13.807000 PM
8040.0,HR/Normal user tries to update the answer,03-OCT-24 01.55.44.810000 PM
9098.0,Normal / HR user updates the answer,03-OCT-24 01.24.58.639000 PM
6221.0,Normal user assign new grade for the child while creating a request,03-OCT-24 02.28.32.855000 PM
6080.0,HR/Normal user tries to update the answer,03-OCT-24 02.34.57.889000 PM
6554.0,HR/Normal user tries to update the answer,03-OCT-24 02.05.50.188000 PM
7165.0,HR/Normal user tries to update the answer,03-OCT-24 02.17.28.787000 PM
6382.0,HR/Normal user tries to update the answer,03-OCT-24 01.23.00.272000 PM
,Download PDF dalla sezione Cedolini,08-OCT-24 10.23.30.113000 AM
,Download PDF dalla sezione Cedolini,25-OCT-24 11.47.48.572000 AM
6457.0,HR/Normal user tries to update the answer,03-OCT-24 01.26.55.071000 PM
,Dettaglio elenco Cedolini e CU disponibili al download,25-OCT-24 11.47.05.846000 AM
6382.0,Normal user assign new grade for the child while creating a request,03-OCT-24 01.22.48.650000 PM
5472.0,Normal user assign new grade for the child while creating a request,03-OCT-24 01.31.28.533000 PM
5429.0,Normal user assign new grade for the child while creating a request,03-OCT-24 02.23.47.928000 PM
7047.0,HR/Normal user tries to update the answer,03-OCT-24 01.28.58.802000 PM
5561.0,HR/Normal user tries to update the answer,03-OCT-24 04.14.36.929000 PM
5621.0,Normal / HR user updates the answer,30-OCT-24 03.26.00.006000 PM
13000322.0,HR/Normal user tries to update the answer,03-OCT-24 01.43.02.637000 PM
5639.0,Normal user tries to create new Provvidenza request for a child,03-OCT-24 02.13.31.814000 PM
6980.0,Normal / HR user updates the answer,03-OCT-24 01.38.48.855000 PM
13001862.0,HR tried to update grade,03-OCT-24 01.35.43.948000 PM
6243.0,Normal user enters the Provvidenza Figli page,03-OCT-24 02.11.45.670000 PM
9774.0,Normal user enters the Provvidenza Figli page,03-OCT-24 02.09.20.634000 PM
6080.0,Normal user enters the Provvidenza Figli page,03-OCT-24 02.34.04.298000 PM
9223.0,HR/Normal user tries to update the answer,03-OCT-24 02.05.09.995000 PM
6736.0,Normal user assign new grade for the child while creating a request,03-OCT-24 02.06.02.394000 PM
6787.0,Normal user enters the Provvidenza Figli page,03-OCT-24 01.44.52.669000 PM
7932.0,Normal user tries to create new Provvidenza request for a child,03-OCT-24 01.45.42.576000 PM
6006.0,Normal user enters the Provvidenza Figli page,03-OCT-24 01.47.44.233000 PM
5995.0,HR tried to update grade,03-OCT-24 02.33.05.465000 PM
7487.0,HR/Normal user tries to update the answer,03-OCT-24 01.27.47.583000 PM
6372.0,HR/Normal user tries to update the answer,03-OCT-24 01.27.11.697000 PM
5977.0,HR/Normal user tries to update the answer,03-OCT-24 01.35.04.225000 PM
6817.0,Normal user tries to create new Provvidenza request for a child,03-OCT-24 02.04.11.970000 PM
5369.0,Normal user enters the Provvidenza Figli page,03-OCT-24 01.58.03.960000 PM
6770.0,Normal user assign new grade for the child while creating a request,03-OCT-24 02.29.46.452000 PM
6763.0,Normal user enters the Provvidenza Figli page,03-OCT-24 01.24.22.044000 PM
5619.0,HR/Normal user tries to update the answer,03-OCT-24 02.30.29.134000 PM
6850.0,HR/Normal user tries to update the answer,03-OCT-24 01.27.41.788000 PM
11399.0,Normal user tries to create new Provvidenza request for a child,03-OCT-24 02.20.40.740000 PM
7884.0,Download PDF dalla sezione Cedolini,25-OCT-24 08.17.22.312000 AM
,Download PDF dalla sezione Cedolini,25-OCT-24 08.17.17.128000 AM
,Dettaglio elenco Cedolini e CU disponibili al download,03-OCT-24 04.17.05.979000 PM
,Dettaglio elenco Cedolini e CU disponibili al download,15-OCT-24 10.34.30.976000 AM
5369.0,Normal user tries to create new Provvidenza request for a child,03-OCT-24 01.58.08.545000 PM
6144.0,Normal user assign new grade for the child while creating a request,03-OCT-24 02.19.17.879000 PM
6081.0,Normal user enters the Provvidenza Figli page,03-OCT-24 02.31.21.615000 PM
6787.0,Normal user enters the Provvidenza Figli page,03-OCT-24 01.43.22.689000 PM
7248.0,Normal user enters the Provvidenza Figli page,03-OCT-24 02.00.46.561000 PM
8330.0,HR/Normal user tries to update the answer,03-OCT-24 02.21.32.104000 PM
10644.0,Normal user enters the Provvidenza Figli page,03-OCT-24 02.29.50.802000 PM
7040.0,Normal user enters the Provvidenza Figli page,03-OCT-24 02.06.18.073000 PM
5672.0,Normal user enters the Provvidenza Figli page,03-OCT-24 02.36.24.462000 PM
7989.0,Normal user tries to create new Provvidenza request for a child,03-OCT-24 02.29.05.895000 PM
5834.0,HR/Normal user tries to update the answer,03-OCT-24 01.32.40.763000 PM
7071.0,Normal user assign new grade for the child while creating a request,03-OCT-24 04.25.05.794000 PM
7081.0,Verifica possibilità di accesso a fondo pensione per Scelta Welfare,03-OCT-24 01.41.03.246000 PM
5975.0,Normal user tries to create new Provvidenza request for a child,03-OCT-24 01.58.36.875000 PM
7876.0,HR/Normal user tries to update the answer,03-OCT-24 01.50.11.161000 PM
,Download PDF dalla sezione Cedolini,25-OCT-24 11.17.49.271000 AM
6854.0,Normal user tries to create new Provvidenza request for a child,03-OCT-24 02.15.04.742000 PM
,Download PDF dalla sezione Cedolini,25-OCT-24 11.38.12.134000 AM
7637.0,HR tried to update grade,03-OCT-24 01.26.09.356000 PM
7081.0,Recupero dettagli utente per Scelta orario di lavoro,03-OCT-24 01.40.27.031000 PM
5689.0,HR/Normal user tries to update the answer,03-OCT-24 02.15.58.279000 PM
6380.0,Normal user enters the Provvidenza Figli page,03-OCT-24 02.05.28.018000 PM
8136.0,Normal user enters the Provvidenza Figli page,03-OCT-24 04.36.24.598000 PM
7147.0,HR/Normal user tries to update the answer,03-OCT-24 04.36.24.653000 PM
7283.0,Normal user update grade for a child,03-OCT-24 01.29.49.716000 PM
6956.0,HR/Normal user tries to update the answer,03-OCT-24 01.23.09.245000 PM
16786.0,Normal user assign new grade for the child while creating a request,03-OCT-24 01.49.11.602000 PM
17324.0,Normal user enters the Provvidenza Figli page,03-OCT-24 02.15.25.670000 PM
13001231.0,Normal user enters the Provvidenza Figli page,03-OCT-24 01.38.44.353000 PM
9497.0,Normal user enters the Provvidenza Figli page,03-OCT-24 02.11.11.380000 PM
6665.0,Normal user enters the Provvidenza Figli page,09-OCT-24 10.44.46.955000 AM
5639.0,HR/Normal user tries to update the answer,03-OCT-24 02.13.38.264000 PM
7595.0,HR tried to update grade,03-OCT-24 02.13.36.736000 PM
5891.0,HR/Normal user tries to update the answer,03-OCT-24 01.24.47.971000 PM
5185.0,HR/Normal user tries to update the answer,03-OCT-24 02.20.14.220000 PM
7733.0,Normal user enters the Provvidenza Figli page,03-OCT-24 02.37.33.965000 PM
5753.0,Normal user tries to create new Provvidenza request for a child,03-OCT-24 02.10.55.286000 PM
7595.0,Normal / HR user updates the answer,03-OCT-24 02.15.48.361000 PM
5589.0,HR/Normal user tries to update the answer,03-OCT-24 02.28.37.893000 PM
6553.0,HR/Normal user tries to update the answer,03-OCT-24 02.37.11.039000 PM
13001627.0,Normal user enters the Provvidenza Figli page,03-OCT-24 01.24.05.523000 PM
7199.0,HR/Normal user tries to update the answer,03-OCT-24 01.29.57.916000 PM
7819.0,HR/Normal user tries to update the answer,03-OCT-24 01.47.39.270000 PM
7243.0,HR/Normal user tries to update the answer,03-OCT-24 01.24.35.028000 PM
,Download PDF dalla sezione Cedolini,07-OCT-24 06.51.45.037000 PM
6559.0,Normal user assign new grade for the child while creating a request,03-OCT-24 02.03.03.682000 PM
5622.0,HR/Normal user tries to update the answer,17-OCT-24 08.12.49.250000 AM
5604.0,HR/Normal user tries to update the answer,03-OCT-24 01.28.01.983000 PM
7200.0,HR/Normal user tries to update the answer,03-OCT-24 01.26.11.951000 PM
13001767.0,HR/Normal user tries to update the answer,03-OCT-24 01.30.37.592000 PM
7595.0,Normal user assign new grade for the child while creating a request,03-OCT-24 02.13.27.087000 PM
6380.0,Normal user update grade for a child,03-OCT-24 02.05.40.236000 PM
7926.0,HR/Normal user tries to update the answer,03-OCT-24 02.35.13.883000 PM
5891.0,Normal user assign new grade for the child while creating a request,03-OCT-24 01.23.28.941000 PM
16895.0,Normal user enters the Provvidenza Figli page,03-OCT-24 01.23.06.352000 PM
,Dettaglio elenco Cedolini e CU disponibili al download,25-OCT-24 11.54.55.371000 AM
8866.0,Normal user tries to create new Provvidenza request for a child,03-OCT-24 02.01.58.139000 PM
6170.0,Normal user assign new grade for the child while creating a request,03-OCT-24 02.37.25.769000 PM
7539.0,HR/Normal user tries to update the answer,03-OCT-24 01.48.09.110000 PM
7436.0,Normal user enters the Provvidenza Figli page,03-OCT-24 02.15.28.254000 PM
7782.0,HR/Normal user tries to update the answer,03-OCT-24 02.14.50.262000 PM
5788.0,Normal user assign new grade for the child while creating a request,03-OCT-24 01.38.42.698000 PM
7331.0,Normal user assign new grade for the child while creating a request,03-OCT-24 02.04.45.106000 PM
5336.0,Normal user assign new grade for the child while creating a request,03-OCT-24 02.35.15.100000 PM
8042.0,HR/Normal user tries to update the answer,03-OCT-24 02.14.31.552000 PM
7499.0,Normal user enters the Provvidenza Figli page,03-OCT-24 02.34.05.536000 PM
8330.0,Normal user assign new grade for the child while creating a request,03-OCT-24 02.21.01.344000 PM
5994.0,Normal user enters the Provvidenza Figli page,03-OCT-24 01.44.26.933000 PM
6393.0,Normal user assign new grade for the child while creating a request,03-OCT-24 01.58.40.526000 PM
7116.0,HR/Normal user tries to update the answer,03-OCT-24 01.23.08.941000 PM
6179.0,Normal user enters the Provvidenza Figli page,03-OCT-24 01.22.52.261000 PM
13001767.0,Normal user update grade for a child,03-OCT-24 01.31.47.714000 PM
9407.0,HR/Normal user tries to update the answer,03-OCT-24 01.36.04.152000 PM
5366.0,HR/Normal user tries to update the answer,21-OCT-24 01.12.58.461000 PM
7718.0,HR/Normal user tries to update the answer,03-OCT-24 02.09.06.314000 PM
7123.0,HR/Normal user tries to update the answer,03-OCT-24 01.54.52.586000 PM
6389.0,HR/Normal user tries to update the answer,08-OCT-24 10.37.20.402000 AM
5854.0,HR/Normal user tries to update the answer,03-OCT-24 01.32.28.664000 PM
6692.0,Normal user enters the Provvidenza Figli page,03-OCT-24 01.34.01.890000 PM
7718.0,Normal / HR user updates the answer,03-OCT-24 02.09.11.783000 PM
5978.0,Normal user enters the Provvidenza Figli page,03-OCT-24 02.08.52.712000 PM
7718.0,HR/Normal user tries to update the answer,03-OCT-24 02.13.00.140000 PM
17151.0,HR/Normal user tries to update the answer,11-OCT-24 06.09.29.935000 PM
17151.0,Normal user tries to create new Provvidenza request for a child,11-OCT-24 06.09.16.569000 PM
5994.0,Normal user enters the Provvidenza Figli page,03-OCT-24 01.46.22.210000 PM
5409.0,HR/Normal user tries to update the answer,03-OCT-24 01.59.38.518000 PM
5601.0,HR/Normal user tries to update the answer,03-OCT-24 05.19.02.074000 PM
6006.0,Normal user enters the Provvidenza Figli page,03-OCT-24 01.50.11.393000 PM
5139.0,HR/Normal user tries to update the answer,04-OCT-24 11.20.14.704000 AM
6059.0,HR/Normal user tries to update the answer,03-OCT-24 01.37.17.360000 PM
6787.0,Normal user tries to create new Provvidenza request for a child,03-OCT-24 01.43.28.474000 PM
9223.0,HR/Normal user tries to update the answer,03-OCT-24 02.06.19.750000 PM
6980.0,Normal user enters the Provvidenza Figli page,03-OCT-24 01.37.25.625000 PM
11253.0,Normal user update grade for a child,08-OCT-24 02.37.35.023000 PM
7733.0,HR/Normal user tries to update the answer,03-OCT-24 02.36.37.477000 PM
13002840.0,Normal user enters the Provvidenza Figli page,08-OCT-24 03.05.30.895000 PM
13002840.0,Normal / HR user updates the answer,08-OCT-24 03.03.53.229000 PM
5843.0,HR/Normal user tries to update the answer,08-OCT-24 03.03.25.609000 PM
5918.0,Normal user enters the Provvidenza Figli page,03-OCT-24 01.56.20.185000 PM
5843.0,Normal user enters the Provvidenza Figli page,08-OCT-24 03.02.42.059000 PM
9473.0,Normal user update grade for a child,03-OCT-24 01.24.39.059000 PM
7185.0,Normal user tries to create new Provvidenza request for a child,03-OCT-24 02.27.37.754000 PM
5366.0,HR/Normal user tries to update the answer,21-OCT-24 01.13.32.645000 PM
,Dettaglio elenco Cedolini e CU disponibili al download,03-OCT-24 02.33.13.923000 PM
5694.0,HR/Normal user tries to update the answer,03-OCT-24 02.06.46.017000 PM
,Download PDF dalla sezione Cedolini,18-OCT-24 02.39.00.232000 PM
7876.0,Normal user enters the Provvidenza Figli page,03-OCT-24 01.50.47.039000 PM
8049.0,HR/Normal user tries to update the answer,03-OCT-24 02.32.13.875000 PM
,Dettaglio elenco Cedolini e CU disponibili al download,11-OCT-24 08.00.07.791000 PM
5682.0,HR/Normal user tries to update the answer,10-OCT-24 09.35.38.308000 PM
5297.0,Recupero dettagliutente per Scelta Welfare,18-OCT-24 02.12.48.747000 PM
7782.0,Normal user enters the Provvidenza Figli page,03-OCT-24 02.15.54.672000 PM
13000916.0,Normal user enters the Provvidenza Figli page,08-OCT-24 10.25.17.975000 AM
7371.0,HR/Normal user tries to update the answer,18-OCT-24 03.19.03.337000 PM
,Dettaglio elenco Cedolini e CU disponibili al download,22-OCT-24 01.48.33.990000 PM
13002840.0,HR/Normal user tries to update the answer,08-OCT-24 03.02.48.757000 PM
7123.0,HR/Normal user tries to update the answer,03-OCT-24 01.55.58.052000 PM
6887.0,HR/Normal user tries to update the answer,08-OCT-24 02.58.08.447000 PM
,Download PDF dalla sezione Cedolini,01-OCT-24 09.48.12.088000 AM
6335.0,Normal user enters the Provvidenza Figli page,11-OCT-24 07.51.27.178000 PM
5366.0,HR/Normal user tries to update the answer,21-OCT-24 01.12.44.675000 PM
17151.0,HR/Normal user tries to update the answer,11-OCT-24 06.10.02.240000 PM
13002973.0,Verifica possibilità di accesso a fondo pensione per Scelta Welfare,21-OCT-24 01.04.51.563000 PM
,Download PDF dalla sezione Cedolini,01-OCT-24 09.29.07.011000 AM
6850.0,Normal user enters the Provvidenza Figli page,03-OCT-24 01.25.43.852000 PM
5834.0,HR/Normal user tries to update the answer,03-OCT-24 01.32.24.506000 PM
5682.0,Normal user tries to create new Provvidenza request for a child,10-OCT-24 09.35.22.604000 PM
6179.0,HR/Normal user tries to update the answer,03-OCT-24 01.24.46.917000 PM
6335.0,Normal user enters the Provvidenza Figli page,11-OCT-24 07.57.58.848000 PM
9887.0,Recupero dettagliutente per Scelta Welfare,22-OCT-24 01.49.55.684000 PM
7386.0,HR/Normal user tries to update the answer,03-OCT-24 01.24.32.561000 PM
,Dettaglio elenco Cedolini e CU disponibili al download,25-OCT-24 11.35.23.217000 AM
5448.0,HR/Normal user tries to update the answer,09-OCT-24 08.40.59.455000 AM
7091.0,HR/Normal user tries to update the answer,03-OCT-24 05.17.23.824000 PM
6335.0,Normal / HR user updates the answer,11-OCT-24 07.56.13.484000 PM
7142.0,Recupero dettagliutente per Scelta Welfare,08-OCT-24 08.50.15.427000 PM
,Download PDF dalla sezione Cedolini,08-OCT-24 11.35.39.393000 AM
13001053.0,Normal user enters the Provvidenza Figli page,03-OCT-24 02.27.12.219000 PM
6895.0,Recupero dettagli utente per Scelta orario di lavoro,08-OCT-24 11.36.20.016000 AM
6380.0,HR/Normal user tries to update the answer,03-OCT-24 05.11.04.784000 PM
9049.0,Normal user tries to create new Provvidenza request for a child,09-OCT-24 09.21.49.037000 AM
6380.0,HR/Normal user tries to update the answer,03-OCT-24 05.12.06.964000 PM
,Download PDF dalla sezione Cedolini,03-OCT-24 01.24.42.063000 PM
,Download PDF dalla sezione Cedolini,28-OCT-24 11.15.24.011000 AM
6374.0,Normal user assign new grade for the child while creating a request,08-OCT-24 11.34.45.774000 AM
,Download PDF dalla sezione Cedolini,08-OCT-24 11.05.32.442000 AM
5494.0,Normal user assign new grade for the child while creating a request,03-OCT-24 05.17.16.408000 PM
5254.0,HR/Normal user tries to update the answer,03-OCT-24 01.25.26.068000 PM
18173.0,Normal / HR user updates the answer,12-OCT-24 12.47.51.591000 PM
6380.0,Normal user tries to create new Provvidenza request for a child,03-OCT-24 05.10.48.353000 PM
6870.0,HR/Normal user tries to update the answer,03-OCT-24 01.25.10.305000 PM
6389.0,Normal user enters the Provvidenza Figli page,08-OCT-24 10.43.11.601000 AM
7036.0,HR/Normal user tries to update the answer,03-OCT-24 01.22.00.594000 PM
7564.0,HR/Normal user tries to update the answer,08-OCT-24 06.59.09.214000 AM
7492.0,HR/Normal user tries to update the answer,08-OCT-24 11.04.36.672000 AM
7142.0,HR/Normal user tries to update the answer,08-OCT-24 08.51.38.347000 PM
7961.0,HR/Normal user tries to update the answer,03-OCT-24 01.17.16.416000 PM
7564.0,HR/Normal user tries to update the answer,08-OCT-24 06.59.12.774000 AM
7091.0,HR tried to update grade,03-OCT-24 05.17.08.609000 PM
9359.0,Normal user enters the Provvidenza Figli page,03-OCT-24 01.19.52.177000 PM
6669.0,Normal user enters the Provvidenza Figli page,03-OCT-24 01.20.05.296000 PM
13001303.0,Normal user tries to create new Provvidenza request for a child,08-OCT-24 11.18.42.989000 AM
6380.0,HR/Normal user tries to update the answer,03-OCT-24 05.11.14.967000 PM
,Dettaglio elenco Cedolini e CU disponibili al download,09-OCT-24 09.33.14.911000 AM
,Download PDF dalla sezione Cedolini,08-OCT-24 10.39.24.331000 AM
6179.0,HR/Normal user tries to update the answer,03-OCT-24 01.23.19.728000 PM
7142.0,Normal user assign new grade for the child while creating a request,08-OCT-24 08.51.04.249000 PM
9049.0,Normal user assign new grade for the child while creating a request,09-OCT-24 09.21.49.207000 AM
,Dettaglio elenco Cedolini e CU disponibili al download,29-OCT-24 10.54.55.637000 AM
17860.0,Normal user enters the Provvidenza Figli page,19-OCT-24 06.33.22.814000 PM
6380.0,HR/Normal user tries to update the answer,03-OCT-24 05.11.07.413000 PM
,Dettaglio elenco Cedolini e CU disponibili al download,24-OCT-24 07.44.34.120000 PM
7877.0,HR/Normal user tries to update the answer,04-OCT-24 05.10.06.795000 PM
,Download PDF dalla sezione Cedolini,22-OCT-24 01.44.06.008000 PM
5899.0,HR/Normal user tries to update the answer,14-OCT-24 02.13.26.114000 PM
,Download PDF dalla sezione Cedolini,25-OCT-24 06.05.45.278000 AM
7492.0,Normal user enters the Provvidenza Figli page,08-OCT-24 11.03.20.800000 AM
,Dettaglio elenco Cedolini e CU disponibili al download,29-OCT-24 11.40.05.080000 AM
,Download PDF dalla sezione Cedolini,24-OCT-24 09.04.55.400000 PM
7091.0,HR/Normal user tries to update the answer,03-OCT-24 05.17.19.016000 PM
,Dettaglio elenco Cedolini e CU disponibili al download,29-OCT-24 11.59.15.770000 AM
17365.0,Verifica possibilità di accesso a fondo pensione per Scelta Welfare,29-OCT-24 11.52.22.914000 AM
6713.0,HR/Normal user tries to update the answer,04-OCT-24 05.06.17.272000 PM
6422.0,HR/Normal user tries to update the answer,09-OCT-24 04.23.10.941000 PM
,Dettaglio elenco Cedolini e CU disponibili al download,29-OCT-24 11.22.10.489000 AM
13002692.0,Recupero dettagliutente per Scelta Welfare,29-OCT-24 12.01.06.063000 PM
6881.0,Normal user enters the Provvidenza Figli page,02-OCT-24 02.45.07.639000 PM
6709.0,Normal user enters the Provvidenza Figli page,01-OCT-24 03.22.20.595000 PM
17365.0,Verifica possibilità di accesso a fondo pensione per Scelta Welfare,29-OCT-24 11.47.06.227000 AM
,Dettaglio elenco Cedolini e CU disponibili al download,24-OCT-24 09.55.31.604000 PM
5445.0,HR/Normal user tries to update the answer,09-OCT-24 03.23.50.972000 PM
,Dettaglio elenco Cedolini e CU disponibili al download,29-OCT-24 11.50.24.116000 AM
,Download PDF dalla sezione Cedolini,30-OCT-24 12.29.14.501000 PM
,Accesso alle funzionalità BackOffice di Cedolini e CU per dettaglio PDF caricati per società,24-OCT-24 04.58.43.801000 PM
13000916.0,Normal user enters the Provvidenza Figli page,07-OCT-24 03.58.46.380000 PM
16786.0,Dettaglio elenco Cedolini e CU disponibili al download,11-OCT-24 08.52.25.999000 AM
16672.0,HR/Normal user tries to update the answer,09-OCT-24 03.26.40.770000 PM
,Download PDF dalla sezione Cedolini,29-OCT-24 10.54.58.051000 AM
6188.0,Normal user enters the Provvidenza Figli page,04-OCT-24 05.22.15.361000 PM
,Dettaglio elenco Cedolini e CU disponibili al download,29-OCT-24 11.40.33.202000 AM
,Dettaglio elenco Cedolini e CU disponibili al download,29-OCT-24 11.43.28.634000 AM
6479.0,Normal user assign new grade for the child while creating a request,11-OCT-24 09.14.21.406000 AM
5836.0,HR/Normal user tries to update the answer,11-OCT-24 04.03.25.923000 PM
16672.0,Normal user assign new grade for the child while creating a request,09-OCT-24 03.22.34.133000 PM
,Dettaglio elenco Cedolini e CU disponibili al download,30-OCT-24 12.19.22.488000 PM
5450.0,HR/Normal user tries to update the answer,07-OCT-24 04.19.01.972000 PM
6895.0,HR/Normal user tries to update the answer,08-OCT-24 11.34.39.580000 AM
11253.0,Normal user enters the Provvidenza Figli page,04-OCT-24 05.05.18.180000 PM
18260.0,HR/Normal user tries to update the answer,04-OCT-24 05.50.48.027000 PM
,Dettaglio elenco Cedolini e CU disponibili al download,24-OCT-24 05.08.14.904000 PM
,Dettaglio elenco Cedolini e CU disponibili al download,29-OCT-24 11.44.47.026000 AM
,Download PDF dalla sezione Cedolini,24-OCT-24 09.01.23.524000 PM
13001727.0,Normal user assign new grade for the child while creating a request,08-OCT-24 09.27.54.809000 AM
5849.0,HR/Normal user tries to update the answer,03-OCT-24 07.21.17.636000 PM
6841.0,Normal user enters the Provvidenza Figli page,03-OCT-24 06.36.03.969000 PM
5577.0,Normal user assign new grade for the child while creating a request,04-OCT-24 12.55.29.963000 PM
,Accesso alle funzionalità BackOffice di Cedolini e CU per dettaglio PDF caricati per società,24-OCT-24 05.09.29.302000 PM
,Dettaglio elenco Cedolini e CU disponibili al download,24-OCT-24 04.33.43.229000 PM
5495.0,HR/Normal user tries to update the answer,04-OCT-24 12.28.57.313000 PM
5681.0,HR/Normal user tries to update the answer,03-OCT-24 07.03.07.476000 PM
,Dettaglio elenco Cedolini e CU disponibili al download,30-OCT-24 02.07.52.447000 PM
5905.0,Normal user tries to create new Provvidenza request for a child,04-OCT-24 12.35.26.172000 PM
,Download PDF dalla sezione Cedolini,24-OCT-24 05.12.43.454000 PM
13002929.0,Recupero dettagli utente per Scelta orario di lavoro,04-OCT-24 12.42.00.328000 PM
7044.0,HR/Normal user tries to update the answer,03-OCT-24 07.36.53.689000 PM
7044.0,HR/Normal user tries to update the answer,03-OCT-24 07.35.57.395000 PM
7256.0,HR/Normal user tries to update the answer,03-OCT-24 05.03.15.900000 PM
6371.0,Normal user tries to create new Provvidenza request for a child,03-OCT-24 06.36.24.379000 PM
6479.0,HR tried to update grade,11-OCT-24 09.14.25.187000 AM
,Download PDF dalla sezione Cedolini,24-OCT-24 04.59.19.583000 PM
13001478.0,Verifica possibilità di accesso a fondo pensione per Scelta Welfare,07-OCT-24 04.47.29.067000 PM
6352.0,Normal user assign new grade for the child while creating a request,04-OCT-24 01.13.28.351000 PM
5681.0,Normal user enters the Provvidenza Figli page,03-OCT-24 07.01.44.405000 PM
,Download PDF dalla sezione Cedolini,04-OCT-24 12.50.27.242000 PM
7000.0,HR/Normal user tries to update the answer,03-OCT-24 06.58.41.964000 PM
5613.0,Normal user assign new grade for the child while creating a request,04-OCT-24 12.26.09.285000 PM
6484.0,HR/Normal user tries to update the answer,08-OCT-24 08.13.26.473000 PM
,Accesso alle funzionalità BackOffice di Cedolini e CU per dettaglio PDF caricati per società,24-OCT-24 05.07.59.337000 PM
6841.0,HR/Normal user tries to update the answer,03-OCT-24 06.35.30.457000 PM
6199.0,Normal user enters the Provvidenza Figli page,10-OCT-24 08.29.35.868000 AM
7000.0,Normal user tries to create new Provvidenza request for a child,03-OCT-24 06.59.14.114000 PM
,Download PDF dalla sezione Cedolini,28-OCT-24 08.22.34.683000 AM
,Download PDF dalla sezione Cedolini,28-OCT-24 02.08.19.129000 PM
7314.0,Normal user tries to create new Provvidenza request for a child,10-OCT-24 08.52.13.643000 AM
6181.0,Normal user enters the Provvidenza Figli page,11-OCT-24 12.25.32.904000 PM
,Download PDF dalla sezione Cedolini,15-OCT-24 03.14.26.270000 PM
5781.0,HR/Normal user tries to update the answer,04-OCT-24 01.10.42.330000 PM
6352.0,Normal user enters the Provvidenza Figli page,04-OCT-24 01.14.36.948000 PM
7810.0,Normal user update grade for a child,04-OCT-24 01.02.48.468000 PM
,Download PDF dalla sezione Cedolini,28-OCT-24 02.09.05.624000 PM
,Download PDF dalla sezione Cedolini,28-OCT-24 08.32.53.025000 AM
8372.0,HR/Normal user tries to update the answer,03-OCT-24 02.41.56.508000 PM
6352.0,HR/Normal user tries to update the answer,04-OCT-24 01.13.59.903000 PM
,Download PDF dalla sezione Cedolini,28-OCT-24 02.11.56.645000 PM
7564.0,HR/Normal user tries to update the answer,08-OCT-24 06.59.11.602000 AM
6118.0,HR/Normal user tries to update the answer,08-OCT-24 07.13.49.792000 PM
7052.0,HR/Normal user tries to update the answer,03-OCT-24 02.49.07.245000 PM
6482.0,HR/Normal user tries to update the answer,10-OCT-24 08.52.22.013000 AM
8324.0,Download PDF dalla sezione Cedolini,02-OCT-24 07.28.33.465000 PM
15798.0,Download PDF dalla sezione Cedolini,11-OCT-24 12.34.05.459000 PM
5241.0,Normal user tries to create new Provvidenza request for a child,04-OCT-24 10.41.30.920000 AM
7073.0,Normal user enters the Provvidenza Figli page,04-OCT-24 11.05.01.044000 AM
7314.0,Normal user enters the Provvidenza Figli page,10-OCT-24 08.53.22.253000 AM
13002305.0,Recupero dettagliutente per Scelta Welfare,11-OCT-24 12.53.19.493000 PM
6529.0,Normal user update grade for a child,10-OCT-24 08.34.40.217000 AM
13002845.0,Recupero dettagli utente per invio adesione Fondo Nazionale,04-OCT-24 10.12.11.933000 AM
7810.0,Normal / HR user updates the answer,04-OCT-24 10.17.23.172000 AM
6181.0,Normal user assign new grade for the child while creating a request,11-OCT-24 12.24.15.146000 PM
,Download PDF dalla sezione Cedolini,10-OCT-24 08.50.51.147000 AM
6118.0,Normal user enters the Provvidenza Figli page,08-OCT-24 07.12.49.893000 PM
,Dettaglio elenco Cedolini e CU disponibili al download,28-OCT-24 08.52.58.266000 AM
5629.0,Normal user enters the Provvidenza Figli page,03-OCT-24 03.08.52.734000 PM
,Download PDF dalla sezione Cedolini,28-OCT-24 08.52.59.843000 AM
8062.0,HR/Normal user tries to update the answer,04-OCT-24 10.17.33.126000 AM
,Lettura e accettazione dell'accordo di smartworking,02-OCT-24 10.24.53.902000 AM
14647.0,Normal user enters the Provvidenza Figli page,04-OCT-24 10.15.27.856000 AM
16786.0,Dettaglio elenco Cedolini e CU disponibili al download,23-OCT-24 02.39.38.580000 PM
7515.0,HR/Normal user tries to update the answer,04-OCT-24 10.27.27.028000 AM
,Download PDF dalla sezione Cedolini,04-OCT-24 10.57.09.962000 AM
15798.0,Download PDF dalla sezione Cedolini,11-OCT-24 12.32.59.385000 PM
6837.0,Normal user enters the Provvidenza Figli page,10-OCT-24 05.02.14.489000 PM
,Download PDF dalla sezione Cedolini,28-OCT-24 08.20.48.759000 AM
6837.0,HR/Normal user tries to update the answer,10-OCT-24 05.03.26.671000 PM
5274.0,Dettaglio elenco Cedolini e CU disponibili al download,14-OCT-24 11.38.03.227000 AM
,Dettaglio elenco Cedolini e CU disponibili al download,11-OCT-24 02.18.17.609000 PM
9737.0,Normal / HR user updates the answer,09-OCT-24 11.26.09.478000 AM
6355.0,Normal / HR user updates the answer,10-OCT-24 03.58.40.122000 PM
5540.0,Normal user enters the Provvidenza Figli page,04-OCT-24 10.19.09.852000 AM
,Download PDF dalla sezione Cedolini,14-OCT-24 11.24.20.568000 AM
13001785.0,Recupero dettagliutente per Scelta Welfare,28-OCT-24 04.55.21.627000 PM
13002928.0,Recupero dettagliutente per Scelta Welfare,23-OCT-24 03.07.12.087000 PM
,Dettaglio elenco Cedolini e CU disponibili al download,17-OCT-24 04.54.00.813000 PM
7442.0,Dettaglio elenco Cedolini e CU disponibili al download,28-OCT-24 05.06.13.069000 PM
,Dettaglio elenco Cedolini e CU disponibili al download,14-OCT-24 05.06.43.999000 PM
,Download PDF dalla sezione Cedolini,28-OCT-24 08.44.29.759000 AM
5633.0,HR/Normal user tries to update the answer,04-OCT-24 10.13.44.208000 AM
8538.0,Dettaglio elenco Cedolini e CU disponibili al download,31-OCT-24 05.15.08.059000 PM
7593.0,Normal user enters the Provvidenza Figli page,09-OCT-24 11.25.45.166000 AM
,Dettaglio elenco Cedolini e CU disponibili al download,02-OCT-24 02.09.59.002000 PM
6837.0,HR/Normal user tries to update the answer,10-OCT-24 05.03.22.554000 PM
,Dettaglio elenco Cedolini e CU disponibili al download,02-OCT-24 10.34.57.259000 AM
5906.0,Normal user assign new grade for the child while creating a request,04-OCT-24 10.26.37.514000 AM
19217.0,Normal user enters the Provvidenza Figli page,07-OCT-24 01.01.00.076000 PM
7810.0,HR/Normal user tries to update the answer,04-OCT-24 10.17.33.327000 AM
8244.0,HR/Normal user tries to update the answer,04-OCT-24 06.48.20.187000 AM
5196.0,Normal user tries to create new Provvidenza request for a child,04-OCT-24 07.22.26.323000 AM
,Dettaglio elenco Cedolini e CU disponibili al download,04-OCT-24 08.17.27.090000 AM
5636.0,Normal / HR user updates the answer,04-OCT-24 08.18.42.243000 AM
8464.0,HR/Normal user tries to update the answer,14-OCT-24 04.57.46.338000 PM
6774.0,Normal user tries to create new Provvidenza request for a child,09-OCT-24 05.24.52.638000 PM
6014.0,Normal user tries to create new Provvidenza request for a child,04-OCT-24 08.17.14.163000 AM
7978.0,HR/Normal user tries to update the answer,04-OCT-24 08.17.04.115000 AM
8244.0,Normal user assign new grade for the child while creating a request,04-OCT-24 06.48.15.694000 AM
7088.0,HR/Normal user tries to update the answer,04-OCT-24 08.23.37.370000 AM
,Dettaglio elenco Cedolini e CU disponibili al download,28-OCT-24 09.22.22.944000 AM
6947.0,HR/Normal user tries to update the answer,09-OCT-24 05.27.47.800000 PM
5744.0,Normal user tries to create new Provvidenza request for a child,04-OCT-24 08.24.07.229000 AM
6039.0,Normal user enters the Provvidenza Figli page,09-OCT-24 12.10.02.024000 PM
,Download PDF dalla sezione Cedolini,07-OCT-24 01.14.18.519000 PM
5744.0,HR/Normal user tries to update the answer,04-OCT-24 08.23.28.099000 AM
6162.0,Normal user enters the Provvidenza Figli page,04-OCT-24 08.08.18.006000 AM
6947.0,HR/Normal user tries to update the answer,09-OCT-24 05.28.01.732000 PM
5744.0,Normal user enters the Provvidenza Figli page,04-OCT-24 08.23.58.911000 AM
6869.0,Normal / HR user updates the answer,04-OCT-24 08.10.15.838000 AM
,Download PDF dalla sezione Cedolini,28-OCT-24 08.42.51.642000 AM
6822.0,HR/Normal user tries to update the answer,09-OCT-24 05.00.32.289000 PM
9737.0,HR/Normal user tries to update the answer,09-OCT-24 11.26.30.978000 AM
8454.0,Dettaglio elenco Cedolini e CU disponibili al download,04-OCT-24 07.42.57.159000 AM
5492.0,Normal user enters the Provvidenza Figli page,14-OCT-24 05.16.45.962000 PM
6143.0,HR/Normal user tries to update the answer,17-OCT-24 04.43.55.814000 PM
6199.0,Normal user enters the Provvidenza Figli page,28-OCT-24 05.18.29.189000 PM
6376.0,Normal user assign new grade for the child while creating a request,04-OCT-24 07.28.36.060000 AM
,Download PDF dalla sezione Cedolini,16-OCT-24 03.21.49.361000 PM
5552.0,HR/Normal user tries to update the answer,21-OCT-24 10.06.05.715000 AM
6908.0,HR/Normal user tries to update the answer,04-OCT-24 08.31.09.767000 AM
5335.0,HR/Normal user tries to update the answer,04-OCT-24 09.27.52.091000 PM
,Download PDF dalla sezione Cedolini,16-OCT-24 03.37.11.820000 PM
7672.0,HR/Normal user tries to update the answer,28-OCT-24 09.19.24.424000 AM
13002928.0,Recupero dettagliutente per Scelta Welfare,04-OCT-24 08.46.37.734000 AM
13002735.0,Recupero dettagli utente per invio adesione Fondo Nazionale,16-OCT-24 04.02.41.636000 PM
,Dettaglio elenco Cedolini e CU disponibili al download,25-OCT-24 09.32.42.498000 AM
7763.0,HR tried to update grade,25-OCT-24 09.04.16.855000 AM
7068.0,Download PDF dalla sezione Cedolini,04-OCT-24 09.05.11.128000 AM
5552.0,HR/Normal user tries to update the answer,21-OCT-24 10.01.54.682000 AM
5552.0,Normal user tries to create new Provvidenza request for a child,21-OCT-24 10.05.51.830000 AM
,Download PDF dalla sezione Cedolini,25-OCT-24 09.04.25.587000 AM
,Download PDF dalla sezione Cedolini,25-OCT-24 09.01.46.984000 AM
,Download PDF dalla sezione Cedolini,25-OCT-24 08.41.38.312000 AM
5672.0,Verifica possibilità di accesso a fondo pensione per Scelta Welfare,25-OCT-24 09.29.05.337000 AM
6376.0,HR/Normal user tries to update the answer,04-OCT-24 07.29.51.621000 AM
7401.0,HR/Normal user tries to update the answer,04-OCT-24 08.46.37.450000 AM
5319.0,Normal user enters the Provvidenza Figli page,14-OCT-24 12.36.27.704000 PM
6947.0,HR/Normal user tries to update the answer,09-OCT-24 05.27.49.519000 PM
7672.0,HR/Normal user tries to update the answer,28-OCT-24 09.19.35.687000 AM
,Download PDF dalla sezione Cedolini,28-OCT-24 09.28.23.690000 AM
6199.0,Normal user enters the Provvidenza Figli page,09-OCT-24 05.40.30.112000 PM
6489.0,Normal user tries to create new Provvidenza request for a child,04-OCT-24 08.38.24.556000 AM
13002986.0,Recupero dettagli utente per Scelta orario di lavoro,25-OCT-24 08.53.30.801000 AM
7672.0,Normal user enters the Provvidenza Figli page,28-OCT-24 09.18.54.875000 AM
5199.0,Normal user enters the Provvidenza Figli page,16-OCT-24 03.22.06.441000 PM
,Download PDF dalla sezione Cedolini,25-OCT-24 09.25.51.483000 AM
7063.0,Normal user tries to create new Provvidenza request for a child,04-OCT-24 09.04.55.928000 AM
8260.0,Normal / HR user updates the answer,04-OCT-24 09.18.35.232000 AM
,Download PDF dalla sezione Cedolini,04-OCT-24 08.28.45.507000 AM
7401.0,Normal user assign new grade for the child while creating a request,04-OCT-24 08.46.04.258000 AM
,Download PDF dalla sezione Cedolini,25-OCT-24 09.12.05.965000 AM
,Dettaglio elenco Cedolini e CU disponibili al download,25-OCT-24 09.11.59.256000 AM
5299.0,Normal user enters the Provvidenza Figli page,04-OCT-24 08.46.07.383000 AM
13000159.0,HR/Normal user tries to update the answer,04-OCT-24 08.42.32.080000 AM
,Download PDF dalla sezione Cedolini,25-OCT-24 09.13.55.399000 AM
,Download PDF dalla sezione Cedolini,25-OCT-24 09.21.55.634000 AM
,Dettaglio elenco Cedolini e CU disponibili al download,31-OCT-24 12.18.46.435000 PM
,Dettaglio elenco Cedolini e CU disponibili al download,25-OCT-24 08.43.48.290000 AM
6002.0,Normal user assign new grade for the child while creating a request,04-OCT-24 09.16.46.019000 AM
6000.0,HR/Normal user tries to update the answer,04-OCT-24 10.00.55.429000 PM
6734.0,HR/Normal user tries to update the answer,04-OCT-24 08.40.54.377000 AM
6933.0,Normal user enters the Provvidenza Figli page,25-OCT-24 08.59.01.521000 AM
,Dettaglio elenco Cedolini e CU disponibili al download,25-OCT-24 08.52.24.003000 AM
,Dettaglio elenco Cedolini e CU disponibili al download,25-OCT-24 08.49.58.428000 AM
,Dettaglio elenco Cedolini e CU disponibili al download,31-OCT-24 09.48.19.650000 AM
5271.0,Normal / HR user updates the answer,21-OCT-24 09.47.41.918000 AM
8314.0,HR/Normal user tries to update the answer,04-OCT-24 09.19.56.171000 AM
5803.0,HR/Normal user tries to update the answer,04-OCT-24 08.56.56.243000 AM
5299.0,Normal user enters the Provvidenza Figli page,04-OCT-24 08.43.22.863000 AM
,Download PDF dalla sezione Cedolini,02-OCT-24 10.26.12.142000 PM
,A valid user enters the MIFID page details of the user would be logged,31-OCT-24 11.26.48.767000 AM
7607.0,HR/Normal user tries to update the answer,04-OCT-24 09.52.09.925000 AM
,Dettaglio elenco Cedolini e CU disponibili al download,25-OCT-24 09.06.54.786000 AM
,Download PDF dalla sezione Cedolini,25-OCT-24 09.33.15.416000 AM
6908.0,HR/Normal user tries to update the answer,04-OCT-24 08.31.56.771000 AM
,Dettaglio elenco Cedolini e CU disponibili al download,25-OCT-24 10.27.06.469000 PM
7067.0,HR/Normal user tries to update the answer,04-OCT-24 08.57.48.815000 AM
,Download PDF dalla sezione Cedolini,25-OCT-24 09.10.08.848000 AM
6677.0,HR/Normal user tries to update the answer,04-OCT-24 09.07.47.688000 AM
7401.0,HR/Normal user tries to update the answer,04-OCT-24 08.46.27.783000 AM
17381.0,Dettaglio elenco Cedolini e CU disponibili al download,25-OCT-24 09.31.03.259000 AM
6146.0,HR/Normal user tries to update the answer,05-OCT-24 05.31.51.347000 PM
5982.0,Normal user assign new grade for the child while creating a request,04-OCT-24 08.40.26.132000 AM
7068.0,Dettaglio elenco Cedolini e CU disponibili al download,04-OCT-24 08.56.20.998000 AM
,Download PDF dalla sezione Cedolini,16-OCT-24 05.39.36.691000 PM
5982.0,Normal user enters the Provvidenza Figli page,04-OCT-24 08.40.56.452000 AM
,Download PDF dalla sezione Cedolini,01-OCT-24 06.53.31.700000 PM
,Dettaglio elenco Cedolini e CU disponibili al download,25-OCT-24 08.37.36.461000 AM
7068.0,Download PDF dalla sezione Cedolini,04-OCT-24 09.07.02.130000 AM
,Download PDF dalla sezione Cedolini,25-OCT-24 08.37.54.785000 AM
7265.0,Normal user enters the Provvidenza Figli page,04-OCT-24 09.25.20.957000 AM
6093.0,HR/Normal user tries to update the answer,04-OCT-24 09.17.27.447000 AM
,Dettaglio elenco Cedolini e CU disponibili al download,14-OCT-24 09.23.07.384000 AM
,Download PDF dalla sezione Cedolini,25-OCT-24 09.31.34.085000 AM
,Dettaglio elenco Cedolini e CU disponibili al download,25-OCT-24 10.53.02.149000 PM
,Dettaglio elenco Cedolini e CU disponibili al download,25-OCT-24 09.31.31.849000 AM
,Dettaglio elenco Cedolini e CU disponibili al download,25-OCT-24 09.03.26.389000 AM
,Download PDF dalla sezione Cedolini,31-OCT-24 12.19.14.906000 PM
6680.0,Normal user enters the Provvidenza Figli page,04-OCT-24 09.50.04.478000 AM
5488.0,HR/Normal user tries to update the answer,04-OCT-24 08.53.58.193000 AM
9093.0,Normal user enters the Provvidenza Figli page,04-OCT-24 09.33.14.332000 AM
6273.0,Normal user enters the Provvidenza Figli page,04-OCT-24 09.36.30.995000 AM
6180.0,Normal / HR user updates the answer,04-OCT-24 08.57.31.804000 AM
5864.0,HR/Normal user tries to update the answer,10-OCT-24 06.29.27.499000 PM
6915.0,Normal user enters the Provvidenza Figli page,04-OCT-24 08.51.54.421000 AM
6146.0,HR/Normal user tries to update the answer,05-OCT-24 05.31.49.086000 PM
5299.0,HR/Normal user tries to update the answer,04-OCT-24 08.40.24.725000 AM
5179.0,Normal user enters the Provvidenza Figli page,04-OCT-24 09.41.23.109000 AM
,Download PDF dalla sezione Cedolini,25-OCT-24 08.36.05.505000 AM
,Download PDF dalla sezione Cedolini,25-OCT-24 09.04.54.820000 AM
7401.0,Normal user enters the Provvidenza Figli page,04-OCT-24 08.46.42.488000 AM
,Dettaglio elenco Cedolini e CU disponibili al download,25-OCT-24 09.01.31.846000 AM
,Download PDF dalla sezione Cedolini,25-OCT-24 08.47.14.540000 AM
,Dettaglio elenco Cedolini e CU disponibili al download,25-OCT-24 08.50.20.610000 AM
7763.0,HR/Normal user tries to update the answer,25-OCT-24 09.04.23.187000 AM
6190.0,Dettaglio elenco Cedolini e CU disponibili al download,18-OCT-24 08.51.27.576000 AM
5749.0,Normal user assign new grade for the child while creating a request,04-OCT-24 09.53.08.303000 AM
7068.0,Normal / HR user updates the answer,04-OCT-24 08.54.22.275000 AM
7068.0,Download PDF dalla sezione Cedolini,04-OCT-24 09.00.21.614000 AM
7068.0,Dettaglio elenco Cedolini e CU disponibili al download,04-OCT-24 09.00.13.660000 AM
9077.0,HR/Normal user tries to update the answer,04-OCT-24 08.56.13.200000 AM
,Download PDF dalla sezione Cedolini,25-OCT-24 09.54.53.616000 AM
,Download PDF dalla sezione Cedolini,28-OCT-24 09.22.25.396000 AM
7377.0,HR/Normal user tries to update the answer,05-OCT-24 04.14.30.544000 PM
5196.0,Normal user assign new grade for the child while creating a request,04-OCT-24 07.22.26.863000 AM
15772.0,HR/Normal user tries to update the answer,04-OCT-24 07.57.32.553000 AM
6489.0,Normal user enters the Provvidenza Figli page,04-OCT-24 08.38.23.294000 AM
5527.0,HR/Normal user tries to update the answer,08-OCT-24 10.12.46.251000 AM
,Dettaglio elenco Cedolini e CU disponibili al download,24-OCT-24 05.15.48.108000 PM
6869.0,HR/Normal user tries to update the answer,04-OCT-24 08.10.25.049000 AM
7477.0,Normal user tries to create new Provvidenza request for a child,08-OCT-24 09.27.43.488000 AM
6162.0,Normal user tries to create new Provvidenza request for a child,04-OCT-24 08.06.21.264000 AM
7672.0,HR/Normal user tries to update the answer,28-OCT-24 09.19.18.896000 AM
,Lettura e accettazione dell'accordo di smartworking,04-OCT-24 08.42.37.240000 AM
6014.0,HR/Normal user tries to update the answer,04-OCT-24 08.17.25.849000 AM
6908.0,HR/Normal user tries to update the answer,04-OCT-24 08.32.01.655000 AM
,Download PDF dalla sezione Cedolini,04-OCT-24 02.49.16.627000 PM
7978.0,Dettaglio elenco Cedolini e CU disponibili al download,04-OCT-24 08.18.41.699000 AM
,Download PDF dalla sezione Cedolini,25-OCT-24 04.58.00.817000 PM
11236.0,HR/Normal user tries to update the answer,04-OCT-24 08.30.27.661000 AM
,Download PDF dalla sezione Cedolini,10-OCT-24 02.38.10.778000 PM
13002927.0,Verifica possibilità di accesso a fondo pensione per Scelta Welfare,04-OCT-24 08.29.59.333000 AM
5913.0,HR/Normal user tries to update the answer,08-OCT-24 09.57.52.474000 AM
5744.0,Normal user assign new grade for the child while creating a request,04-OCT-24 08.24.07.372000 AM
6376.0,Normal user enters the Provvidenza Figli page,04-OCT-24 07.28.26.472000 AM
9061.0,HR/Normal user tries to update the answer,04-OCT-24 08.22.56.274000 AM
15772.0,Normal user assign new grade for the child while creating a request,04-OCT-24 07.56.58.428000 AM
5636.0,HR/Normal user tries to update the answer,04-OCT-24 08.18.35.998000 AM
6906.0,Dettaglio elenco Cedolini e CU disponibili al download,22-OCT-24 10.49.14.994000 AM
6194.0,Normal user enters the Provvidenza Figli page,04-OCT-24 08.43.11.289000 AM
8194.0,Dettaglio elenco Cedolini e CU disponibili al download,25-OCT-24 03.41.58.404000 PM
,Download PDF dalla sezione Cedolini,25-OCT-24 03.44.57.771000 PM
13000916.0,Normal user tries to create new Provvidenza request for a child,08-OCT-24 09.48.48.789000 AM
7262.0,HR/Normal user tries to update the answer,04-OCT-24 02.42.45.144000 PM
7427.0,Normal user tries to create new Provvidenza request for a child,04-OCT-24 02.37.01.029000 PM
6734.0,Normal user tries to create new Provvidenza request for a child,04-OCT-24 08.39.44.929000 AM
7427.0,HR/Normal user tries to update the answer,04-OCT-24 02.37.04.689000 PM
7088.0,HR/Normal user tries to update the answer,04-OCT-24 08.22.52.072000 AM
17160.0,Dettaglio elenco Cedolini e CU disponibili al download,25-OCT-24 04.30.11.895000 PM
6389.0,HR/Normal user tries to update the answer,08-OCT-24 10.37.09.182000 AM
5982.0,Normal user tries to create new Provvidenza request for a child,04-OCT-24 08.39.30.294000 AM
,Dettaglio elenco Cedolini e CU disponibili al download,04-OCT-24 02.28.53.152000 PM
6162.0,Normal user assign new grade for the child while creating a request,04-OCT-24 08.06.21.415000 AM
8189.0,HR/Normal user tries to update the answer,10-OCT-24 02.46.44.169000 PM
7059.0,HR/Normal user tries to update the answer,10-OCT-24 02.48.11.487000 PM
6908.0,HR/Normal user tries to update the answer,04-OCT-24 08.31.07.860000 AM
7743.0,Normal user enters the Provvidenza Figli page,08-OCT-24 10.34.00.367000 AM
7743.0,Normal user assign new grade for the child while creating a request,08-OCT-24 10.33.08.900000 AM
,Dettaglio elenco Cedolini e CU disponibili al download,04-OCT-24 02.56.07.530000 PM
13001727.0,HR/Normal user tries to update the answer,08-OCT-24 09.27.28.115000 AM
7427.0,HR/Normal user tries to update the answer,04-OCT-24 02.36.17.558000 PM
6394.0,Normal user enters the Provvidenza Figli page,08-OCT-24 03.41.28.220000 PM
,Dettaglio elenco Cedolini e CU disponibili al download,25-OCT-24 05.09.17.208000 PM
,Download PDF dalla sezione Cedolini,28-OCT-24 09.20.35.523000 AM
,Dettaglio elenco Cedolini e CU disponibili al download,04-OCT-24 08.32.46.450000 AM
5744.0,Normal user assign new grade for the child while creating a request,04-OCT-24 08.22.36.387000 AM
7262.0,Normal user tries to create new Provvidenza request for a child,04-OCT-24 02.42.32.952000 PM
5488.0,Normal user enters the Provvidenza Figli page,04-OCT-24 08.43.13.433000 AM
5527.0,Normal user assign new grade for the child while creating a request,08-OCT-24 10.11.02.898000 AM
5913.0,HR/Normal user tries to update the answer,08-OCT-24 09.57.38.358000 AM
,Dettaglio elenco Cedolini e CU disponibili al download,25-OCT-24 04.57.46.591000 PM
6376.0,Normal user enters the Provvidenza Figli page,04-OCT-24 07.29.26.577000 AM
6376.0,HR/Normal user tries to update the answer,04-OCT-24 07.29.45.302000 AM
7743.0,Normal user assign new grade for the child while creating a request,08-OCT-24 10.33.43.868000 AM
,Dettaglio elenco Cedolini e CU disponibili al download,04-OCT-24 03.18.24.800000 PM
7035.0,Normal user tries to create new Provvidenza request for a child,08-OCT-24 09.25.23.061000 AM
,Dettaglio elenco Cedolini e CU disponibili al download,25-OCT-24 03.46.59.610000 PM
,Dettaglio elenco Cedolini e CU disponibili al download,04-OCT-24 03.21.07.644000 PM
13002342.0,HR/Normal user tries to update the answer,04-OCT-24 08.33.11.517000 AM
13002845.0,Verifica possibilità di accesso a fondo pensione per Scelta Welfare,08-OCT-24 10.08.49.917000 AM
,Dettaglio elenco Cedolini e CU disponibili al download,29-OCT-24 03.45.58.430000 PM
6869.0,Normal user enters the Provvidenza Figli page,04-OCT-24 08.10.04.778000 AM
6199.0,Normal user enters the Provvidenza Figli page,11-OCT-24 03.53.20.556000 PM
13002184.0,Normal user update grade for a child,04-OCT-24 02.11.44.623000 PM
5568.0,HR/Normal user tries to update the answer,04-OCT-24 03.31.49.082000 PM
,Dettaglio elenco Cedolini e CU disponibili al download,29-OCT-24 04.24.45.896000 PM
7262.0,HR/Normal user tries to update the answer,04-OCT-24 02.41.32.057000 PM
,Download PDF dalla sezione Cedolini,25-OCT-24 04.35.25.918000 PM
5527.0,HR tried to update grade,08-OCT-24 10.08.28.966000 AM
7626.0,Normal user enters the Provvidenza Figli page,21-OCT-24 02.12.08.217000 PM
15308.0,HR/Normal user tries to update the answer,04-OCT-24 03.19.43.620000 PM
,Dettaglio elenco Cedolini e CU disponibili al download,25-OCT-24 04.29.19.690000 PM
7071.0,HR/Normal user tries to update the answer,03-OCT-24 04.25.39.235000 PM
5552.0,HR/Normal user tries to update the answer,21-OCT-24 10.06.19.467000 AM
,Download PDF dalla sezione Cedolini,29-OCT-24 03.21.17.916000 PM
15319.0,Normal user tries to create new Provvidenza request for a child,04-OCT-24 03.14.41.093000 PM
6900.0,HR/Normal user tries to update the answer,04-OCT-24 03.40.18.003000 PM
6900.0,HR/Normal user tries to update the answer,04-OCT-24 03.39.37.465000 PM
8077.0,Normal user enters the Provvidenza Figli page,07-OCT-24 09.08.32.232000 AM
6626.0,HR/Normal user tries to update the answer,07-OCT-24 10.00.23.746000 AM
,Download PDF dalla sezione Cedolini,04-OCT-24 03.33.21.988000 PM
5980.0,Normal user assign new grade for the child while creating a request,04-OCT-24 04.11.11.453000 PM
6723.0,HR/Normal user tries to update the answer,26-OCT-24 10.35.20.681000 AM
16429.0,Recupero dettagli utente per Scelta orario di lavoro,15-OCT-24 04.30.27.476000 PM
6723.0,HR/Normal user tries to update the answer,26-OCT-24 10.35.46.647000 AM
,Dettaglio elenco Cedolini e CU disponibili al download,15-OCT-24 04.00.12.493000 PM
7658.0,HR/Normal user tries to update the answer,07-OCT-24 09.28.24.041000 AM
7628.0,HR/Normal user tries to update the answer,07-OCT-24 09.11.50.920000 AM
5188.0,Normal user update grade for a child,07-OCT-24 09.39.36.913000 AM
,Dettaglio elenco Cedolini e CU disponibili al download,29-OCT-24 03.33.49.830000 PM
7628.0,Normal user enters the Provvidenza Figli page,07-OCT-24 09.11.41.669000 AM
13002570.0,HR/Normal user tries to update the answer,17-OCT-24 12.28.01.596000 PM
7762.0,HR/Normal user tries to update the answer,07-OCT-24 09.58.49.403000 AM
7628.0,Normal user tries to create new Provvidenza request for a child,07-OCT-24 09.11.45.567000 AM
7605.0,HR/Normal user tries to update the answer,04-OCT-24 01.43.14.086000 PM
7658.0,Normal user update grade for a child,07-OCT-24 09.28.21.603000 AM
13002184.0,HR/Normal user tries to update the answer,04-OCT-24 02.13.14.300000 PM
,Download PDF dalla sezione Cedolini,29-OCT-24 03.52.35.762000 PM
6632.0,Normal user assign new grade for the child while creating a request,10-OCT-24 05.49.00.107000 PM
6525.0,HR/Normal user tries to update the answer,07-OCT-24 09.41.43.949000 AM
6723.0,Normal user assign new grade for the child while creating a request,26-OCT-24 10.35.43.544000 AM
13002184.0,Normal user assign new grade for the child while creating a request,04-OCT-24 02.10.01.834000 PM
6199.0,Normal user enters the Provvidenza Figli page,17-OCT-24 12.45.01.473000 PM
6199.0,Normal user enters the Provvidenza Figli page,10-OCT-24 05.22.12.550000 PM
,Dettaglio elenco Cedolini e CU disponibili al download,15-OCT-24 09.01.42.194000 AM
5864.0,Normal user tries to create new Provvidenza request for a child,10-OCT-24 06.29.21.427000 PM
6626.0,HR/Normal user tries to update the answer,07-OCT-24 10.00.12.209000 AM
,Dettaglio elenco Cedolini e CU disponibili al download,28-OCT-24 07.44.17.111000 AM
17324.0,Normal user assign new grade for the child while creating a request,03-OCT-24 02.14.29.937000 PM
7123.0,Normal user enters the Provvidenza Figli page,03-OCT-24 01.56.11.146000 PM
7605.0,Normal user tries to create new Provvidenza request for a child,04-OCT-24 01.43.00.355000 PM
9403.0,Normal user assign new grade for the child while creating a request,03-OCT-24 01.38.43.558000 PM
6147.0,Normal user enters the Provvidenza Figli page,07-OCT-24 09.52.05.963000 AM
5694.0,Normal user enters the Provvidenza Figli page,03-OCT-24 02.07.46.965000 PM
7452.0,Recupero dettagliutente per Scelta Welfare,29-OCT-24 02.24.45.497000 PM
16983.0,Recupero dettagliutente per Scelta Welfare,21-OCT-24 02.58.33.809000 PM
5899.0,Normal user assign new grade for the child while creating a request,14-OCT-24 02.13.12.139000 PM
6131.0,HR/Normal user tries to update the answer,03-OCT-24 01.40.32.451000 PM
8516.0,HR/Normal user tries to update the answer,03-OCT-24 02.23.46.815000 PM
5659.0,Normal user assign new grade for the child while creating a request,03-OCT-24 02.20.23.956000 PM
5978.0,HR tried to update grade,03-OCT-24 02.07.30.800000 PM
7165.0,HR/Normal user tries to update the answer,03-OCT-24 02.16.25.766000 PM
6246.0,Normal user tries to create new Provvidenza request for a child,03-OCT-24 01.50.46.784000 PM
7876.0,HR/Normal user tries to update the answer,03-OCT-24 01.50.53.082000 PM
,Download PDF dalla sezione Cedolini,03-OCT-24 02.09.28.458000 PM
6926.0,Normal user enters the Provvidenza Figli page,03-OCT-24 01.49.10.356000 PM
16805.0,HR/Normal user tries to update the answer,03-OCT-24 01.41.03.602000 PM
13001862.0,Normal user enters the Provvidenza Figli page,03-OCT-24 02.27.40.219000 PM
13000322.0,Normal user assign new grade for the child while creating a request,03-OCT-24 01.42.50.993000 PM
7193.0,HR/Normal user tries to update the answer,03-OCT-24 02.36.18.317000 PM
,Dettaglio elenco Cedolini e CU disponibili al download,03-OCT-24 02.05.36.205000 PM
6827.0,Recupero dettagliutente per Scelta Welfare,03-OCT-24 02.07.11.103000 PM
5689.0,Normal user assign new grade for the child while creating a request,03-OCT-24 02.15.54.098000 PM
5484.0,HR/Normal user tries to update the answer,03-OCT-24 02.21.58.685000 PM
6813.0,Normal user assign new grade for the child while creating a request,03-OCT-24 02.54.42.977000 PM
13002184.0,HR/Normal user tries to update the answer,04-OCT-24 02.11.59.926000 PM
,Dettaglio elenco Cedolini e CU disponibili al download,28-OCT-24 07.43.52.681000 AM
6016.0,HR/Normal user tries to update the answer,03-OCT-24 02.01.03.183000 PM
5920.0,Normal user assign new grade for the child while creating a request,03-OCT-24 02.24.28.803000 PM
7900.0,HR/Normal user tries to update the answer,14-OCT-24 03.08.05.156000 PM
6553.0,HR/Normal user tries to update the answer,03-OCT-24 02.37.48.353000 PM
7926.0,HR/Normal user tries to update the answer,03-OCT-24 02.35.58.629000 PM
13002935.0,Normal user enters the Provvidenza Figli page,03-OCT-24 02.06.12.270000 PM
6770.0,HR/Normal user tries to update the answer,03-OCT-24 02.29.54.479000 PM
6736.0,HR/Normal user tries to update the answer,03-OCT-24 02.06.41.421000 PM
7563.0,HR/Normal user tries to update the answer,21-OCT-24 02.40.40.236000 PM
7563.0,HR/Normal user tries to update the answer,21-OCT-24 02.40.27.699000 PM
6167.0,Normal user enters the Provvidenza Figli page,03-OCT-24 02.53.28.013000 PM
8226.0,Normal user assign new grade for the child while creating a request,07-OCT-24 09.00.38.975000 AM
6519.0,HR/Normal user tries to update the answer,03-OCT-24 02.48.29.180000 PM
6383.0,Normal user enters the Provvidenza Figli page,03-OCT-24 02.38.45.785000 PM
6617.0,HR/Normal user tries to update the answer,03-OCT-24 02.36.34.259000 PM
16786.0,HR/Normal user tries to update the answer,03-OCT-24 01.49.42.381000 PM
8277.0,Normal user assign new grade for the child while creating a request,03-OCT-24 02.40.36.607000 PM
8287.0,Normal user enters the Provvidenza Figli page,03-OCT-24 02.34.00.113000 PM
,Dettaglio elenco Cedolini e CU disponibili al download,03-OCT-24 02.35.04.358000 PM
7733.0,Normal user enters the Provvidenza Figli page,03-OCT-24 02.39.50.404000 PM
6970.0,Normal user tries to create new Provvidenza request for a child,03-OCT-24 02.23.03.236000 PM
7262.0,Normal user assign new grade for the child while creating a request,04-OCT-24 02.42.33.077000 PM
7733.0,Normal user tries to create new Provvidenza request for a child,03-OCT-24 02.36.21.684000 PM
5643.0,HR/Normal user tries to update the answer,03-OCT-24 02.51.55.831000 PM
5764.0,Normal user enters the Provvidenza Figli page,03-OCT-24 01.57.27.686000 PM
9097.0,HR/Normal user tries to update the answer,03-OCT-24 01.57.47.375000 PM
8516.0,HR/Normal user tries to update the answer,03-OCT-24 02.23.04.022000 PM
7040.0,HR/Normal user tries to update the answer,03-OCT-24 02.06.28.227000 PM
,Dettaglio elenco Cedolini e CU disponibili al download,03-OCT-24 02.44.19.624000 PM
6009.0,Normal user tries to create new Provvidenza request for a child,03-OCT-24 02.35.53.237000 PM
7262.0,HR/Normal user tries to update the answer,04-OCT-24 02.41.35.823000 PM
13000214.0,HR/Normal user tries to update the answer,10-OCT-24 05.57.45.106000 PM
7212.0,Normal user enters the Provvidenza Figli page,10-OCT-24 12.40.38.847000 PM
5616.0,Normal / HR user updates the answer,03-OCT-24 02.34.29.042000 PM
6601.0,HR/Normal user tries to update the answer,03-OCT-24 02.51.58.847000 PM
8091.0,Normal user tries to create new Provvidenza request for a child,03-OCT-24 02.30.29.295000 PM
8330.0,Normal user enters the Provvidenza Figli page,03-OCT-24 02.20.47.458000 PM
7689.0,HR/Normal user tries to update the answer,03-OCT-24 02.32.21.198000 PM
5764.0,Normal user assign new grade for the child while creating a request,03-OCT-24 01.57.31.435000 PM
5651.0,Normal user enters the Provvidenza Figli page,03-OCT-24 02.47.02.922000 PM
6154.0,HR/Normal user tries to update the answer,03-OCT-24 02.34.26.809000 PM
6400.0,Normal user enters the Provvidenza Figli page,10-OCT-24 12.22.11.425000 PM
7237.0,HR/Normal user tries to update the answer,03-OCT-24 01.46.54.059000 PM
19217.0,HR/Normal user tries to update the answer,03-OCT-24 02.28.28.813000 PM
6790.0,HR/Normal user tries to update the answer,03-OCT-24 02.49.59.362000 PM
5612.0,HR/Normal user tries to update the answer,03-OCT-24 02.42.55.151000 PM
5409.0,HR/Normal user tries to update the answer,03-OCT-24 01.58.47.193000 PM
5740.0,Normal user assign new grade for the child while creating a request,03-OCT-24 02.06.22.051000 PM
5864.0,HR/Normal user tries to update the answer,10-OCT-24 06.29.25.448000 PM
13002717.0,Normal user tries to create new Provvidenza request for a child,03-OCT-24 01.46.43.468000 PM
7539.0,HR/Normal user tries to update the answer,03-OCT-24 01.48.14.988000 PM
5918.0,HR/Normal user tries to update the answer,03-OCT-24 01.55.40.982000 PM
6952.0,HR/Normal user tries to update the answer,03-OCT-24 02.04.31.959000 PM
5659.0,HR/Normal user tries to update the answer,03-OCT-24 02.19.24.627000 PM
8031.0,Normal user assign new grade for the child while creating a request,03-OCT-24 02.52.39.069000 PM
13000695.0,HR/Normal user tries to update the answer,03-OCT-24 02.38.17.448000 PM
7782.0,Normal user enters the Provvidenza Figli page,03-OCT-24 02.15.35.134000 PM
9543.0,HR/Normal user tries to update the answer,03-OCT-24 01.41.11.327000 PM
6794.0,Normal user tries to create new Provvidenza request for a child,03-OCT-24 01.46.20.133000 PM
6815.0,HR/Normal user tries to update the answer,03-OCT-24 02.27.07.652000 PM
7361.0,Normal user tries to create new Provvidenza request for a child,16-OCT-24 11.55.04.890000 AM
,Dettaglio elenco Cedolini e CU disponibili al download,14-OCT-24 03.39.21.160000 PM
7616.0,HR/Normal user tries to update the answer,04-OCT-24 02.19.53.000000 PM
6787.0,Normal user tries to create new Provvidenza request for a child,03-OCT-24 01.44.26.493000 PM
,Dettaglio elenco Cedolini e CU disponibili al download,14-OCT-24 03.57.58.919000 PM
5484.0,HR/Normal user tries to update the answer,03-OCT-24 02.22.46.893000 PM
6736.0,Normal user enters the Provvidenza Figli page,03-OCT-24 02.07.30.158000 PM
5918.0,Normal user assign new grade for the child while creating a request,03-OCT-24 01.55.18.581000 PM
5619.0,HR/Normal user tries to update the answer,03-OCT-24 02.25.32.200000 PM
,Download PDF dalla sezione Cedolini,01-OCT-24 06.04.26.412000 PM
5409.0,Normal user enters the Provvidenza Figli page,03-OCT-24 01.58.15.611000 PM
6393.0,HR/Normal user tries to update the answer,03-OCT-24 01.58.12.308000 PM
5185.0,HR/Normal user tries to update the answer,03-OCT-24 02.19.55.493000 PM
6225.0,Normal user enters the Provvidenza Figli page,03-OCT-24 02.50.53.714000 PM
17648.0,HR/Normal user tries to update the answer,03-OCT-24 02.04.02.225000 PM
6827.0,Normal user enters the Provvidenza Figli page,03-OCT-24 02.07.52.130000 PM
8516.0,Normal user tries to create new Provvidenza request for a child,03-OCT-24 02.23.39.775000 PM
6817.0,Normal user enters the Provvidenza Figli page,03-OCT-24 02.05.23.504000 PM
5708.0,HR/Normal user tries to update the answer,03-OCT-24 02.52.25.952000 PM
6096.0,Normal user assign new grade for the child while creating a request,03-OCT-24 02.35.27.681000 PM
7828.0,Normal user enters the Provvidenza Figli page,03-OCT-24 02.19.06.252000 PM
8866.0,HR/Normal user tries to update the answer,03-OCT-24 02.01.28.297000 PM
7425.0,Normal user assign new grade for the child while creating a request,03-OCT-24 02.37.43.864000 PM
7224.0,Normal user enters the Provvidenza Figli page,03-OCT-24 02.39.46.731000 PM
5528.0,Normal user assign new grade for the child while creating a request,03-OCT-24 02.54.29.307000 PM
5336.0,Normal user enters the Provvidenza Figli page,03-OCT-24 02.35.39.039000 PM
7224.0,Normal user tries to create new Provvidenza request for a child,03-OCT-24 02.40.23.485000 PM
6154.0,HR/Normal user tries to update the answer,03-OCT-24 02.34.37.944000 PM
5185.0,HR/Normal user tries to update the answer,03-OCT-24 02.20.09.180000 PM
8866.0,HR/Normal user tries to update the answer,03-OCT-24 02.02.01.204000 PM
6238.0,HR/Normal user tries to update the answer,03-OCT-24 02.03.58.908000 PM
7237.0,Normal user enters the Provvidenza Figli page,03-OCT-24 01.47.40.261000 PM
9097.0,HR/Normal user tries to update the answer,03-OCT-24 01.57.54.579000 PM
5775.0,Normal user enters the Provvidenza Figli page,03-OCT-24 02.20.43.835000 PM
5290.0,HR/Normal user tries to update the answer,03-OCT-24 02.53.44.286000 PM
5361.0,Normal user tries to create new Provvidenza request for a child,09-OCT-24 01.07.22.175000 PM
7733.0,Normal user enters the Provvidenza Figli page,03-OCT-24 02.39.19.633000 PM
13000695.0,Normal user tries to create new Provvidenza request for a child,03-OCT-24 02.38.00.133000 PM
6006.0,Normal user assign new grade for the child while creating a request,03-OCT-24 01.46.37.853000 PM
13000881.0,HR/Normal user tries to update the answer,04-OCT-24 01.53.44.616000 PM
5708.0,Normal user enters the Provvidenza Figli page,03-OCT-24 02.52.56.395000 PM
7427.0,Normal user assign new grade for the child while creating a request,04-OCT-24 02.37.27.790000 PM
7689.0,Normal user tries to create new Provvidenza request for a child,03-OCT-24 02.31.35.385000 PM
6519.0,Normal user enters the Provvidenza Figli page,03-OCT-24 02.48.47.542000 PM
6081.0,HR/Normal user tries to update the answer,03-OCT-24 02.31.44.299000 PM
16385.0,Normal user assign new grade for the child while creating a request,03-OCT-24 02.41.08.181000 PM
6952.0,Normal user tries to create new Provvidenza request for a child,03-OCT-24 02.06.49.068000 PM
,Dettaglio elenco Cedolini e CU disponibili al download,28-OCT-24 02.33.13.591000 PM
8079.0,Normal user enters the Provvidenza Figli page,03-OCT-24 02.22.27.378000 PM
6251.0,Dettaglio elenco Cedolini e CU disponibili al download,28-OCT-24 03.21.13.167000 PM
6770.0,HR/Normal user tries to update the answer,03-OCT-24 02.30.01.025000 PM
5481.0,HR/Normal user tries to update the answer,03-OCT-24 02.27.14.847000 PM
7470.0,Normal / HR user updates the answer,03-OCT-24 02.39.02.094000 PM
6770.0,Normal user enters the Provvidenza Figli page,03-OCT-24 02.28.44.691000 PM
7485.0,HR/Normal user tries to update the answer,03-OCT-24 02.42.47.387000 PM
13002479.0,HR/Normal user tries to update the answer,03-OCT-24 02.18.43.366000 PM
6770.0,Normal user tries to create new Provvidenza request for a child,03-OCT-24 02.29.46.330000 PM
5689.0,HR/Normal user tries to update the answer,03-OCT-24 02.15.29.280000 PM
7782.0,HR/Normal user tries to update the answer,03-OCT-24 02.15.42.647000 PM
17324.0,Normal user enters the Provvidenza Figli page,03-OCT-24 02.14.04.931000 PM
,Dettaglio elenco Cedolini e CU disponibili al download,03-OCT-24 02.43.08.010000 PM
10678.0,Normal user enters the Provvidenza Figli page,03-OCT-24 02.43.23.176000 PM
6378.0,HR/Normal user tries to update the answer,03-OCT-24 02.44.11.102000 PM
6582.0,Normal / HR user updates the answer,03-OCT-24 02.02.52.696000 PM
6144.0,HR/Normal user tries to update the answer,03-OCT-24 02.19.34.166000 PM
7248.0,HR/Normal user tries to update the answer,03-OCT-24 02.04.15.747000 PM
6089.0,HR/Normal user tries to update the answer,04-OCT-24 08.48.17.516000 AM
6154.0,HR/Normal user tries to update the answer,03-OCT-24 02.34.29.953000 PM
7302.0,HR/Normal user tries to update the answer,03-OCT-24 02.39.41.874000 PM
6009.0,Normal user enters the Provvidenza Figli page,03-OCT-24 02.35.48.598000 PM
13001231.0,Normal user tries to create new Provvidenza request for a child,03-OCT-24 01.40.00.202000 PM
5616.0,HR/Normal user tries to update the answer,03-OCT-24 02.33.53.620000 PM
6089.0,HR/Normal user tries to update the answer,04-OCT-24 08.46.33.122000 AM
7984.0,Normal user enters the Provvidenza Figli page,04-OCT-24 09.01.17.526000 AM
6021.0,HR/Normal user tries to update the answer,03-OCT-24 02.19.08.580000 PM
5501.0,HR/Normal user tries to update the answer,03-OCT-24 02.45.34.127000 PM
7267.0,HR/Normal user tries to update the answer,04-OCT-24 09.00.38.175000 AM
7989.0,HR/Normal user tries to update the answer,03-OCT-24 02.28.45.797000 PM
6823.0,HR/Normal user tries to update the answer,03-OCT-24 02.28.07.842000 PM
6149.0,HR/Normal user tries to update the answer,03-OCT-24 02.37.33.069000 PM
6595.0,Normal user tries to create new Provvidenza request for a child,04-OCT-24 09.12.12.641000 AM
6680.0,HR/Normal user tries to update the answer,04-OCT-24 09.50.45.996000 AM
7224.0,HR/Normal user tries to update the answer,03-OCT-24 02.42.39.673000 PM
7640.0,Normal user tries to create new Provvidenza request for a child,03-OCT-24 02.41.05.069000 PM
6595.0,Normal user assign new grade for the child while creating a request,04-OCT-24 09.12.12.808000 AM
13001184.0,Normal user enters the Provvidenza Figli page,18-OCT-24 04.07.05.031000 PM
5725.0,Normal user tries to create new Provvidenza request for a child,03-OCT-24 02.00.31.133000 PM
13001053.0,HR/Normal user tries to update the answer,03-OCT-24 01.43.15.336000 PM
6527.0,HR/Normal user tries to update the answer,03-OCT-24 02.10.18.022000 PM
,Dettaglio elenco Cedolini e CU disponibili al download,28-OCT-24 02.41.00.351000 PM
6359.0,HR/Normal user tries to update the answer,04-OCT-24 09.25.02.793000 AM
6150.0,HR/Normal user tries to update the answer,03-OCT-24 02.21.59.888000 PM
,Dettaglio elenco Cedolini e CU disponibili al download,18-OCT-24 04.10.51.887000 PM
,Dettaglio elenco Cedolini e CU disponibili al download,28-OCT-24 03.05.03.755000 PM
7267.0,Normal user assign new grade for the child while creating a request,04-OCT-24 09.00.23.989000 AM
8314.0,Normal user enters the Provvidenza Figli page,04-OCT-24 09.23.20.562000 AM
5708.0,HR/Normal user tries to update the answer,03-OCT-24 02.52.16.132000 PM
7059.0,Normal user tries to create new Provvidenza request for a child,04-OCT-24 09.17.48.997000 AM
6017.0,Normal user enters the Provvidenza Figli page,03-OCT-24 02.52.23.265000 PM
6226.0,Normal user enters the Provvidenza Figli page,03-OCT-24 02.38.42.750000 PM
7267.0,Normal user enters the Provvidenza Figli page,04-OCT-24 09.01.29.270000 AM
7430.0,HR/Normal user tries to update the answer,03-OCT-24 02.45.09.730000 PM
13000159.0,Normal user update grade for a child,04-OCT-24 08.46.37.200000 AM
5672.0,HR/Normal user tries to update the answer,03-OCT-24 02.36.13.026000 PM
13002974.0,Recupero dettagli utente per Scelta orario di lavoro,18-OCT-24 04.57.07.624000 PM
,Dettaglio elenco Cedolini e CU disponibili al download,16-OCT-24 08.28.42.031000 AM
7267.0,HR/Normal user tries to update the answer,04-OCT-24 09.00.29.651000 AM
7068.0,HR/Normal user tries to update the answer,04-OCT-24 08.54.20.397000 AM
13001184.0,HR/Normal user tries to update the answer,18-OCT-24 04.06.05.654000 PM
8277.0,Normal user enters the Provvidenza Figli page,03-OCT-24 02.41.10.925000 PM
5404.0,Verifica possibilità di accesso a fondo pensione per Scelta Welfare,03-OCT-24 02.45.39.048000 PM
6823.0,HR/Normal user tries to update the answer,03-OCT-24 02.28.10.136000 PM
13002978.0,Normal user enters the Provvidenza Figli page,28-OCT-24 03.19.09.806000 PM
9223.0,Normal user update grade for a child,03-OCT-24 02.07.24.916000 PM
7470.0,Normal / HR user updates the answer,03-OCT-24 02.41.16.539000 PM
17597.0,Recupero dettagliutente per Scelta Welfare,28-OCT-24 03.05.07.395000 PM
19217.0,HR/Normal user tries to update the answer,03-OCT-24 02.28.35.332000 PM
,Dettaglio elenco Cedolini e CU disponibili al download,28-OCT-24 03.22.49.673000 PM
6910.0,HR/Normal user tries to update the answer,09-OCT-24 12.38.31.105000 PM
9093.0,HR/Normal user tries to update the answer,04-OCT-24 09.34.34.156000 AM
7068.0,HR/Normal user tries to update the answer,04-OCT-24 08.55.20.208000 AM
16672.0,HR/Normal user tries to update the answer,09-OCT-24 03.23.00.483000 PM
6002.0,Normal user enters the Provvidenza Figli page,04-OCT-24 09.15.36.300000 AM
6422.0,Normal user enters the Provvidenza Figli page,09-OCT-24 04.24.49.669000 PM
13001184.0,Normal user assign new grade for the child while creating a request,18-OCT-24 04.02.15.068000 PM
,Download PDF dalla sezione Cedolini,09-OCT-24 12.20.26.011000 PM
13001184.0,Normal user enters the Provvidenza Figli page,18-OCT-24 04.02.40.506000 PM
8260.0,HR/Normal user tries to update the answer,04-OCT-24 09.18.16.131000 AM
14431.0,Normal user assign new grade for the child while creating a request,04-OCT-24 09.18.09.202000 AM
8085.0,Normal user enters the Provvidenza Figli page,04-OCT-24 08.47.03.793000 AM
6050.0,Recupero dettagliutente per Scelta Welfare,15-OCT-24 09.13.36.950000 AM
18291.0,Normal user enters the Provvidenza Figli page,04-OCT-24 09.24.03.247000 AM
16317.0,Recupero dettagli utente per Scelta orario di lavoro,22-OCT-24 11.40.37.893000 AM
15452.0,HR/Normal user tries to update the answer,04-OCT-24 09.01.04.601000 AM
7446.0,Normal user enters the Provvidenza Figli page,08-OCT-24 08.13.12.228000 AM
5240.0,HR/Normal user tries to update the answer,04-OCT-24 08.54.29.968000 AM
,Download PDF dalla sezione Cedolini,24-OCT-24 05.33.03.708000 PM
5350.0,Normal user assign new grade for the child while creating a request,04-OCT-24 09.15.23.740000 AM
6078.0,HR/Normal user tries to update the answer,04-OCT-24 09.37.23.377000 AM
13001184.0,HR/Normal user tries to update the answer,18-OCT-24 04.06.00.775000 PM
15690.0,HR/Normal user tries to update the answer,04-OCT-24 09.47.41.558000 AM
9117.0,Verifica possibilità di accesso a fondo pensione per Scelta Welfare,09-OCT-24 12.36.24.510000 PM
,Dettaglio elenco Cedolini e CU disponibili al download,04-OCT-24 09.08.30.325000 AM
,Download PDF dalla sezione Cedolini,24-OCT-24 09.25.09.249000 AM
7877.0,HR/Normal user tries to update the answer,04-OCT-24 05.10.01.250000 PM
6172.0,Recupero dettagliutente per Scelta Welfare,28-OCT-24 02.08.00.028000 PM
15649.0,Normal user enters the Provvidenza Figli page,24-OCT-24 09.58.32.472000 AM
13002928.0,Recupero dettagli utente per invio adesione Fondo Nazionale,04-OCT-24 08.52.45.993000 AM
6924.0,HR/Normal user tries to update the answer,08-OCT-24 05.10.50.496000 PM
7201.0,HR/Normal user tries to update the answer,04-OCT-24 09.00.54.961000 AM
15690.0,HR/Normal user tries to update the answer,04-OCT-24 09.47.49.931000 AM
7720.0,Normal user enters the Provvidenza Figli page,04-OCT-24 09.11.58.758000 AM
,Download PDF dalla sezione Cedolini,24-OCT-24 09.54.35.822000 AM
7506.0,Normal user tries to create new Provvidenza request for a child,06-OCT-24 08.11.54.702000 PM
5758.0,Normal user assign new grade for the child while creating a request,07-OCT-24 10.27.54.791000 AM
,Dettaglio elenco Cedolini e CU disponibili al download,29-OCT-24 05.18.54.805000 PM
6745.0,Normal user tries to create new Provvidenza request for a child,03-OCT-24 08.15.54.262000 PM
6598.0,Normal user enters the Provvidenza Figli page,07-OCT-24 10.29.20.230000 AM
13002408.0,Verifica possibilità di accesso a fondo pensione per Scelta Welfare,29-OCT-24 05.23.21.988000 PM
,Dettaglio elenco Cedolini e CU disponibili al download,24-OCT-24 05.51.13.024000 PM
,Dettaglio elenco Cedolini e CU disponibili al download,30-OCT-24 05.35.52.634000 PM
5831.0,HR/Normal user tries to update the answer,06-OCT-24 07.58.13.149000 PM
13001490.0,HR/Normal user tries to update the answer,04-OCT-24 05.25.08.317000 PM
15649.0,Normal user enters the Provvidenza Figli page,24-OCT-24 09.58.13.071000 AM
,Dettaglio elenco Cedolini e CU disponibili al download,25-OCT-24 06.05.37.406000 AM
6680.0,Normal user assign new grade for the child while creating a request,04-OCT-24 09.51.05.131000 AM
13002973.0,Normal user enters the Provvidenza Figli page,18-OCT-24 04.37.26.858000 PM
5678.0,Normal user enters the Provvidenza Figli page,07-OCT-24 10.40.42.176000 AM
5758.0,Normal / HR user updates the answer,07-OCT-24 10.28.06.755000 AM
16321.0,Normal user assign new grade for the child while creating a request,07-OCT-24 10.44.20.270000 AM
,Dettaglio elenco Cedolini e CU disponibili al download,31-OCT-24 05.53.36.764000 PM
5459.0,Normal user enters the Provvidenza Figli page,07-OCT-24 11.26.13.615000 AM
8438.0,Dettaglio elenco Cedolini e CU disponibili al download,05-OCT-24 07.38.34.406000 PM
,Download PDF dalla sezione Cedolini,24-OCT-24 05.57.14.020000 PM
,Dettaglio elenco Cedolini e CU disponibili al download,18-OCT-24 08.53.05.032000 AM
6174.0,Normal user enters the Provvidenza Figli page,07-OCT-24 10.55.15.472000 AM
8538.0,Dettaglio elenco Cedolini e CU disponibili al download,31-OCT-24 05.14.19.865000 PM
13001104.0,Verifica possibilità di accesso a fondo pensione per Scelta Welfare,29-OCT-24 05.11.39.010000 PM
15649.0,Normal user assign new grade for the child while creating a request,24-OCT-24 09.57.03.469000 AM
8245.0,HR/Normal user tries to update the answer,07-OCT-24 10.46.22.618000 AM
6598.0,Normal user tries to create new Provvidenza request for a child,07-OCT-24 10.30.05.327000 AM
7506.0,Normal user enters the Provvidenza Figli page,06-OCT-24 08.12.40.582000 PM
,Dettaglio elenco Cedolini e CU disponibili al download,21-OCT-24 09.19.21.660000 AM
6390.0,Normal user assign new grade for the child while creating a request,10-OCT-24 03.19.54.390000 PM
,Download PDF dalla sezione Cedolini,22-OCT-24 03.45.30.124000 PM
5690.0,HR/Normal user tries to update the answer,08-OCT-24 12.40.43.091000 PM
,Download PDF dalla sezione Cedolini,08-OCT-24 12.03.56.326000 PM
5828.0,Normal user enters the Provvidenza Figli page,07-OCT-24 10.49.46.342000 AM
,Download PDF dalla sezione Cedolini,16-OCT-24 05.34.26.737000 PM
,Download PDF dalla sezione Cedolini,16-OCT-24 05.39.40.800000 PM
,Download PDF dalla sezione Cedolini,23-OCT-24 10.02.10.497000 AM
9210.0,Dettaglio elenco Cedolini e CU disponibili al download,14-OCT-24 02.53.50.472000 PM
5690.0,HR/Normal user tries to update the answer,08-OCT-24 12.41.37.281000 PM
,Download PDF dalla sezione Cedolini,23-OCT-24 10.32.20.533000 AM
,Dettaglio elenco Cedolini e CU disponibili al download,17-OCT-24 09.49.18.350000 AM
,Dettaglio elenco Cedolini e CU disponibili al download,10-OCT-24 01.58.56.864000 PM
,Download PDF dalla sezione Cedolini,17-OCT-24 09.49.21.427000 AM
5690.0,Normal user assign new grade for the child while creating a request,08-OCT-24 12.39.30.625000 PM
17696.0,Recupero dettagli utente per Scelta orario di lavoro,17-OCT-24 10.36.38.934000 AM
6001.0,Normal user tries to create new Provvidenza request for a child,17-OCT-24 02.06.13.566000 PM
5878.0,Normal user tries to create new Provvidenza request for a child,17-OCT-24 10.24.46.178000 AM
,Dettaglio elenco Cedolini e CU disponibili al download,17-OCT-24 02.28.36.936000 PM
5980.0,Normal user enters the Provvidenza Figli page,10-OCT-24 02.15.51.233000 PM
5878.0,HR/Normal user tries to update the answer,17-OCT-24 10.24.54.634000 AM
15798.0,Dettaglio elenco Cedolini e CU disponibili al download,10-OCT-24 03.36.42.480000 PM
,Dettaglio elenco Cedolini e CU disponibili al download,28-OCT-24 12.33.07.296000 PM
17140.0,Download PDF dalla sezione Cedolini,28-OCT-24 12.35.00.528000 PM
,Dettaglio elenco Cedolini e CU disponibili al download,30-OCT-24 04.23.38.669000 PM
,Dettaglio elenco Cedolini e CU disponibili al download,10-OCT-24 03.53.14.062000 PM
,Dettaglio elenco Cedolini e CU disponibili al download,30-OCT-24 04.26.03.752000 PM
,Download PDF dalla sezione Cedolini,25-OCT-24 03.47.04.113000 PM
13002974.0,Normal user enters the Provvidenza Figli page,17-OCT-24 10.42.29.343000 AM
,Download PDF dalla sezione Cedolini,16-OCT-24 05.39.09.991000 PM
,A valid user enters the MIFID page details of the user would be logged,17-OCT-24 10.45.41.058000 AM
,Download PDF dalla sezione Cedolini,16-OCT-24 05.34.24.072000 PM
,Dettaglio elenco Cedolini e CU disponibili al download,30-OCT-24 04.45.33.494000 PM
5878.0,Normal user enters the Provvidenza Figli page,17-OCT-24 10.25.04.238000 AM
,Download PDF dalla sezione Cedolini,30-OCT-24 04.58.11.334000 PM
5827.0,Normal user update grade for a child,10-OCT-24 02.16.18.748000 PM
13002986.0,Verifica possibilità di accesso a fondo pensione per Scelta Welfare,29-OCT-24 05.30.29.985000 PM
,Download PDF dalla sezione Cedolini,17-OCT-24 10.27.07.297000 AM
5361.0,Normal user assign new grade for the child while creating a request,09-OCT-24 01.06.28.695000 PM
5505.0,Normal user enters the Provvidenza Figli page,07-OCT-24 08.59.22.658000 AM
,Download PDF dalla sezione Cedolini,30-OCT-24 05.25.07.363000 PM
,Dettaglio elenco Cedolini e CU disponibili al download,16-OCT-24 05.39.06.142000 PM
,Dettaglio elenco Cedolini e CU disponibili al download,29-OCT-24 06.00.49.904000 PM
5505.0,Normal user assign new grade for the child while creating a request,07-OCT-24 08.58.28.971000 AM
5505.0,HR/Normal user tries to update the answer,07-OCT-24 08.58.52.822000 AM
6199.0,Normal user enters the Provvidenza Figli page,10-OCT-24 01.17.30.118000 PM
13002224.0,Verifica possibilità di accesso a fondo pensione per Scelta Welfare,30-OCT-24 04.13.36.639000 PM
,Dettaglio elenco Cedolini e CU disponibili al download,18-OCT-24 10.17.24.712000 AM
6355.0,Normal / HR user updates the answer,10-OCT-24 03.58.01.142000 PM
,Download PDF dalla sezione Cedolini,17-OCT-24 10.37.55.831000 AM
5361.0,Normal user assign new grade for the child while creating a request,09-OCT-24 01.07.22.288000 PM
6355.0,HR/Normal user tries to update the answer,10-OCT-24 03.56.38.610000 PM
,Download PDF dalla sezione Cedolini,25-OCT-24 03.48.00.208000 PM
13002865.0,Recupero dettagli utente per Scelta orario di lavoro,07-OCT-24 08.52.18.586000 AM
6282.0,Normal user tries to create new Provvidenza request for a child,07-OCT-24 12.11.06.635000 PM
,Dettaglio elenco Cedolini e CU disponibili al download,16-OCT-24 12.59.30.173000 PM
,Dettaglio elenco Cedolini e CU disponibili al download,25-OCT-24 03.46.32.907000 PM
10871.0,Normal user tries to create new Provvidenza request for a child,03-OCT-24 06.18.59.159000 PM
,Download PDF dalla sezione Cedolini,07-OCT-24 11.35.36.440000 AM
5664.0,Recupero dettagli utente per invio adesione Fondo Nazionale,07-OCT-24 11.36.53.581000 AM
7653.0,Dettaglio elenco Cedolini e CU disponibili al download,28-OCT-24 03.31.52.110000 PM
6905.0,HR/Normal user tries to update the answer,07-OCT-24 08.51.43.406000 AM
13002986.0,Recupero dettagliutente per Scelta Welfare,29-OCT-24 05.30.29.761000 PM
8077.0,HR/Normal user tries to update the answer,07-OCT-24 09.08.02.800000 AM
,Download PDF dalla sezione Cedolini,17-OCT-24 10.37.56.580000 AM
,Dettaglio elenco Cedolini e CU disponibili al download,29-OCT-24 10.09.42.905000 AM
,Dettaglio elenco Cedolini e CU disponibili al download,30-OCT-24 04.23.16.703000 PM
,Download PDF dalla sezione Cedolini,07-OCT-24 08.20.31.340000 AM
8226.0,HR/Normal user tries to update the answer,07-OCT-24 09.02.02.727000 AM
16671.0,Download PDF dalla sezione Cedolini,25-OCT-24 04.46.34.799000 PM
6868.0,Dettaglio elenco Cedolini e CU disponibili al download,29-OCT-24 08.59.52.553000 AM
6331.0,Normal user enters the Provvidenza Figli page,07-OCT-24 12.26.44.239000 PM
6331.0,HR/Normal user tries to update the answer,07-OCT-24 12.26.03.031000 PM
5555.0,HR/Normal user tries to update the answer,07-OCT-24 12.27.44.442000 PM
5262.0,Dettaglio elenco Cedolini e CU disponibili al download,29-OCT-24 08.37.44.315000 AM
,Dettaglio elenco Cedolini e CU disponibili al download,07-OCT-24 12.55.36.264000 PM
5757.0,HR/Normal user tries to update the answer,07-OCT-24 12.54.54.294000 PM
6895.0,Dettaglio elenco Cedolini e CU disponibili al download,08-OCT-24 11.35.19.040000 AM
5945.0,Normal user update grade for a child,07-OCT-24 12.51.51.036000 PM
,Download PDF dalla sezione Cedolini,07-OCT-24 11.35.38.496000 AM
,Download PDF dalla sezione Cedolini,03-OCT-24 06.18.11.651000 PM
7703.0,Normal user enters the Provvidenza Figli page,04-OCT-24 12.43.28.573000 PM
6940.0,HR/Normal user tries to update the answer,08-OCT-24 12.02.56.584000 PM
7792.0,Normal user tries to create new Provvidenza request for a child,07-OCT-24 11.52.54.410000 AM
,Dettaglio elenco Cedolini e CU disponibili al download,08-OCT-24 11.35.37.505000 AM
,Dettaglio elenco Cedolini e CU disponibili al download,30-OCT-24 04.59.06.574000 PM
7110.0,Verifica possibilità di accesso a fondo pensione per Scelta Welfare,29-OCT-24 09.15.09.270000 AM
,Download PDF dalla sezione Cedolini,22-OCT-24 04.52.04.045000 PM
6352.0,HR/Normal user tries to update the answer,04-OCT-24 01.13.33.430000 PM
7216.0,Normal user enters the Provvidenza Figli page,07-OCT-24 11.50.23.168000 AM
5581.0,HR/Normal user tries to update the answer,07-OCT-24 08.46.51.039000 AM
,Dettaglio elenco Cedolini e CU disponibili al download,25-OCT-24 06.02.05.133000 PM
,Dettaglio elenco Cedolini e CU disponibili al download,29-OCT-24 10.08.05.274000 AM
5607.0,Normal user enters the Provvidenza Figli page,07-OCT-24 12.08.42.678000 PM
7313.0,HR/Normal user tries to update the answer,07-OCT-24 11.59.05.135000 AM
6979.0,HR/Normal user tries to update the answer,07-OCT-24 12.54.56.029000 PM
7684.0,Normal user tries to create new Provvidenza request for a child,21-OCT-24 08.57.12.882000 AM
13002935.0,Normal user assign new grade for the child while creating a request,04-OCT-24 01.54.26.677000 PM
7377.0,HR/Normal user tries to update the answer,05-OCT-24 04.13.41.874000 PM
13000881.0,HR/Normal user tries to update the answer,04-OCT-24 01.53.34.664000 PM
16467.0,Download PDF dalla sezione Cedolini,25-OCT-24 09.51.08.793000 AM
9405.0,Normal user enters the Provvidenza Figli page,07-OCT-24 12.19.28.361000 PM
,Download PDF dalla sezione Cedolini,25-OCT-24 10.04.27.971000 AM
,Lettura e accettazione dell'accordo di smartworking,29-OCT-24 08.56.24.699000 AM
7313.0,Normal user enters the Provvidenza Figli page,07-OCT-24 12.03.22.463000 PM
7611.0,HR/Normal user tries to update the answer,04-OCT-24 01.50.36.602000 PM
10871.0,HR/Normal user tries to update the answer,03-OCT-24 06.19.21.450000 PM
6771.0,HR/Normal user tries to update the answer,07-OCT-24 12.42.07.068000 PM
,Download PDF dalla sezione Cedolini,25-OCT-24 04.59.42.114000 PM
,Dettaglio elenco Cedolini e CU disponibili al download,25-OCT-24 10.06.57.407000 AM
13002978.0,Normal / HR user updates the answer,28-OCT-24 03.22.37.319000 PM
,Dettaglio elenco Cedolini e CU disponibili al download,25-OCT-24 10.58.32.237000 AM
6374.0,HR/Normal user tries to update the answer,08-OCT-24 11.35.01.778000 AM
,Download PDF dalla sezione Cedolini,28-OCT-24 03.22.08.652000 PM
,Dettaglio elenco Cedolini e CU disponibili al download,25-OCT-24 05.57.58.973000 PM
6076.0,Download PDF dalla sezione Cedolini,02-OCT-24 09.15.14.268000 AM
,Download PDF dalla sezione Cedolini,27-OCT-24 08.47.22.698000 PM
,Download PDF dalla sezione Cedolini,25-OCT-24 10.01.22.055000 AM
,Dettaglio elenco Cedolini e CU disponibili al download,25-OCT-24 09.58.27.317000 AM
13002935.0,HR/Normal user tries to update the answer,04-OCT-24 01.54.44.060000 PM
,Dettaglio elenco Cedolini e CU disponibili al download,25-OCT-24 09.55.37.880000 AM
7313.0,Normal user enters the Provvidenza Figli page,07-OCT-24 11.58.49.339000 AM
5809.0,HR/Normal user tries to update the answer,14-OCT-24 09.01.53.398000 AM
,Download PDF dalla sezione Cedolini,23-OCT-24 10.33.22.477000 AM
,Download PDF dalla sezione Cedolini,25-OCT-24 10.44.57.971000 AM
,Dettaglio elenco Cedolini e CU disponibili al download,23-OCT-24 10.32.08.105000 AM
16467.0,Dettaglio elenco Cedolini e CU disponibili al download,25-OCT-24 09.51.05.718000 AM
6159.0,Verifica possibilità di accesso a fondo pensione per Scelta Welfare,23-OCT-24 10.48.54.713000 AM
,Download PDF dalla sezione Cedolini,23-OCT-24 10.33.01.179000 AM
7751.0,Verifica possibilità di accesso a fondo pensione per Scelta Welfare,25-OCT-24 10.57.22.296000 AM
,Download PDF dalla sezione Cedolini,23-OCT-24 10.32.33.496000 AM
,Download PDF dalla sezione Cedolini,25-OCT-24 12.49.04.991000 PM
8088.0,HR/Normal user tries to update the answer,25-OCT-24 10.23.00.818000 AM
,Dettaglio elenco Cedolini e CU disponibili al download,25-OCT-24 05.01.27.946000 PM
,Dettaglio elenco Cedolini e CU disponibili al download,23-OCT-24 10.31.50.570000 AM
,Dettaglio elenco Cedolini e CU disponibili al download,25-OCT-24 06.00.51.288000 PM
,Dettaglio elenco Cedolini e CU disponibili al download,25-OCT-24 11.08.17.167000 AM
13002986.0,Recupero dettagliutente per Scelta Welfare,25-OCT-24 11.07.04.478000 AM
5577.0,HR/Normal user tries to update the answer,04-OCT-24 12.57.36.582000 PM
,Download PDF dalla sezione Cedolini,25-OCT-24 01.50.19.723000 PM
7325.0,HR/Normal user tries to update the answer,04-OCT-24 01.03.37.986000 PM
,Download PDF dalla sezione Cedolini,23-OCT-24 10.32.30.076000 AM
,Download PDF dalla sezione Cedolini,23-OCT-24 10.32.59.612000 AM
,Download PDF dalla sezione Cedolini,23-OCT-24 10.36.31.771000 AM
18431.0,Dettaglio elenco Cedolini e CU disponibili al download,25-OCT-24 01.07.09.864000 PM
,Download PDF dalla sezione Cedolini,17-OCT-24 03.03.25.837000 PM
5592.0,HR/Normal user tries to update the answer,17-OCT-24 03.26.18.003000 PM
,Download PDF dalla sezione Cedolini,25-OCT-24 10.19.48.449000 AM
,Dettaglio elenco Cedolini e CU disponibili al download,25-OCT-24 10.58.20.354000 AM
,Download PDF dalla sezione Cedolini,25-OCT-24 01.55.51.877000 PM
,Dettaglio elenco Cedolini e CU disponibili al download,25-OCT-24 01.14.01.825000 PM
,Download PDF dalla sezione Cedolini,25-OCT-24 01.55.15.236000 PM
,Download PDF dalla sezione Cedolini,25-OCT-24 01.54.55.648000 PM
13002445.0,Recupero dettagliutente per Scelta Welfare,02-OCT-24 09.54.14.957000 AM
7606.0,HR tried to update grade,03-OCT-24 01.27.12.826000 PM
,Download PDF dalla sezione Cedolini,25-OCT-24 09.55.41.661000 AM
8245.0,HR/Normal user tries to update the answer,07-OCT-24 10.47.04.997000 AM
7530.0,HR/Normal user tries to update the answer,07-OCT-24 11.12.04.024000 AM
7216.0,HR/Normal user tries to update the answer,07-OCT-24 11.44.27.506000 AM
13002986.0,Verifica possibilità di accesso a fondo pensione per Scelta Welfare,22-OCT-24 07.50.24.614000 PM
,Download PDF dalla sezione Cedolini,02-OCT-24 10.09.50.366000 AM
5828.0,HR/Normal user tries to update the answer,07-OCT-24 10.50.43.041000 AM
5678.0,HR/Normal user tries to update the answer,07-OCT-24 10.39.49.108000 AM
5592.0,HR/Normal user tries to update the answer,17-OCT-24 03.27.50.303000 PM
6749.0,Normal user enters the Provvidenza Figli page,07-OCT-24 11.31.50.114000 AM
13002165.0,Recupero dettagli utente per Scelta orario di lavoro,03-OCT-24 09.24.19.072000 AM
7636.0,HR/Normal user tries to update the answer,03-OCT-24 01.22.55.577000 PM
,Download PDF dalla sezione Cedolini,25-OCT-24 12.03.37.296000 PM
7595.0,HR/Normal user tries to update the answer,03-OCT-24 02.14.54.744000 PM
,Dettaglio elenco Cedolini e CU disponibili al download,03-OCT-24 09.25.35.417000 AM
8116.0,HR/Normal user tries to update the answer,03-OCT-24 01.31.05.884000 PM
13001175.0,Normal / HR user updates the answer,03-OCT-24 01.31.01.117000 PM
7160.0,Recupero dettagliutente per Scelta Welfare,07-OCT-24 11.29.27.165000 AM
6382.0,HR/Normal user tries to update the answer,03-OCT-24 01.23.04.034000 PM
7836.0,HR/Normal user tries to update the answer,03-OCT-24 01.23.56.086000 PM
5755.0,Normal user tries to create new Provvidenza request for a child,03-OCT-24 01.28.10.905000 PM
13001175.0,Normal user tries to create new Provvidenza request for a child,03-OCT-24 01.30.40.476000 PM
6764.0,Normal user tries to create new Provvidenza request for a child,03-OCT-24 01.22.39.623000 PM
6952.0,HR/Normal user tries to update the answer,03-OCT-24 02.06.55.392000 PM
9407.0,HR/Normal user tries to update the answer,03-OCT-24 01.36.28.499000 PM
13001862.0,HR/Normal user tries to update the answer,03-OCT-24 01.36.03.373000 PM
7876.0,Normal / HR user updates the answer,03-OCT-24 01.49.49.991000 PM
9846.0,Normal user tries to create new Provvidenza request for a child,03-OCT-24 02.26.17.835000 PM
9407.0,Normal user assign new grade for the child while creating a request,03-OCT-24 01.36.01.104000 PM
7047.0,Normal user tries to create new Provvidenza request for a child,03-OCT-24 01.28.19.946000 PM
9407.0,HR/Normal user tries to update the answer,03-OCT-24 01.36.06.544000 PM
5527.0,HR/Normal user tries to update the answer,08-OCT-24 10.08.31.784000 AM
6815.0,HR/Normal user tries to update the answer,03-OCT-24 02.27.03.132000 PM
13002165.0,Verifica possibilità di accesso a fondo pensione per Scelta Welfare,03-OCT-24 09.23.51.496000 AM
7237.0,HR/Normal user tries to update the answer,03-OCT-24 01.46.58.849000 PM
16805.0,Normal user tries to create new Provvidenza request for a child,03-OCT-24 01.36.27.415000 PM
13002733.0,HR/Normal user tries to update the answer,03-OCT-24 02.31.18.327000 PM
,Dettaglio elenco Cedolini e CU disponibili al download,25-OCT-24 11.01.58.255000 AM
7751.0,Recupero dettagliutente per Scelta Welfare,25-OCT-24 10.57.21.741000 AM
13002986.0,Verifica possibilità di accesso a fondo pensione per Scelta Welfare,25-OCT-24 11.04.46.825000 AM
5689.0,Normal / HR user updates the answer,03-OCT-24 02.15.30.760000 PM
8091.0,Normal user enters the Provvidenza Figli page,03-OCT-24 02.31.20.247000 PM
,Download PDF dalla sezione Cedolini,25-OCT-24 10.49.44.928000 AM
6881.0,HR/Normal user tries to update the answer,03-OCT-24 01.56.14.795000 PM
5768.0,HR/Normal user tries to update the answer,04-OCT-24 10.02.44.234000 AM
6363.0,HR/Normal user tries to update the answer,04-OCT-24 10.40.42.943000 AM
,Dettaglio elenco Cedolini e CU disponibili al download,25-OCT-24 11.10.45.154000 AM
7675.0,Normal user update grade for a child,03-OCT-24 02.02.54.019000 PM
,Dettaglio elenco Cedolini e CU disponibili al download,25-OCT-24 10.59.14.781000 AM
14647.0,Normal user assign new grade for the child while creating a request,04-OCT-24 10.17.33.919000 AM
8622.0,Normal user enters the Provvidenza Figli page,04-OCT-24 10.21.11.503000 AM
8622.0,HR/Normal user tries to update the answer,04-OCT-24 10.19.33.755000 AM
7675.0,Normal user enters the Provvidenza Figli page,03-OCT-24 02.01.07.234000 PM
6970.0,Normal user enters the Provvidenza Figli page,03-OCT-24 02.22.06.263000 PM
,Dettaglio elenco Cedolini e CU disponibili al download,25-OCT-24 11.16.32.135000 AM
,Download PDF dalla sezione Cedolini,25-OCT-24 11.33.05.834000 AM
5545.0,HR/Normal user tries to update the answer,04-OCT-24 10.24.19.423000 AM
5238.0,Normal user enters the Provvidenza Figli page,04-OCT-24 10.10.12.467000 AM
5238.0,Normal user tries to create new Provvidenza request for a child,04-OCT-24 10.10.17.829000 AM
7810.0,Normal user tries to create new Provvidenza request for a child,04-OCT-24 10.16.56.601000 AM
6049.0,Normal user tries to create new Provvidenza request for a child,04-OCT-24 10.55.00.104000 AM
14647.0,Normal user tries to create new Provvidenza request for a child,04-OCT-24 10.17.33.803000 AM
8062.0,HR/Normal user tries to update the answer,04-OCT-24 10.15.06.472000 AM
7468.0,HR/Normal user tries to update the answer,04-OCT-24 10.30.04.877000 AM
7234.0,Normal user enters the Provvidenza Figli page,04-OCT-24 10.34.08.382000 AM
5354.0,HR/Normal user tries to update the answer,04-OCT-24 11.01.55.833000 AM
5354.0,Normal user enters the Provvidenza Figli page,04-OCT-24 11.04.41.079000 AM
13002408.0,Recupero dettagli utente per Scelta orario di lavoro,23-OCT-24 09.23.04.686000 AM
5843.0,HR/Normal user tries to update the answer,08-OCT-24 03.02.13.819000 PM
8438.0,HR tried to update grade,05-OCT-24 07.33.20.964000 PM
5906.0,Normal user enters the Provvidenza Figli page,04-OCT-24 10.27.13.909000 AM
7175.0,Verifica possibilità di accesso a fondo pensione per Scelta Welfare,04-OCT-24 11.17.28.768000 AM
7107.0,HR/Normal user tries to update the answer,04-OCT-24 11.03.09.245000 AM
,Dettaglio elenco Cedolini e CU disponibili al download,08-OCT-24 11.34.40.211000 AM
5899.0,HR tried to update grade,14-OCT-24 02.13.21.016000 PM
7142.0,Normal user enters the Provvidenza Figli page,08-OCT-24 08.50.33.704000 PM
,Dettaglio elenco Cedolini e CU disponibili al download,24-OCT-24 05.06.44.159000 PM
13002733.0,Normal user enters the Provvidenza Figli page,02-OCT-24 09.06.34.958000 AM
13002949.0,Verifica possibilità di accesso a fondo pensione per Scelta Welfare,07-OCT-24 04.51.14.357000 PM
,Accesso alle funzionalità BackOffice di Cedolini e CU per dettaglio PDF caricati per società,24-OCT-24 04.58.52.532000 PM
,Download PDF dalla sezione Cedolini,11-OCT-24 12.33.18.120000 PM
,Download PDF dalla sezione Cedolini,02-OCT-24 10.07.10.718000 AM
6085.0,HR/Normal user tries to update the answer,04-OCT-24 08.09.46.439000 AM
5556.0,Download PDF dalla sezione Cedolini,28-OCT-24 09.14.55.064000 AM
,Dettaglio elenco Cedolini e CU disponibili al download,04-OCT-24 08.28.43.286000 AM
,Download PDF dalla sezione Cedolini,25-OCT-24 09.24.53.538000 AM
,Download PDF dalla sezione Cedolini,25-OCT-24 09.01.33.891000 AM
13002672.0,Recupero dettagli utente per Scelta orario di lavoro,01-OCT-24 11.45.46.741000 AM
6180.0,Normal user tries to create new Provvidenza request for a child,04-OCT-24 08.56.56.820000 AM
,Download PDF dalla sezione Cedolini,25-OCT-24 09.03.27.689000 AM
5299.0,HR/Normal user tries to update the answer,04-OCT-24 08.41.49.031000 AM
5803.0,HR/Normal user tries to update the answer,04-OCT-24 08.56.43.135000 AM
5552.0,HR/Normal user tries to update the answer,21-OCT-24 10.02.14.060000 AM
,Dettaglio elenco Cedolini e CU disponibili al download,16-OCT-24 09.17.34.227000 AM
9061.0,Normal user enters the Provvidenza Figli page,04-OCT-24 08.21.37.757000 AM
,Dettaglio elenco Cedolini e CU disponibili al download,25-OCT-24 08.52.11.272000 AM
6677.0,HR/Normal user tries to update the answer,04-OCT-24 09.07.48.557000 AM
15690.0,HR/Normal user tries to update the answer,04-OCT-24 09.47.52.025000 AM
9685.0,Verifica possibilità di accesso a fondo pensione per Scelta Welfare,31-OCT-24 12.43.38.548000 PM
5199.0,Normal user enters the Provvidenza Figli page,16-OCT-24 04.38.46.938000 PM
13002562.0,Recupero dettagliutente per Scelta Welfare,16-OCT-24 04.52.34.960000 PM
6632.0,HR/Normal user tries to update the answer,10-OCT-24 05.49.10.661000 PM
5946.0,Normal user enters the Provvidenza Figli page,16-OCT-24 05.32.46.152000 PM
8131.0,Lettura e accettazione dell'accordo di smartworking,07-OCT-24 04.32.09.617000 PM
9093.0,Normal user tries to create new Provvidenza request for a child,04-OCT-24 09.33.27.713000 AM
7231.0,HR/Normal user tries to update the answer,08-OCT-24 09.20.11.649000 AM
7616.0,HR/Normal user tries to update the answer,04-OCT-24 02.20.04.509000 PM
8454.0,HR/Normal user tries to update the answer,04-OCT-24 07.39.43.967000 AM
15319.0,HR/Normal user tries to update the answer,04-OCT-24 03.15.35.057000 PM
15319.0,Normal user enters the Provvidenza Figli page,04-OCT-24 03.17.31.109000 PM
6525.0,HR/Normal user tries to update the answer,07-OCT-24 09.42.02.825000 AM
13001231.0,Normal user enters the Provvidenza Figli page,03-OCT-24 01.40.36.880000 PM
7628.0,Normal / HR user updates the answer,07-OCT-24 09.05.52.730000 AM
6578.0,HR/Normal user tries to update the answer,03-OCT-24 02.10.04.103000 PM
5429.0,HR/Normal user tries to update the answer,03-OCT-24 02.23.56.123000 PM
5651.0,HR/Normal user tries to update the answer,03-OCT-24 02.47.09.966000 PM
18291.0,Download PDF dalla sezione Cedolini,04-OCT-24 09.23.41.523000 AM
6154.0,HR/Normal user tries to update the answer,03-OCT-24 02.33.55.476000 PM
5404.0,Recupero dettagliutente per Scelta Welfare,03-OCT-24 02.45.38.540000 PM
7262.0,Normal user enters the Provvidenza Figli page,04-OCT-24 02.40.00.360000 PM
6578.0,HR/Normal user tries to update the answer,03-OCT-24 02.13.09.978000 PM
6595.0,HR/Normal user tries to update the answer,04-OCT-24 09.14.10.687000 AM
5725.0,HR/Normal user tries to update the answer,03-OCT-24 02.00.52.360000 PM
5619.0,Normal user enters the Provvidenza Figli page,03-OCT-24 02.24.43.674000 PM
6113.0,HR/Normal user tries to update the answer,03-OCT-24 02.24.23.439000 PM
5975.0,HR/Normal user tries to update the answer,03-OCT-24 01.58.11.621000 PM
6422.0,HR/Normal user tries to update the answer,09-OCT-24 04.24.38.090000 PM
6680.0,Normal user enters the Provvidenza Figli page,04-OCT-24 09.51.20.055000 AM
13002169.0,Normal user tries to create new Provvidenza request for a child,04-OCT-24 09.21.27.356000 AM
,Download PDF dalla sezione Cedolini,15-OCT-24 09.45.37.573000 AM
18618.0,Recupero dettagliutente per Scelta Welfare,16-OCT-24 02.12.33.449000 PM
6745.0,HR/Normal user tries to update the answer,03-OCT-24 08.15.58.463000 PM
6598.0,Normal user enters the Provvidenza Figli page,07-OCT-24 10.31.30.319000 AM
6940.0,Normal user enters the Provvidenza Figli page,08-OCT-24 12.02.32.215000 PM
,Download PDF dalla sezione Cedolini,14-OCT-24 02.46.47.770000 PM
16429.0,Recupero dettagliutente per Scelta Welfare,28-OCT-24 12.37.18.324000 PM
13002993.0,Verifica possibilità di accesso a fondo pensione per Scelta Welfare,29-OCT-24 08.56.30.879000 AM
7114.0,Recupero dettagliutente per Scelta Welfare,29-OCT-24 05.12.44.556000 PM
7114.0,Verifica possibilità di accesso a fondo pensione per Scelta Welfare,29-OCT-24 05.16.03.151000 PM
6771.0,Normal user tries to create new Provvidenza request for a child,07-OCT-24 12.41.15.601000 PM
5945.0,Normal user enters the Provvidenza Figli page,07-OCT-24 12.49.01.491000 PM
8449.0,Download PDF dalla sezione Cedolini,04-OCT-24 01.12.15.155000 PM
13002865.0,Recupero dettagli utente per Scelta orario di lavoro,07-OCT-24 08.53.02.446000 AM
13002994.0,Verifica possibilità di accesso a fondo pensione per Scelta Welfare,25-OCT-24 10.21.57.209000 AM
5945.0,Normal user update grade for a child,07-OCT-24 12.49.28.501000 PM
,Download PDF dalla sezione Cedolini,23-OCT-24 10.33.05.559000 AM
5592.0,Normal user assign new grade for the child while creating a request,17-OCT-24 03.27.18.948000 PM
7615.0,Normal user enters the Provvidenza Figli page,07-OCT-24 10.51.03.412000 AM
,Dettaglio elenco Cedolini e CU disponibili al download,15-OCT-24 03.00.53.541000 PM
6363.0,HR/Normal user tries to update the answer,04-OCT-24 10.40.39.444000 AM
5746.0,Normal user assign new grade for the child while creating a request,04-OCT-24 10.15.43.210000 AM
5545.0,Normal user assign new grade for the child while creating a request,04-OCT-24 10.23.21.323000 AM
17917.0,Verifica possibilità di accesso a fondo pensione per Scelta Welfare,03-OCT-24 09.14.59.943000 AM
,Download PDF dalla sezione Cedolini,13-OCT-24 06.17.35.426000 PM
